2.250000000000000056e-01
0.000000000000000000e+00
0.000000000000000000e+00
0.000000000000000000e+00
0.000000000000000000e+00
7.947926749431792892e-01
6.404485762615415023e-01
7.115029515193952436e-01
5.768620592923747736e-01
5.323624718976619485e-01
5.503722214043655914e-01
5.297660677060691548e-01
5.609654975622664352e-01
5.905159099011587642e-01
5.946358627611435521e-01
6.088205915349635955e-01
6.262326357840719560e-01
6.405112111685703491e-01
6.465080967805945100e-01
6.512140821330010265e-01
6.502348889161827517e-01
6.650611911512621655e-01
6.695663815541232911e-01
6.592628708598372578e-01
6.389853301964222299e-01
6.340624157215787315e-01
6.248147616319490449e-01
6.266969749835906711e-01
6.262824718307806737e-01
6.262376807327013628e-01
6.338243808278882785e-01
6.377768218123086585e-01
6.354511476991124841e-01
6.339979426543462804e-01
6.359462245022875493e-01
6.426824089312102029e-01
6.492771599491115042e-01
6.489715445900301471e-01
6.561321501639297837e-01
6.556184179880623075e-01
6.591812592137299420e-01
6.569187035952486209e-01
6.578324062697138430e-01
6.557362807491339263e-01
6.553080481503193999e-01
6.510302773940429555e-01
6.462492963124244483e-01
6.415514963504574952e-01
6.399395344075902159e-01
6.398345423586676572e-01
6.407856471268016385e-01
6.426510057389591690e-01
6.522400153892764507e-01
6.552515054730593258e-01
6.639755732674212929e-01
6.674830986842645864e-01
6.754215874934418329e-01
6.789248046955477234e-01
6.747434139502185291e-01
6.728707817959479476e-01
6.695530283925003046e-01
6.671647264211397754e-01
6.691021836407994305e-01
6.765142878037306851e-01
6.783427653878832952e-01
6.758493585881867327e-01
6.738507505776888395e-01
6.787326146700226603e-01
6.780511113825085090e-01
6.754100633267251519e-01
6.757268404739639189e-01
6.745910188954573616e-01
6.749643607854427518e-01
6.770261439397312619e-01
6.737832070795498618e-01
6.761399517427600925e-01
6.724028787063301982e-01
6.729314279312544889e-01
6.699395157466486728e-01
6.695608201486624722e-01
6.699814736873189736e-01
6.709491046340467779e-01
6.717239995111010664e-01
6.674596582658089972e-01
6.642322083527939514e-01
6.622592047225654976e-01
6.637654060592715899e-01
6.621388022760684722e-01
6.620999020194662243e-01
6.607234626306994763e-01
6.656514801122150882e-01
6.721896462238303727e-01
6.735085754074556785e-01
6.704124592223097423e-01
6.709125740198703669e-01
6.663870110792663448e-01
6.661661355754561198e-01
6.658285332465038175e-01
6.697359883897959776e-01
6.702389035836496811e-01
