2.250000000000000056e-01
0.000000000000000000e+00
2.474156247926615204e-01
7.054597157181938805e-01
8.013040927198651353e-01
8.639696468217054059e-01
7.336848784673828394e-01
7.517612137686662255e-01
8.167583240206759410e-01
8.458252017583429705e-01
8.619937837261353319e-01
8.839718636584710243e-01
9.094792067357874155e-01
9.448103017155472516e-01
9.562664908175557699e-01
9.654328458122747314e-01
9.655740040375564437e-01
9.686634669821040378e-01
9.817564825098099579e-01
9.771595347939211473e-01
9.705111445304374085e-01
9.576529197878452804e-01
9.405509508919945860e-01
9.266506195510140209e-01
9.176773511844164011e-01
9.030466356985237253e-01
9.024577468438520489e-01
8.986128483505033682e-01
8.902189010289597304e-01
8.780018212856932625e-01
8.876094612335325706e-01
8.915476851336668895e-01
9.098865152746350438e-01
9.356947478395271078e-01
9.415831895611879165e-01
9.391945742431183630e-01
9.398678035211737170e-01
9.425111423880985217e-01
9.370134380376756722e-01
9.347395611989155473e-01
9.337633962042591884e-01
9.265423618741984724e-01
9.403959668032495500e-01
9.417843302996504740e-01
9.442893218859463866e-01
9.481302889830128811e-01
9.496377586346478328e-01
9.500546369823310577e-01
9.392648475014759857e-01
9.263859125539057882e-01
9.235108405859788760e-01
9.299264301671740229e-01
9.225968347868506170e-01
9.224333219294184039e-01
9.069930238948606949e-01
8.965480933730868296e-01
8.978380474947040835e-01
9.027839477410078972e-01
9.066730276018682977e-01
9.183244914090351596e-01
9.163666781514201443e-01
9.173202464531353684e-01
9.194194378223802255e-01
9.142346221281687502e-01
9.178833516212649979e-01
9.264836069025125243e-01
9.388152292992989478e-01
9.385547909039383407e-01
9.374537034933114743e-01
9.389748319386793662e-01
9.406892580705714657e-01
9.415487052012920799e-01
9.421199574891729878e-01
9.424640641041577283e-01
9.369432583726767794e-01
9.301943531189657000e-01
9.237830963978440613e-01
9.185973620380459836e-01
9.165795767490636514e-01
8.938841215907098459e-01
9.011592161752729480e-01
9.082907480940355383e-01
9.323767391198070076e-01
9.441168233480309313e-01
9.585392363439122487e-01
9.602518760627534178e-01
9.595959115793307737e-01
9.808618646903694005e-01
9.752846555743779344e-01
9.708585028127533212e-01
9.607132593637269791e-01
9.448680119375544306e-01
9.325269358377014095e-01
9.141752147203164869e-01
9.020241244757505328e-01
8.845341846729973811e-01
8.808657225009656200e-01
8.721271560474128659e-01
8.719965312114648093e-01
8.636649760497255857e-01
