2.250000000000000056e-01
0.000000000000000000e+00
1.379386502533146430e-01
1.379386931174210462e-01
1.836339106125003395e-01
1.844721082820271474e-01
1.784798848128641702e-01
1.821387902170176210e-01
1.813864689469388003e-01
2.023604900308080268e-01
2.052713566389557653e-01
1.953198018536440039e-01
2.059867023324005730e-01
2.291612845817674882e-01
2.374093870486743973e-01
2.364731251977080229e-01
2.500702950606674135e-01
2.644669270721901055e-01
2.717940425309030572e-01
2.954525696502106058e-01
3.010420935811816134e-01
3.044764467261981133e-01
3.142367603626430861e-01
3.450577115898130209e-01
3.504930452502050819e-01
3.715029031455957531e-01
5.637927288830033579e-01
5.846558526996776806e-01
6.021783485927121315e-01
6.078902882691913367e-01
6.281929317246515154e-01
6.564315855538367384e-01
6.760014060567622884e-01
6.716422230929631754e-01
6.910368078052470109e-01
7.226258802544925919e-01
7.459636047881598175e-01
7.581481433952279581e-01
7.541550065230083755e-01
7.478722781797468855e-01
7.341505059045722037e-01
7.419013352411643059e-01
7.514172263449656608e-01
7.424675534943271371e-01
7.332333853308179439e-01
7.252534947904678564e-01
7.146113112346171858e-01
7.078540203338535841e-01
7.216501790940436090e-01
7.211691229935123237e-01
7.169458248196919348e-01
7.093761738623286517e-01
6.992176463636470274e-01
6.890207516004585031e-01
6.751725827046016759e-01
6.650303720541286268e-01
7.036576972064537694e-01
6.938971366315687117e-01
6.820655677551403784e-01
6.751912634110518452e-01
6.624286835114577832e-01
6.495048987838281107e-01
6.361647925939987180e-01
6.240160819310871521e-01
6.157023499753864204e-01
6.506181512635832442e-01
6.768872676799047028e-01
7.095666503058594143e-01
7.039683053543025482e-01
7.030030392000008455e-01
6.980936090937930327e-01
6.892295985614216303e-01
6.579111385560953984e-01
6.363431339219851601e-01
6.153072264917980316e-01
5.956164523324992688e-01
5.665039155177375996e-01
5.592921030028223939e-01
5.477010322149107324e-01
5.266303595698692552e-01
5.183425992682076933e-01
4.960540062371030512e-01
4.642148248351016804e-01
4.810390492356018122e-01
4.843323790209251301e-01
4.783503351302408890e-01
4.743102634691775399e-01
4.740484012016689674e-01
5.124930740303348387e-01
5.835413737570883663e-01
5.865109208989042200e-01
6.015583619001384497e-01
5.975802653114929974e-01
5.996802144925879041e-01
6.113181357224776180e-01
6.337181968309852920e-01
6.393807181509718607e-01
6.474458546748061982e-01
6.464237003605982634e-01
6.411630210626418913e-01
