2.250000000000000056e-01
0.000000000000000000e+00
0.000000000000000000e+00
0.000000000000000000e+00
0.000000000000000000e+00
1.376907076878261860e+00
1.213604685948540762e+00
9.712140218272565795e-01
8.866234075153577310e-01
8.785276992186916711e-01
1.055608658985134563e+00
1.128405034377034433e+00
1.123515761887188935e+00
1.067152788906191585e+00
1.028163343436080179e+00
9.959822543222037750e-01
1.080523281989164142e+00
1.089680472355011975e+00
1.111174304794757761e+00
1.140575254652897552e+00
1.192550326606840239e+00
1.128432276888529540e+00
1.045275758350298290e+00
1.055804577924061682e+00
1.038372955671402531e+00
1.008636369054972004e+00
1.023609047343663869e+00
1.023483323886610563e+00
1.035650399029306667e+00
1.069397748349033117e+00
1.071985634595184145e+00
1.049418865058216799e+00
1.058073078499179642e+00
1.030301209840170040e+00
1.032510797304764250e+00
1.042434110570713557e+00
1.026078568306882710e+00
1.028019946668691453e+00
1.030457454038303799e+00
1.034741911307765827e+00
1.085908363559131340e+00
1.076028418556506328e+00
1.082672725579071349e+00
1.079981557737444309e+00
1.106302714487293004e+00
1.089916911726478643e+00
1.095370234739768023e+00
1.075241195940773720e+00
1.085030976657412216e+00
1.095402108884850456e+00
1.128622266089946091e+00
1.121649458657870913e+00
1.105495623443591979e+00
1.110509520619749946e+00
1.114236179050721809e+00
1.101900345575222984e+00
1.101224964094958736e+00
1.114915134831719890e+00
1.122494200234918749e+00
1.132869884442357700e+00
1.126606411721877032e+00
1.139284459698541863e+00
1.130385443692769831e+00
1.148666894450192766e+00
1.132034027977595558e+00
1.112886946794211740e+00
1.074769125820038251e+00
1.074355426172694417e+00
1.066145579061001047e+00
1.082439071751377879e+00
1.099992807215343094e+00
1.122804515778331291e+00
1.124754731108765560e+00
1.108797228461189777e+00
1.098191087336862992e+00
1.095446619597166160e+00
1.063384610455566870e+00
1.055473090504254863e+00
1.037002663066467267e+00
1.041606156232163016e+00
1.059661448966454644e+00
1.068327627388922618e+00
1.040265336558446219e+00
1.053729308615365401e+00
1.066884191629787981e+00
1.070280782682027532e+00
1.063424191335976321e+00
1.053376138556165520e+00
1.042797955026583123e+00
1.004208614570188951e+00
1.016630596160772004e+00
1.024786423942070535e+00
1.044488369943376238e+00
1.041285831225940317e+00
1.044241668766452191e+00
1.043888917439378616e+00
1.037714396219814761e+00
1.050468246383601478e+00
1.041473595159859711e+00
1.033544374382317610e+00
