2.250000000000000056e-01
0.000000000000000000e+00
0.000000000000000000e+00
0.000000000000000000e+00
2.957527101465702302e-01
3.417610536148197320e-01
3.425235910813509976e-01
5.944561799985066397e-01
5.887464511893953922e-01
5.924169515708443967e-01
5.783274974341524599e-01
5.184456786919015014e-01
5.146951207378660520e-01
5.534186903806920244e-01
5.478932965838376745e-01
5.557474193714802002e-01
5.602813423134491710e-01
5.770163111142418977e-01
5.926498914152972253e-01
5.966676425277737117e-01
6.085802634792492061e-01
6.122707946453244121e-01
6.194949703305600019e-01
6.218042873315019481e-01
6.235081211323790784e-01
6.194338806308565815e-01
6.193208822592786156e-01
6.162045430193108242e-01
6.174265688870713698e-01
6.190253463592207961e-01
6.185032698021786235e-01
6.085083931734482920e-01
6.104080225868933063e-01
6.126898905724358357e-01
6.136711692285288233e-01
6.081700674990252464e-01
5.966820063202240565e-01
5.900327561838627499e-01
5.910724376651115275e-01
5.897913034520704256e-01
5.927950717737338060e-01
5.970853640159963227e-01
5.995115290154762189e-01
6.015068105267424858e-01
5.920009763992871710e-01
5.910125300357990108e-01
5.915679768450520237e-01
5.925259455281524090e-01
5.933637401682744228e-01
5.940040684007510396e-01
5.869406383443767083e-01
5.802084282753905420e-01
5.819242814202199021e-01
5.848928297294095913e-01
5.892837021093815242e-01
5.967831564736605365e-01
6.041450338897008665e-01
6.065806410870885346e-01
6.032492165630432002e-01
5.973169907085225105e-01
5.985971891400454492e-01
5.962767789846514788e-01
5.948722777732365907e-01
5.954068635127841569e-01
5.960772895158227280e-01
5.913330078040306415e-01
5.916765300500543834e-01
5.902828475520590645e-01
5.934757962753134386e-01
5.934128542643782867e-01
5.932174746029389434e-01
5.930192149509175836e-01
5.983772656889614350e-01
6.004355073025000600e-01
5.988366345511182409e-01
5.983010020143938457e-01
5.963397505867141790e-01
5.929698913061991483e-01
5.946201458670504758e-01
5.965308889917474433e-01
5.978570191817209611e-01
5.937973012991070165e-01
5.922200546325571135e-01
5.914683711906657537e-01
5.924467493599614443e-01
5.938794945074883369e-01
5.954355035230194382e-01
5.972167822033428441e-01
5.945840947130932586e-01
5.938795974852214554e-01
5.928158364955544712e-01
5.951311337641790322e-01
5.943423409987490524e-01
5.940086951144457617e-01
5.931790028243500990e-01
5.929594026253237615e-01
5.920022292787783247e-01
5.931904374480813091e-01
5.925213673089742006e-01
5.920266741764727003e-01
