2.250000000000000056e-01
0.000000000000000000e+00
0.000000000000000000e+00
0.000000000000000000e+00
0.000000000000000000e+00
0.000000000000000000e+00
0.000000000000000000e+00
0.000000000000000000e+00
0.000000000000000000e+00
2.754695889586509794e-01
3.396833626178938914e-01
3.432366470273814363e-01
3.575120585669674944e-01
3.857149074143707557e-01
3.975370562333373492e-01
4.166681582820901952e-01
4.395153717705853058e-01
4.664203878193513564e-01
5.284113914815240509e-01
5.428134731444375083e-01
5.534607267687476906e-01
5.747693351210740875e-01
6.094166658781433599e-01
6.469420565196215556e-01
7.081767800796505696e-01
8.095587050911472460e-01
8.116838836070064955e-01
8.238055480861469215e-01
8.687134885220315628e-01
8.586606982878586258e-01
8.343584584591046127e-01
8.190873108489418186e-01
8.022048205197315207e-01
7.808831650567629179e-01
7.752335066913929040e-01
7.681480983999049439e-01
7.908479041570047885e-01
8.299737685162871248e-01
9.122576754649643904e-01
9.876358028498455344e-01
9.970304156842668686e-01
9.981645752340690958e-01
1.008499179137405388e+00
1.008516898040843213e+00
1.028653530040304576e+00
1.036846787934071923e+00
1.044846633504325162e+00
1.036406595005852749e+00
1.065298045282280448e+00
1.051148093605513756e+00
1.039646932391809830e+00
1.053534425829094179e+00
1.044808725447038622e+00
1.034537468454353348e+00
1.021728761834170385e+00
1.003408661918714140e+00
9.914387136246047838e-01
1.014813568906398178e+00
1.022723072411557910e+00
1.045212621851222323e+00
1.065003217877317443e+00
1.064343748413163704e+00
1.091792139980238607e+00
1.094928762099558472e+00
1.088449977326062301e+00
1.078667414714042705e+00
1.072576378624582993e+00
1.088917812615492808e+00
1.112056205798813258e+00
1.114456764398138677e+00
1.110097328129034278e+00
1.111419134435948974e+00
1.118631975534551293e+00
1.114662141409876739e+00
1.102003155764053277e+00
1.093853670457160865e+00
1.089815381572729613e+00
1.101641274548331717e+00
1.102601345127180110e+00
1.081380279425103730e+00
1.070461564438857538e+00
1.087059962924917134e+00
1.082516058048053953e+00
1.067666975224755621e+00
1.044690365857522174e+00
1.023775764480848949e+00
1.004014424777136316e+00
1.009473068134647544e+00
9.828504859024146390e-01
9.483387345119478340e-01
9.257616270274245940e-01
8.919640918146244379e-01
8.655560164567975834e-01
8.319887782054095071e-01
8.303716292035409063e-01
8.564581160866319154e-01
9.170680111810897150e-01
9.321474070251922761e-01
9.508518700715024030e-01
9.490443668308827796e-01
