2.250000000000000056e-01
0.000000000000000000e+00
0.000000000000000000e+00
0.000000000000000000e+00
1.749680851564890283e+00
1.778444847933005057e+00
1.805722200740754735e+00
1.799745698117191539e+00
1.857295457331507693e+00
1.817357070458582413e+00
1.881868939157226306e+00
1.872785259161898086e+00
1.876163067000185203e+00
1.879132539133212765e+00
1.946785911995305707e+00
1.893358802619326875e+00
1.892766184410727082e+00
1.996770120874256538e+00
1.971071578254927958e+00
1.976851735767761742e+00
1.981941892085909096e+00
2.239667654635828065e+00
2.313259227802312523e+00
2.316311236600090862e+00
2.267276471253882431e+00
2.372505952750301628e+00
2.340562804588990353e+00
2.403996544050373441e+00
2.354925727388111234e+00
2.335797271040543244e+00
2.375501487131170375e+00
2.402805961760430709e+00
2.391219238721979057e+00
2.445964294520925009e+00
2.467910172914680622e+00
2.426530668290748594e+00
2.458109896314054410e+00
2.401911919343298063e+00
2.339599862130341101e+00
2.325047727921440988e+00
2.328027919937345480e+00
2.373646239199810104e+00
2.361586135447443002e+00
2.352287294703868881e+00
2.408864199009371543e+00
2.399464330454888827e+00
2.391870380325149537e+00
2.345733100465682064e+00
2.293490241490121484e+00
2.286954998601562039e+00
2.322466665887839010e+00
2.355571367832739238e+00
2.305217721004320097e+00
2.307647852913737196e+00
2.335640195846334422e+00
2.276785410333243220e+00
2.262208411345530745e+00
2.273816408171541514e+00
2.250143457697082461e+00
2.251289843227036513e+00
2.225433251329687057e+00
2.252842996482001148e+00
2.287912254354041774e+00
2.256284223145139656e+00
2.309288512279007222e+00
2.301643910985554875e+00
2.329533805387652201e+00
2.352180806745975072e+00
2.324952020856176027e+00
2.305226713265094318e+00
2.270344417256747960e+00
2.128842786685311683e+00
1.977843713713704377e+00
1.893326642039139918e+00
1.938758755037736092e+00
1.975763867866221268e+00
1.990607912218621989e+00
2.003201507816601445e+00
2.035939365271248302e+00
2.075699051173473642e+00
2.108052575661679917e+00
2.127067913789011833e+00
2.081066738983466724e+00
2.087952313541482141e+00
2.113215413490966643e+00
2.123960345261389548e+00
2.155621523435661491e+00
2.184854110515938252e+00
2.273010903207191014e+00
2.270226747516388421e+00
2.259459098918879416e+00
2.242343813785942164e+00
2.237717730348309786e+00
2.277780847385006080e+00
2.300269068553808971e+00
2.305432074429579981e+00
2.325965113041853272e+00
2.316323688558847849e+00
2.264935346455877241e+00
2.208762819279087797e+00
