2.250000000000000056e-01
0.000000000000000000e+00
0.000000000000000000e+00
2.670197992185135427e-01
4.421756435362423354e-01
6.055456651741759622e-01
9.894278936458179574e-01
1.135618880700254296e+00
1.173699871544816808e+00
1.208131281771206655e+00
1.248466327315096880e+00
1.372479065012079280e+00
1.391376908282821789e+00
1.447834983876918669e+00
1.464610185585610180e+00
1.468763994129016259e+00
1.465292146833832465e+00
1.460425559596312262e+00
1.451218942668101253e+00
1.431267950031673397e+00
1.364699054997237981e+00
1.298193424866225465e+00
1.302697673744080520e+00
1.350998681920561717e+00
1.344467339357150237e+00
1.343036578317313046e+00
1.352705537277043568e+00
1.422398994305509090e+00
1.435468358202920847e+00
1.450208362722186006e+00
1.445021214744589777e+00
1.420579370425858468e+00
1.409344693575822260e+00
1.398908716654673201e+00
1.387766514836847653e+00
1.415227838103671809e+00
1.433757792707571532e+00
1.445657255216620696e+00
1.460818276847640984e+00
1.472881976822106864e+00
1.469232332660525442e+00
1.460780461937958075e+00
1.445877280949168231e+00
1.362981662942202243e+00
1.306480357283550608e+00
1.299701219149176135e+00
1.280036906875124725e+00
1.354450571805511094e+00
1.316185194840030270e+00
1.355342982373038296e+00
1.330574296191139316e+00
1.277138069487700811e+00
1.244052283473196407e+00
1.265918224632221589e+00
1.285491947935853307e+00
1.277025192188274483e+00
1.290487716772483084e+00
1.298996348586295646e+00
1.305577906537564115e+00
1.335200650518477916e+00
1.332638989975165833e+00
1.317154189869834680e+00
1.329520014223094737e+00
1.332724932626975889e+00
1.319204229136759388e+00
1.324975839642378528e+00
1.323128577627363134e+00
1.315109669408534465e+00
1.290145294086840089e+00
1.282126460223102393e+00
1.299749931635249878e+00
1.300567767397045937e+00
1.309311623436966165e+00
1.308500129737661277e+00
1.295086110624566578e+00
1.295945041451369351e+00
1.284276095426940101e+00
1.284701095792805337e+00
1.289520973931094883e+00
1.279374167569890863e+00
1.288694289267280801e+00
1.296609131638088108e+00
1.312447274691703525e+00
1.312206113208231661e+00
1.300867588121049412e+00
1.283595469331653138e+00
1.276535204336455509e+00
1.246214592598090087e+00
1.244176833523928050e+00
1.233458371648872509e+00
1.252626376408386033e+00
1.251369132997520284e+00
1.274997206280940043e+00
1.284199206639661917e+00
1.290566654321283036e+00
1.299574472128028901e+00
1.307074585791869081e+00
1.317274055125531973e+00
1.311037704256377445e+00
1.281506533199012976e+00
