2.250000000000000056e-01
0.000000000000000000e+00
0.000000000000000000e+00
0.000000000000000000e+00
0.000000000000000000e+00
0.000000000000000000e+00
2.469159652579010211e-01
2.464016986476585402e-01
2.259957737218620533e-01
2.091253042175384991e-01
2.023919611036040234e-01
2.684776581076794288e-01
2.783120640312139460e-01
2.641411277088147047e-01
2.544764797100705356e-01
2.381052814201582435e-01
2.473723835556649320e-01
2.888978928411807257e-01
3.049629965137582999e-01
2.906487775018565256e-01
2.885169237895885974e-01
3.123368245031508672e-01
3.383262013890824260e-01
3.559580081638988314e-01
3.601660135294491583e-01
3.860920918675754820e-01
4.068038623623212446e-01
4.152867989478156718e-01
4.503522409085495837e-01
4.784846087309051477e-01
4.646135464397537773e-01
4.558606246422881036e-01
4.441451449927659167e-01
4.989958910494853850e-01
4.636536606218202294e-01
4.585238446861196748e-01
4.640490903706199211e-01
4.919283482168357868e-01
5.201395756614966004e-01
5.117405912105094101e-01
5.223533465809342413e-01
5.338889839125388059e-01
5.772481580785464583e-01
6.027417983622336273e-01
6.357430962085020010e-01
6.523836801313366296e-01
8.071401508255233725e-01
8.655929305701872689e-01
8.813051543805693333e-01
9.879533025618225661e-01
1.074769223767858106e+00
1.371943487115033555e+00
1.515888031237355049e+00
1.585522227300631304e+00
1.581653012156978955e+00
1.547067202164225108e+00
1.533084092613375971e+00
1.517143980587299490e+00
1.492361455731338937e+00
1.470477991015155972e+00
1.484190482006275680e+00
1.464658605652213064e+00
1.460795193370775902e+00
1.526394402653159732e+00
1.543484533744725162e+00
1.556627653281786205e+00
1.549710198833667452e+00
1.528230149858176512e+00
1.512144913049531469e+00
1.497621837094702757e+00
1.501685843695574452e+00
1.472460390755812254e+00
1.484383817669299610e+00
1.472643106648554356e+00
1.501634488494929753e+00
1.505180030453677764e+00
1.511199374687319574e+00
1.514630229946757556e+00
1.530110888399506264e+00
1.552476249655364349e+00
1.591047648662815783e+00
1.609228732659707894e+00
1.619137489233993144e+00
1.617948663977053947e+00
1.615188641314196261e+00
1.590188404860062299e+00
1.581441344197886290e+00
1.553962178302348063e+00
1.536693446149851594e+00
1.517679696846777615e+00
1.504568249566245131e+00
1.496681368240565302e+00
1.500558527066483849e+00
1.530707490364253909e+00
1.540964315472767021e+00
1.542358344645680779e+00
1.542629018957310638e+00
1.532463138439164485e+00
1.533712847824252767e+00
1.526335438465141969e+00
