2.250000000000000056e-01
0.000000000000000000e+00
0.000000000000000000e+00
0.000000000000000000e+00
9.504561892572838122e-02
9.504561892572838122e-02
9.504561892572838122e-02
2.754001805429679983e-01
2.797211846621942555e-01
2.273868439510695338e-01
3.062091079727674026e-01
3.090461032489367765e-01
3.115563809826725761e-01
4.091116118448669958e-01
3.895339880258361642e-01
3.710618746550590763e-01
4.376435629609915501e-01
4.424068488398314458e-01
8.755484343208600473e-01
9.035206265464552633e-01
8.967724882789942509e-01
8.726504417733116359e-01
8.820267229447248392e-01
8.753458931060681403e-01
8.294186659946386486e-01
8.003222769235219802e-01
8.293766500225330240e-01
8.324558544359277334e-01
8.337056194418237531e-01
8.686155543718933059e-01
8.794840238807289934e-01
8.824540742575193164e-01
8.809055987217790928e-01
8.696735288539857445e-01
8.706115245523891044e-01
8.698418749056086030e-01
8.686828788551466118e-01
8.774149395153825193e-01
8.875019100370002967e-01
8.910232453622904947e-01
8.871033522050140174e-01
8.877860992663521023e-01
8.771043572210064365e-01
8.723060910339421881e-01
8.509544155532327014e-01
8.485377061067481685e-01
8.331794899268395449e-01
7.965124042036952901e-01
7.743429068756074729e-01
7.510448288279610862e-01
7.280093742327879980e-01
7.371948373536514332e-01
7.307218714633495482e-01
7.300918373947598017e-01
7.268330724866498560e-01
7.230432824682252457e-01
7.210134368935967597e-01
7.156263581647093197e-01
7.150532149466147791e-01
7.168819623753537318e-01
7.061912108985209935e-01
7.233187093914600352e-01
7.232357492145327083e-01
7.153543751852498023e-01
7.370085195729586536e-01
7.399986280633906732e-01
7.386178679729615837e-01
7.420056498876755890e-01
7.428882980372036871e-01
7.475398375784491067e-01
7.494667134251326024e-01
7.472010267157825902e-01
7.493700535381865313e-01
7.461146457754798123e-01
7.447589047850867727e-01
7.615746023951018850e-01
7.749238039088653940e-01
7.818873764472056287e-01
7.846373105491050159e-01
7.940638528563417342e-01
8.054311710311166106e-01
8.028658229768076415e-01
8.012256411814456802e-01
8.024729210941137225e-01
7.974537092492242074e-01
7.966983023119094121e-01
7.848995177758705255e-01
7.868653622994519203e-01
7.813989823596109163e-01
7.781182548570594326e-01
7.822094292996375486e-01
7.746327036787027387e-01
7.657986592277197246e-01
7.608520085661490961e-01
7.550262337133298862e-01
7.539456165035995916e-01
7.485395293332051114e-01
7.521915561087131330e-01
7.445130414353980930e-01
7.423643319049244571e-01
