2.250000000000000056e-01
0.000000000000000000e+00
0.000000000000000000e+00
0.000000000000000000e+00
0.000000000000000000e+00
0.000000000000000000e+00
0.000000000000000000e+00
0.000000000000000000e+00
0.000000000000000000e+00
0.000000000000000000e+00
0.000000000000000000e+00
0.000000000000000000e+00
0.000000000000000000e+00
0.000000000000000000e+00
0.000000000000000000e+00
0.000000000000000000e+00
0.000000000000000000e+00
0.000000000000000000e+00
0.000000000000000000e+00
0.000000000000000000e+00
0.000000000000000000e+00
0.000000000000000000e+00
0.000000000000000000e+00
0.000000000000000000e+00
0.000000000000000000e+00
0.000000000000000000e+00
4.048080519211899597e-01
4.003788163369103037e-01
4.154324551660935616e-01
4.096822467590638395e-01
4.789434889405598250e-01
7.057584894906988593e-01
1.061176429823817102e+00
1.126413777954806683e+00
1.320666992832476350e+00
1.382446586489335383e+00
1.470442450025027492e+00
1.463753758703079333e+00
1.457754171387987796e+00
1.448929131404581794e+00
1.421058710468068753e+00
1.377179509396946555e+00
1.406551121081345057e+00
1.398551851677444446e+00
1.412824165219377814e+00
1.414352624072122921e+00
1.486865340804395696e+00
1.512567223997355548e+00
1.534825009134461071e+00
1.529833573482206832e+00
1.523209515060240937e+00
1.479571534115227571e+00
1.469300165468050867e+00
1.430413662045046275e+00
1.419187417309251797e+00
1.418415700131741231e+00
1.438933037859955855e+00
1.438405526300987392e+00
1.452441288191478108e+00
1.468121844830432732e+00
1.471015920459078474e+00
1.452854436197293486e+00
1.434300784366647319e+00
1.415807827183362289e+00
1.398706679904510919e+00
1.396778624902126342e+00
1.403538723076948935e+00
1.392812819357057474e+00
1.379024162050710212e+00
1.368577111273757918e+00
1.351670391299928609e+00
1.342721708564619254e+00
1.317132638296299563e+00
1.297366901538429262e+00
1.290090482658629911e+00
1.257007727257499985e+00
1.215548957201814328e+00
1.219572115167024018e+00
1.204217221516514558e+00
1.202320255079333489e+00
1.171462159712732376e+00
1.165506161932219564e+00
1.151384258841137154e+00
1.148596140245232045e+00
1.133700335504089551e+00
1.128295603863471275e+00
1.114485566112003001e+00
1.145525139608591481e+00
1.149840610559361487e+00
1.176547469279853431e+00
1.201989713836780771e+00
1.235565720175178628e+00
1.254419672811425190e+00
1.266317518412218845e+00
1.286173115433077330e+00
1.317483318757820321e+00
1.318117786068571551e+00
1.355341097724520827e+00
1.363735476286343395e+00
1.373308221387979922e+00
