2.250000000000000056e-01
0.000000000000000000e+00
0.000000000000000000e+00
0.000000000000000000e+00
0.000000000000000000e+00
0.000000000000000000e+00
0.000000000000000000e+00
0.000000000000000000e+00
0.000000000000000000e+00
0.000000000000000000e+00
0.000000000000000000e+00
0.000000000000000000e+00
0.000000000000000000e+00
0.000000000000000000e+00
0.000000000000000000e+00
0.000000000000000000e+00
0.000000000000000000e+00
0.000000000000000000e+00
0.000000000000000000e+00
0.000000000000000000e+00
0.000000000000000000e+00
0.000000000000000000e+00
0.000000000000000000e+00
0.000000000000000000e+00
0.000000000000000000e+00
0.000000000000000000e+00
0.000000000000000000e+00
0.000000000000000000e+00
0.000000000000000000e+00
0.000000000000000000e+00
0.000000000000000000e+00
0.000000000000000000e+00
0.000000000000000000e+00
0.000000000000000000e+00
0.000000000000000000e+00
0.000000000000000000e+00
0.000000000000000000e+00
0.000000000000000000e+00
0.000000000000000000e+00
0.000000000000000000e+00
0.000000000000000000e+00
0.000000000000000000e+00
0.000000000000000000e+00
0.000000000000000000e+00
0.000000000000000000e+00
0.000000000000000000e+00
0.000000000000000000e+00
0.000000000000000000e+00
0.000000000000000000e+00
3.881424503749277277e-01
4.795819589631860613e-01
8.722555861177366809e-01
8.742760186943979717e-01
9.468179471356248378e-01
9.254856100748348746e-01
9.277941375998636220e-01
9.175502447113670357e-01
9.010712858991375418e-01
8.936606946279157526e-01
8.844857173925866345e-01
8.766068720676192250e-01
8.660174346669249346e-01
8.495723276152583603e-01
8.447251134413885643e-01
8.444068855155268949e-01
8.349564409237686391e-01
8.375900373903147900e-01
8.309704854550471476e-01
8.279063892704835448e-01
8.297420737632253962e-01
8.324525486298326449e-01
8.442066367633817014e-01
8.435774601911307791e-01
8.444897730579054018e-01
8.493488888803006898e-01
8.457167894303599942e-01
8.521677877201283557e-01
8.445239858516975229e-01
8.358890274952711641e-01
8.382105765766714178e-01
8.390583018140665983e-01
8.528889553175104110e-01
8.552261825636051640e-01
8.684352934457116868e-01
8.743843484793536458e-01
8.744873502510356333e-01
8.729411451594423221e-01
8.643568868420851148e-01
8.575339374575027263e-01
8.562152914072836962e-01
8.564311069206755889e-01
8.580850806059306946e-01
8.650004782409231874e-01
8.740147121862749113e-01
8.766196959408778522e-01
8.767456560301650770e-01
8.778152570338495497e-01
8.761550477008869242e-01
8.767571305123371683e-01
8.710923692231368198e-01
