2.250000000000000056e-01
0.000000000000000000e+00
0.000000000000000000e+00
0.000000000000000000e+00
0.000000000000000000e+00
0.000000000000000000e+00
0.000000000000000000e+00
0.000000000000000000e+00
0.000000000000000000e+00
0.000000000000000000e+00
0.000000000000000000e+00
0.000000000000000000e+00
0.000000000000000000e+00
2.176299856229217955e-01
2.177932077746270179e-01
2.321629914579763365e-01
2.659740792630664874e-01
2.673742099049067900e-01
2.823110070488928924e-01
3.190318177560604318e-01
2.865453690557247524e-01
2.865622912198364514e-01
2.878932459105656427e-01
3.161636459334951632e-01
3.132374787035835939e-01
3.212366939458703996e-01
3.370327667134051519e-01
3.473634423592017462e-01
3.522710125207163534e-01
3.503912473072316458e-01
3.789883344164802215e-01
3.884406034612446490e-01
4.581180148614066305e-01
4.764959798121803369e-01
4.845584661427676521e-01
4.929733214045961542e-01
5.223861107573921636e-01
5.549887119030143534e-01
5.790408844415458889e-01
6.009306370005340625e-01
6.167766079733080220e-01
6.320440059234494479e-01
6.418139199742709522e-01
6.434398529901588226e-01
6.460708437409609095e-01
6.464215121890366511e-01
6.487518550393418515e-01
6.497504380918216471e-01
6.492136638673364768e-01
6.500229336084494269e-01
6.486976887425708327e-01
6.475020895562975110e-01
6.453327355275046973e-01
6.393661903779129796e-01
6.361535671293538918e-01
6.351325995073355823e-01
6.290909844089302982e-01
6.275111637879240423e-01
6.272329741592681529e-01
6.240718643944531685e-01
6.196250986865727839e-01
6.216230903638801930e-01
6.180403830563351297e-01
6.060711226462017764e-01
5.972596784661725611e-01
5.922765557342927201e-01
5.923004243348266584e-01
5.929315089033132535e-01
5.947341389665907752e-01
5.982952808435234582e-01
5.981584987095774908e-01
5.967888272612946743e-01
5.982661111433777990e-01
5.910204149384507000e-01
5.889110057748995208e-01
5.916814053645708116e-01
5.900038103374336540e-01
5.860637415734564204e-01
5.954928530790584151e-01
5.897297536635240922e-01
5.904475504083969151e-01
5.910441059520703533e-01
5.935384359380690977e-01
5.935758457105677621e-01
5.961589201112671432e-01
5.923104291869146776e-01
5.915499830181866203e-01
5.934190854703043083e-01
5.975859796185150064e-01
6.034062063917350338e-01
6.079718527600455058e-01
6.090659417137299636e-01
6.084656726984327690e-01
6.094731212355132266e-01
6.120120105314194037e-01
6.138110984271494264e-01
6.135514434855610100e-01
6.111085596790313268e-01
6.063620886674429000e-01
6.042928438371881761e-01
