2.250000000000000056e-01
0.000000000000000000e+00
0.000000000000000000e+00
0.000000000000000000e+00
0.000000000000000000e+00
0.000000000000000000e+00
0.000000000000000000e+00
0.000000000000000000e+00
0.000000000000000000e+00
0.000000000000000000e+00
0.000000000000000000e+00
0.000000000000000000e+00
0.000000000000000000e+00
0.000000000000000000e+00
0.000000000000000000e+00
0.000000000000000000e+00
0.000000000000000000e+00
0.000000000000000000e+00
0.000000000000000000e+00
0.000000000000000000e+00
0.000000000000000000e+00
0.000000000000000000e+00
0.000000000000000000e+00
0.000000000000000000e+00
0.000000000000000000e+00
0.000000000000000000e+00
0.000000000000000000e+00
0.000000000000000000e+00
0.000000000000000000e+00
0.000000000000000000e+00
0.000000000000000000e+00
0.000000000000000000e+00
0.000000000000000000e+00
0.000000000000000000e+00
0.000000000000000000e+00
0.000000000000000000e+00
0.000000000000000000e+00
0.000000000000000000e+00
0.000000000000000000e+00
2.531120128446638917e-01
2.343556669671659765e-01
2.507817475109484495e-01
7.552899308899064801e-01
9.840689766217206591e-01
1.044855879367099227e+00
1.145666586484387794e+00
1.199290782849496528e+00
1.208386173647918005e+00
1.264937811556001490e+00
1.284028210177601936e+00
1.269581772081052051e+00
1.263977453708229337e+00
1.243668631070346642e+00
1.260681683209743387e+00
1.274951170629254005e+00
1.292595063684778944e+00
1.296912804628856497e+00
1.317744975684608244e+00
1.330387201745578452e+00
1.337722600806180662e+00
1.360119908580038173e+00
1.330203976033534463e+00
1.324055178229774254e+00
1.334593153992343462e+00
1.312551381496262826e+00
1.282295390319855066e+00
1.284017068255480121e+00
1.286012150752531280e+00
1.273009554405205357e+00
1.256761555269227726e+00
1.237097216564105207e+00
1.221735320221206456e+00
1.212818568426416554e+00
1.213908282722245380e+00
1.202696596065800261e+00
1.198983244508188495e+00
1.184733914622635664e+00
1.187780335984304880e+00
1.177132305304915638e+00
1.179457862187219597e+00
1.170470656428366674e+00
1.166996182610638089e+00
1.169855134601239799e+00
1.173132060852308367e+00
1.173762349841084074e+00
1.188688092003662211e+00
1.213836393024901650e+00
1.213261675049078114e+00
1.226588223703314551e+00
1.231517603630966295e+00
1.230556406674259362e+00
1.232750966300280693e+00
1.239882614374986369e+00
1.235170066404930100e+00
1.232702204935140600e+00
1.226290107607070690e+00
1.214393567501520499e+00
1.204501995945042259e+00
1.192522743655149320e+00
1.181641839330922483e+00
