2.250000000000000056e-01
5.272852989383500222e-02
1.395612132574549358e-01
2.064926794152727729e-01
2.073297808783350626e-01
2.491780376583949685e-01
2.388499230054289546e-01
2.900359989474141087e-01
2.570986803672771215e-01
3.132188690024306221e-01
3.046581875184242727e-01
2.884936305411521795e-01
3.044585149172402971e-01
3.299430722323893894e-01
3.251381700920246698e-01
3.519537253878115557e-01
3.700810723712227857e-01
3.918736212108073214e-01
5.427990526478496669e-01
5.892595522128591945e-01
6.136456791153162005e-01
6.998686271992131669e-01
7.079160701099085351e-01
7.116074875084346107e-01
7.230561967727684447e-01
7.813837776498369081e-01
7.719932300313380180e-01
7.612818288453564453e-01
8.072530389579584131e-01
8.601199522399390895e-01
8.658191525309610892e-01
8.766985029953362485e-01
8.903241106210381117e-01
8.856515261776153336e-01
8.772356759297386120e-01
8.820193198922037237e-01
8.863306303220424009e-01
9.270567477016381508e-01
9.566067157554184464e-01
9.626895029656806768e-01
9.877632266277400763e-01
9.991777005452558980e-01
1.003094513722874170e+00
9.873047928751811364e-01
9.987127462884601847e-01
1.020818683196912602e+00
1.009020813539904804e+00
1.001883902135903615e+00
9.979689725704945502e-01
1.024604693310884329e+00
1.029249387047136644e+00
1.024809048589937266e+00
1.014494881531641246e+00
1.015174658778886796e+00
1.008718532487526298e+00
1.004615043193695767e+00
1.012692577791217463e+00
1.016119569110381704e+00
1.014560118434628011e+00
1.004313558147191143e+00
9.996171834994335148e-01
1.007011105527664929e+00
1.008739818399126964e+00
1.016352503433334720e+00
1.011972482471822588e+00
1.008288473742685820e+00
9.976482495148413232e-01
9.989372110613466971e-01
9.909048618557658727e-01
9.824071989431677476e-01
9.890832859622387119e-01
9.943230558428681753e-01
1.003482272841158540e+00
1.006937691540472413e+00
1.012780819637769669e+00
1.009384605066044882e+00
1.013834069201027033e+00
1.016200962402823427e+00
1.013398308022463112e+00
1.016646264986003301e+00
1.017204947489528610e+00
1.013024696181693551e+00
1.017573456822958189e+00
1.019886173850416355e+00
1.026298347134648292e+00
1.025355039819353609e+00
1.027757206998124673e+00
1.027935167055391341e+00
1.027438417470733389e+00
1.027218948777444352e+00
1.022576524682917043e+00
1.020803933334138325e+00
1.023497990804493440e+00
1.017047273076080005e+00
1.007054356265062900e+00
9.983671747897087112e-01
9.904970199549598675e-01
9.847323307796880254e-01
9.815273271056262905e-01
9.782379702462052906e-01
