2.250000000000000056e-01
1.101123769960236781e-01
2.041437889252521176e-01
1.935253285587377192e-01
2.804765324105864543e-01
2.722060354133502003e-01
3.474511233265430432e-01
3.513717856360669689e-01
3.356083838815264175e-01
4.390344725069315612e-01
4.232475325675599254e-01
3.965270629020717919e-01
4.860890251820927932e-01
7.860130267173425223e-01
8.726725376880252183e-01
8.959064710360442607e-01
9.202887915453605849e-01
9.117930083729557378e-01
9.340037301682032611e-01
9.276011197834561628e-01
9.851201368729226582e-01
9.853396157668324884e-01
9.851391433900685835e-01
9.687247286028790594e-01
9.585025137674733076e-01
9.425025465688491311e-01
9.103164767667314416e-01
9.148971714099648489e-01
9.627754702869422143e-01
9.680311731266716402e-01
9.645453484176457204e-01
9.738294615587342884e-01
9.697192754229629896e-01
9.495108698131039526e-01
9.440450427589699434e-01
9.402471494113093797e-01
9.333758760985513270e-01
9.376479926058426395e-01
9.181404554606812374e-01
9.064965722112230395e-01
9.057141298899845649e-01
8.920854377492021259e-01
9.005398715316420555e-01
8.969276365304917897e-01
8.914891381532645820e-01
8.750419478181036270e-01
8.847921748233061878e-01
8.991434048879630714e-01
9.028186881725170920e-01
9.192496803727442378e-01
9.260454968952945842e-01
9.249104004983585980e-01
9.222981308787818744e-01
9.497878855015328137e-01
9.529537109145707063e-01
9.464174677665008195e-01
9.449540212349781809e-01
9.441139756910870151e-01
9.488461426683342248e-01
9.459352721596742120e-01
9.489401059184902065e-01
9.489248711064074415e-01
9.326656658191119220e-01
9.309456308698288440e-01
9.340648207418840165e-01
9.311258320078301676e-01
9.285747107094000086e-01
9.253085583882602050e-01
9.195338122349517862e-01
9.170670666838131035e-01
9.111649640480421475e-01
9.109118029027177821e-01
9.140877079678710881e-01
9.133562175501517277e-01
9.099070449546734496e-01
9.124946670176452557e-01
9.119667650802318892e-01
9.104777018078961115e-01
9.122769061330096019e-01
9.170088135419305342e-01
9.175031686607681980e-01
9.214816707934604390e-01
9.181718462893013744e-01
9.172051618240087967e-01
9.221951520260325275e-01
9.306854692313663024e-01
9.317474919444961312e-01
9.321233469696930118e-01
9.323782854126951847e-01
9.363547537535029663e-01
9.330350555840012383e-01
9.265229893683544216e-01
9.267546691112247270e-01
9.331571055764121825e-01
9.378343065734702222e-01
9.393874105723036827e-01
9.411690840591769858e-01
9.443898657551754727e-01
9.355777074165634311e-01
9.303567657063841478e-01
