2.250000000000000056e-01
0.000000000000000000e+00
8.674158519484060914e-01
8.776777915200222324e-01
8.926299029666097118e-01
9.097089390288408683e-01
8.996754284541165214e-01
8.190066063253276241e-01
7.563447658644570915e-01
7.283116638668941656e-01
7.349725204548175350e-01
7.427372989236800116e-01
7.196095903514917458e-01
7.078450498082035081e-01
7.272215978216124421e-01
7.293553385534152778e-01
7.507829294392189823e-01
8.036199464386661884e-01
8.217384115451460413e-01
8.169571227457881335e-01
8.359227703049336711e-01
8.359616639984098763e-01
8.295978292062559101e-01
8.377336899158769334e-01
8.430781686897167448e-01
8.628115106451245131e-01
8.665871933037524455e-01
8.849305177358148811e-01
8.992613152680377642e-01
8.934803002473921119e-01
8.994525134222220997e-01
9.081486359766937078e-01
9.024222904421446145e-01
9.045666515974213340e-01
9.120570957123933509e-01
9.076262196112130365e-01
9.045191119066586793e-01
9.031597307985852474e-01
9.088676458651137047e-01
9.084264754322366464e-01
9.075883983561906510e-01
9.069288917552011942e-01
9.053510442338067454e-01
9.021402240406066753e-01
9.038691287593531021e-01
8.959212368694985384e-01
8.939917346963063283e-01
8.975364420290725675e-01
9.006208936795863096e-01
8.972125968367510307e-01
8.942792256099425519e-01
8.928935630117835753e-01
8.900527581010220235e-01
8.949036516366266625e-01
8.928884588604446559e-01
8.996266632894523996e-01
8.971560724815509369e-01
9.010905887021487537e-01
9.066841237628571193e-01
9.055643114141280758e-01
9.066230508779421493e-01
9.087962794864421490e-01
9.140317649337574846e-01
9.133684736033630402e-01
9.160177348184548318e-01
9.161514494289267896e-01
9.136510740751637716e-01
9.130381439900616680e-01
9.136972268701637478e-01
9.144233730058842768e-01
9.150162042691545317e-01
9.160051129500634826e-01
9.134773986485336117e-01
9.094441170403912977e-01
9.072163140160373063e-01
9.061686093479971449e-01
9.066200202588353685e-01
9.032099078843618400e-01
9.046749380618811509e-01
9.071775119313109093e-01
9.113163117235509869e-01
9.132743207159140786e-01
9.114673023857787770e-01
9.081385244381580124e-01
9.132246513365314122e-01
9.157152349279075176e-01
9.180552151419911766e-01
9.165017969557891497e-01
9.175042530629269333e-01
9.199190417490287208e-01
9.203724710624855421e-01
9.208216505724676759e-01
9.193915686028591994e-01
9.172253575948964288e-01
9.130152555864471386e-01
9.154663856951346101e-01
9.166160994385988969e-01
9.146067456504544113e-01
9.136723809791783557e-01
9.150826474593127813e-01
