2.250000000000000056e-01
0.000000000000000000e+00
0.000000000000000000e+00
0.000000000000000000e+00
1.257025008449745185e+00
1.257025008449745185e+00
1.257941879560915410e+00
1.257961459722519493e+00
1.257979680234075914e+00
1.483811637874693057e+00
1.501786255107788515e+00
1.346406384500341780e+00
1.245153219868835093e+00
1.193253368517513069e+00
1.174912096918550253e+00
1.115962936726950350e+00
1.104098788203521142e+00
1.100080156703777678e+00
1.102205092134758146e+00
1.080492772344208818e+00
1.059631557246934142e+00
1.051161759015175168e+00
1.050070772769007954e+00
1.045634986258689336e+00
1.073671789624992545e+00
1.049424836661776217e+00
1.043249420043509623e+00
1.008668419896376900e+00
1.037767502473561532e+00
1.038973205880808104e+00
1.083378264712283823e+00
9.940258584992042179e-01
8.913253814424330068e-01
8.691742951744876322e-01
7.878675870112360480e-01
8.014061785258103088e-01
7.234541405653984736e-01
7.170550577452527996e-01
7.069717274849208755e-01
7.318050381048909481e-01
7.307423642996065949e-01
7.058740294419200145e-01
6.776020842926905319e-01
7.171628450108594732e-01
7.515201320468646307e-01
7.367975493292761024e-01
7.490472086427235610e-01
7.231557401851147482e-01
7.179702910899602442e-01
7.615840967491396274e-01
8.973275742563803226e-01
9.387099526228240842e-01
9.252209513546978403e-01
1.001891698168515310e+00
1.015464770959739305e+00
1.034701571629534467e+00
1.028976465126012041e+00
1.022535428586964557e+00
1.050759817825934972e+00
1.058776287834668928e+00
1.082025664952458888e+00
1.102175979780085857e+00
1.140267589145527838e+00
1.147642822915802885e+00
1.141631594313402775e+00
1.122260073191333252e+00
1.144906732255491111e+00
1.132193321514585405e+00
1.129658532648314617e+00
1.117024096956762858e+00
1.112254850477404133e+00
1.109122771126452633e+00
1.102084585708933195e+00
1.104607553080297011e+00
1.113522592276749101e+00
1.139023076033273574e+00
1.137160651457253202e+00
1.148953188148747584e+00
1.173168214011567567e+00
1.177001456936445756e+00
1.153897809178610956e+00
1.161705842003534217e+00
1.144774900093020298e+00
1.142544308511659779e+00
1.086533457278649806e+00
1.056620159465879283e+00
1.059398781658763555e+00
1.062895035560948331e+00
1.042670690859354599e+00
1.033569145029857417e+00
1.032440521748326789e+00
1.029167844436773782e+00
1.037478749031053082e+00
1.040350494002644899e+00
1.032800841171064965e+00
1.030503562981066601e+00
1.027079673085093070e+00
1.034381007643789374e+00
1.035759560383583633e+00
1.034349330485919705e+00
