2.250000000000000056e-01
0.000000000000000000e+00
0.000000000000000000e+00
0.000000000000000000e+00
0.000000000000000000e+00
0.000000000000000000e+00
0.000000000000000000e+00
0.000000000000000000e+00
0.000000000000000000e+00
0.000000000000000000e+00
0.000000000000000000e+00
0.000000000000000000e+00
0.000000000000000000e+00
0.000000000000000000e+00
0.000000000000000000e+00
9.480755425178398754e-01
8.890684487948491421e-01
9.280896839497382311e-01
9.995686862257116001e-01
1.044421123557147668e+00
1.084789990785657521e+00
1.103850165221038182e+00
1.074988512466666268e+00
1.001120029622015295e+00
9.924825849944403089e-01
9.865890617378413330e-01
9.830011361305671658e-01
9.610216162434735976e-01
9.667460883798766336e-01
9.757949853459976230e-01
9.755282668634367438e-01
9.877074282577070763e-01
1.011077767834752450e+00
9.870344540460150862e-01
1.005104700154076491e+00
1.001872893493327643e+00
9.732341351441426980e-01
9.581626523970714349e-01
9.531203230801443826e-01
9.929160493565276635e-01
9.866196391714451286e-01
9.940729682203319761e-01
9.977296244037837658e-01
1.000274120188785920e+00
1.000772560074968842e+00
9.950885589994141744e-01
9.840841275992752157e-01
9.778430024651929564e-01
9.928463711187170970e-01
9.966503620652567008e-01
1.011215372667090939e+00
9.866900360462093067e-01
9.794632325967316255e-01
9.980987205094893344e-01
9.939944020793259893e-01
1.029102461204691954e+00
1.027481250328623474e+00
1.025317875942153734e+00
1.019317858504381391e+00
1.021677815766266928e+00
1.021878838911028264e+00
1.001004918991474035e+00
9.948382356027999363e-01
9.873822556763049985e-01
9.892698105529555974e-01
9.875408302671395688e-01
9.773060744583458304e-01
9.791483355136554323e-01
9.720296475827250315e-01
9.935494826933463086e-01
9.931924926535775633e-01
1.002013732920561173e+00
9.939334715432001088e-01
9.923150568758988266e-01
1.008023326535940178e+00
1.012401307801904959e+00
1.021116868910826980e+00
1.023704293292982515e+00
1.010761277889467902e+00
9.986846768042020317e-01
9.846990475342255467e-01
9.861071009060569104e-01
9.835572633909246409e-01
9.760552679608068827e-01
9.715022148272538516e-01
9.722147171461822390e-01
9.708297280144947417e-01
9.787505269274706654e-01
9.804811501404918639e-01
9.842217934778226818e-01
9.942926106195285607e-01
9.940207010501697082e-01
9.924858317350864212e-01
1.002259815594398251e+00
9.949765770762334371e-01
9.851123769298038013e-01
9.768599597903114828e-01
9.809115381315955950e-01
9.873076485523135659e-01
9.772985561557877565e-01
