2.250000000000000056e-01
0.000000000000000000e+00
1.590297748886153328e-01
2.344647802679064030e-01
2.186851915375395417e-01
2.680021857605466851e-01
2.560332917263190011e-01
2.568351153991524916e-01
3.151190382485094532e-01
3.131455801531350946e-01
3.226871174426098055e-01
3.779261232784256186e-01
3.774235502271588438e-01
4.097852706197141481e-01
4.200667795012172356e-01
4.477412302691978208e-01
4.606294659799940461e-01
4.810682333031417457e-01
5.292391045532716110e-01
5.356774929912226924e-01
5.570380247948273356e-01
5.621536674782944276e-01
6.213746390993646340e-01
6.440405313667019183e-01
6.387523165476257647e-01
6.898542510725941268e-01
7.322954649862141174e-01
7.260804702373495623e-01
7.508967968628954548e-01
1.064686263595634008e+00
1.178004416123544784e+00
1.163672582417642376e+00
1.077023571385330225e+00
1.026620429238745080e+00
9.840587845075757789e-01
9.365182497079026502e-01
9.150252319391760647e-01
8.975595223222491148e-01
8.879934029309837218e-01
8.838678138909386028e-01
8.698539278854685586e-01
9.002755407599843940e-01
9.207289932910159846e-01
9.225255306049010562e-01
9.131466452693071112e-01
9.393403975459672095e-01
9.717630336030936844e-01
9.878619909321659787e-01
1.017202296394704497e+00
1.035250445829090760e+00
1.058470852470996482e+00
1.058134860847478320e+00
1.066343488839788245e+00
1.067300579086244205e+00
1.053344259512142722e+00
1.149734468972295698e+00
1.138523977745539817e+00
1.126607285300027961e+00
1.083189533365185531e+00
1.065039739225497772e+00
1.060774365417515686e+00
1.043959871675388396e+00
1.030231518991714168e+00
1.010830304451230566e+00
9.805430292151730010e-01
9.557238254365688634e-01
9.301821614089293977e-01
9.131496139370771647e-01
9.084362417451966598e-01
9.193865719302772854e-01
9.377898519605629701e-01
9.599977342314079953e-01
9.762033019611769946e-01
9.909937932532282279e-01
1.012312468578408398e+00
1.030855095524946696e+00
1.035669112743807796e+00
1.049711248868790969e+00
1.064381021121822313e+00
1.069048089627694820e+00
1.087910146528932254e+00
1.096158738925260501e+00
1.090331332078740445e+00
1.083529910600622870e+00
1.081801682250344232e+00
1.084678795911408589e+00
1.067822748742046857e+00
1.053871047784224135e+00
1.041276260630372263e+00
1.024613692449145130e+00
1.004766313832504920e+00
9.636782576792156663e-01
9.375024262473595771e-01
9.370405108641663983e-01
9.411868441552889708e-01
9.384112368641281954e-01
9.415276307188867877e-01
9.440116430189078311e-01
9.595496224346052871e-01
9.661417731897183891e-01
