2.250000000000000056e-01
0.000000000000000000e+00
0.000000000000000000e+00
0.000000000000000000e+00
0.000000000000000000e+00
3.298161830394786831e-01
3.801252717449525864e-01
3.644914933072492813e-01
4.224697105332685942e-01
4.620069171807371089e-01
4.879739955994955025e-01
4.906741141934161110e-01
5.602399185798911940e-01
5.468805042728767107e-01
6.006261749136808659e-01
6.089132480091921096e-01
5.961141189007693741e-01
6.519162062725002427e-01
6.531866349797782467e-01
6.478443871437991053e-01
6.542175605792855952e-01
7.258955317849576927e-01
7.137885983416093483e-01
7.153702153402534680e-01
9.333225162673536301e-01
1.028026344997038155e+00
1.029690392293285184e+00
1.042506144510594090e+00
1.072445445512449469e+00
1.052734628743061229e+00
1.070243789601114104e+00
1.056981330309854084e+00
1.072318146433880681e+00
1.100786430665630089e+00
1.096534711867198864e+00
1.098938804597433982e+00
1.103953746345771370e+00
1.113854869942138004e+00
1.017061519529460556e+00
1.002439380050281992e+00
9.935799145545642919e-01
9.741133932049625965e-01
9.587141941099147635e-01
9.698848195623113178e-01
9.700132909434294737e-01
1.012632824598202363e+00
1.042516968710171410e+00
1.115013895947339462e+00
1.120756486486961023e+00
1.125098424216107285e+00
1.173654424668069574e+00
1.174415768645939773e+00
1.179394909736909636e+00
1.172024566307931392e+00
1.172245582012483966e+00
1.164375954415747927e+00
1.144888956729426255e+00
1.141655944700787906e+00
1.145601208920304037e+00
1.128784272123419807e+00
1.129558544882476756e+00
1.135951495110919973e+00
1.143638565117104156e+00
1.176587250060069589e+00
1.188149858446684082e+00
1.241909368289263460e+00
1.253372807776915066e+00
1.250626144212287461e+00
1.247693837342502166e+00
1.243263789345457226e+00
1.223630407355034144e+00
1.211474543231476186e+00
1.186391132060761633e+00
1.172845216295646642e+00
1.181218055403412848e+00
1.189081407088270037e+00
1.229476747458812858e+00
1.250904227152789039e+00
1.252120993424312267e+00
1.253554001927787320e+00
1.254758548481938352e+00
1.247688545192854326e+00
1.244657927183758339e+00
1.235040587211843732e+00
1.226722936435550748e+00
1.226473371487297293e+00
1.250133726654855115e+00
1.244475742354375747e+00
1.245192408739616230e+00
1.233433599349894827e+00
1.248332999914215424e+00
1.255267522673344072e+00
1.257385241885613958e+00
1.251063613323252222e+00
1.247677851802462046e+00
1.256414224506880117e+00
1.246201117671986047e+00
1.235203186528911035e+00
1.217541416392574183e+00
1.212641280677138500e+00
