2.250000000000000056e-01
0.000000000000000000e+00
0.000000000000000000e+00
8.552968373826280724e-02
1.154491694904605514e-01
1.489763648242499461e-01
1.930036312714687452e-01
2.178148731369987656e-01
2.414638648826981926e-01
2.747348705914665068e-01
3.025771910067496240e-01
3.268175538965852889e-01
3.497460642138620068e-01
3.952479765412559298e-01
1.132266115156500996e+00
1.493267451719631822e+00
1.631325157098014955e+00
1.913719606955265995e+00
1.930636823906960009e+00
1.929734968896860581e+00
1.918135309058369042e+00
1.925905614183695214e+00
1.860643102775354274e+00
1.857964290105647231e+00
1.835067183246241296e+00
1.792039926341125300e+00
1.742381931366723702e+00
1.699918079652392944e+00
1.646856992951687193e+00
1.616182033666736739e+00
1.588900690409177363e+00
1.529080274906990944e+00
1.493540067620057865e+00
1.472980158644509041e+00
1.443677410050039800e+00
1.445527050610746489e+00
1.436733920245831131e+00
1.450560757378412502e+00
1.453112673031309088e+00
1.475224038715012620e+00
1.503040886991748426e+00
1.531033580321019327e+00
1.549794092692742264e+00
1.579990620977051785e+00
1.610736151867062649e+00
1.664098291526060702e+00
1.706212829145127952e+00
1.691883640983007586e+00
1.704333732284632363e+00
1.710474398623316183e+00
1.716456598365295294e+00
1.700213344640998603e+00
1.661158508511890286e+00
1.631315684548797718e+00
1.613437750400172455e+00
1.617395720201089571e+00
1.597376872888536914e+00
1.560247120991862468e+00
1.545254628738618186e+00
1.525306288249865139e+00
1.500002671289577094e+00
1.496246313713141873e+00
1.487164528784960416e+00
1.480091467577450359e+00
1.578618413558204647e+00
1.633548836493339707e+00
1.647575337386079974e+00
1.685067294129200199e+00
1.679973611023098501e+00
1.715194197828135092e+00
1.711964592012122699e+00
1.721342000298271335e+00
1.724684793264831040e+00
1.764511835405450757e+00
1.817319097300385877e+00
1.834884299184777801e+00
1.845299551224341084e+00
1.835861073728597859e+00
1.819538324271026797e+00
1.810461439219286595e+00
1.799319949169306376e+00
1.783412808834510921e+00
1.774048364245738085e+00
1.761806328460111315e+00
1.745808331156897042e+00
1.730077060892753815e+00
1.726041350147800912e+00
1.722711471466906730e+00
1.701770708427723600e+00
1.689310191361283575e+00
1.672073666290660343e+00
1.671906666614135117e+00
1.684474942671360109e+00
1.691925202350383906e+00
1.691531599421299159e+00
1.711568149970581265e+00
1.698869564116845421e+00
1.693464613622127857e+00
1.693422942845389523e+00
1.682595023490026209e+00
