2.250000000000000056e-01
0.000000000000000000e+00
1.689422798356501998e+00
1.689416093914178463e+00
1.674081229243416402e+00
1.673733342640267407e+00
1.660762324081108909e+00
1.660690412800070570e+00
1.646650276292434212e+00
1.631002716389618579e+00
1.629190261907343285e+00
1.630168774959515066e+00
1.617629727350692104e+00
1.597004055627810226e+00
1.594294022695252666e+00
1.597340442376627978e+00
1.570920657804283804e+00
1.122029613293487715e+00
8.823467126931838767e-01
8.252225687641684404e-01
7.557538908186446358e-01
7.353695700050937312e-01
7.134979864943192807e-01
7.841336490143970828e-01
8.199937617867300022e-01
8.764368836020035580e-01
9.430144787877756674e-01
9.820448038163852589e-01
9.935949668303052373e-01
1.017331492330424858e+00
1.068110623940120130e+00
1.097324499883861826e+00
1.155309680022510443e+00
1.159934673145148309e+00
1.166482062482850468e+00
1.165439892463131955e+00
1.155370135325129999e+00
1.181243237061034623e+00
1.177809357593379902e+00
1.167605392901661432e+00
1.123608560864418626e+00
1.078693961099218557e+00
1.047946789416706714e+00
1.022202060359379772e+00
9.889099856103190644e-01
9.454173839985892114e-01
9.166359830152204236e-01
8.772665895552022031e-01
8.754096002344922134e-01
8.892264579295102722e-01
9.018154682197310201e-01
9.251584543684490125e-01
9.343742792153817422e-01
9.602660296138292306e-01
9.742499334490363205e-01
9.962035535739047765e-01
1.014369234887278814e+00
1.034902184667167546e+00
1.052315646481915445e+00
1.071571977092142358e+00
1.099598379682590110e+00
1.103486662809841645e+00
1.097318588811839524e+00
1.051702151409440233e+00
1.031329461267769254e+00
1.024529035308525016e+00
1.016847058952450311e+00
9.985974939995183597e-01
9.802841635016275035e-01
9.518962319044204090e-01
9.450466226533540404e-01
9.552645879132202200e-01
9.751580658320812001e-01
9.812839367764581988e-01
9.929808922346562428e-01
1.008721610493864329e+00
1.022703309215046374e+00
1.037353860215274093e+00
1.042546870901426725e+00
1.029277374020990177e+00
1.022454918345046204e+00
1.022973555386435196e+00
1.026922574144124356e+00
1.045921999536929103e+00
1.069118494556853705e+00
1.063048313230812836e+00
1.054010833486116461e+00
1.041849116812625597e+00
1.040089745449312542e+00
1.044174756056982512e+00
1.073358846223599006e+00
1.094314306142391224e+00
1.108429085200146824e+00
1.122852675931000022e+00
1.131005451835931153e+00
1.147998187277388338e+00
1.145376899514874536e+00
1.158373353638688208e+00
1.169289221594354222e+00
1.188265215049947532e+00
