2.250000000000000056e-01
0.000000000000000000e+00
0.000000000000000000e+00
1.763604729958007544e+00
1.794561970575557774e+00
1.761880121420598133e+00
1.756471162216035387e+00
1.727614186712568500e+00
1.746786087943570154e+00
1.682466967272397529e+00
1.619554676477371391e+00
1.530794317381725778e+00
1.436722672591811634e+00
1.422486096461198501e+00
1.328960173355793195e+00
1.225630821422022843e+00
1.219969570046629981e+00
1.213867738538649599e+00
1.197609097520883514e+00
1.207532088661610326e+00
1.227473165958099299e+00
1.194140683047814955e+00
1.189653306603853045e+00
1.228433145663223591e+00
1.269717833524378392e+00
1.274889193527795506e+00
1.267483318895509692e+00
1.248213598955592696e+00
1.210709012509099791e+00
1.197418119767039046e+00
1.173421721029711318e+00
1.183106207030047763e+00
1.188106186452648982e+00
1.186971569639283741e+00
1.178919508502896729e+00
1.181303292441717723e+00
1.170356362741098666e+00
1.209173239503082975e+00
1.205419404564826324e+00
1.233773260517294856e+00
1.222363009448659499e+00
1.214804313897897670e+00
1.195793029311295053e+00
1.185123960355712214e+00
1.180905949936376986e+00
1.173149848419484442e+00
1.173222327157932732e+00
1.194136115186966718e+00
1.204316162182915706e+00
1.205029477362543178e+00
1.197851250069075002e+00
1.175639273675735730e+00
1.195856399078969012e+00
1.211774275873410911e+00
1.223054085814630376e+00
1.257049230399182260e+00
1.258931715436205412e+00
1.264328062935040631e+00
1.260996208883948588e+00
1.256707296912764837e+00
1.246464711113147050e+00
1.228048868955673667e+00
1.211766539234671702e+00
1.198727468779359651e+00
1.186960356378057746e+00
1.176679936524590797e+00
1.168572822014615431e+00
1.155031762380115401e+00
1.175151031382550393e+00
1.183134078601379979e+00
1.195332109589927194e+00
1.202999261450858448e+00
1.214704083006771684e+00
1.223346279370801870e+00
1.251302791052419261e+00
1.245826580997076993e+00
1.254927052766501516e+00
1.264784453198993353e+00
1.262016456544214904e+00
1.259740223460371844e+00
1.263651737424408728e+00
1.265048848848613128e+00
1.269632117665852489e+00
1.263414019509894404e+00
1.269625936764645857e+00
1.288923100014011114e+00
1.295758545800204775e+00
1.290194098310387449e+00
1.293834472060966911e+00
1.292423944849174555e+00
1.290482119424983143e+00
1.288370918869102377e+00
1.288916520979777935e+00
1.290395212736796138e+00
1.280734425931871368e+00
1.278309436967654644e+00
1.283149515483093861e+00
1.288680399107621222e+00
1.284707839248841577e+00
1.289087464270498806e+00
