2.250000000000000056e-01
0.000000000000000000e+00
0.000000000000000000e+00
0.000000000000000000e+00
0.000000000000000000e+00
0.000000000000000000e+00
0.000000000000000000e+00
5.093095404227805378e-01
6.275890811074320563e-01
4.616019084176169462e-01
4.325775561745387465e-01
4.536487368798666764e-01
5.610730458950661248e-01
6.198569069005152032e-01
6.362993663096746522e-01
6.416734621673371164e-01
6.670429989089688982e-01
6.625698969542483940e-01
6.881167217534208680e-01
6.988939629964089351e-01
7.055740222426397645e-01
7.219286310300301324e-01
7.480252514497442995e-01
7.761840321225357275e-01
7.841975700905652324e-01
7.223323018910307036e-01
6.743262992575225212e-01
6.270337621805439632e-01
6.066516037651421556e-01
5.958443303768993227e-01
5.941980203475627498e-01
6.027775956649703559e-01
5.980314707767601101e-01
6.188083738092389208e-01
6.402051089127076544e-01
6.486790557781707545e-01
6.524106711347579246e-01
6.455915060660233351e-01
6.398626576130534982e-01
6.354977015730757239e-01
6.436210202499849098e-01
6.420156079582918229e-01
6.476132119439329538e-01
6.483208934520655609e-01
6.415446366307928638e-01
6.445643322722968138e-01
6.258765431995565454e-01
6.160567024628836874e-01
6.024845379535568313e-01
5.957198732314935574e-01
5.947380028641663374e-01
6.084299932859669191e-01
6.261767610741498791e-01
6.387296914870700393e-01
6.504891912254024966e-01
6.583271632412037722e-01
6.625414027904364955e-01
6.685087912262341892e-01
6.727299110915316849e-01
6.833478007614751659e-01
6.910916537842820562e-01
7.097240073392971915e-01
7.151450781863608608e-01
7.176152698085215276e-01
7.177081846639454810e-01
7.157726744377002071e-01
7.114962199893793970e-01
7.059376378436034161e-01
7.038741260161329727e-01
7.014624783956951992e-01
7.081429921806432493e-01
7.004669734353405897e-01
6.918455719386474856e-01
6.891500295767688522e-01
6.842843245623105863e-01
6.821273590877655613e-01
6.769259856156865096e-01
6.845883234075962331e-01
6.885984867722944047e-01
6.903150593985997174e-01
6.978240234823681609e-01
7.073988958988185471e-01
7.236414548401688407e-01
7.295754257394915232e-01
7.337285867604372847e-01
7.342689926265909550e-01
7.313752285776378148e-01
7.345185896842686413e-01
7.263739639190542885e-01
7.344142984668651231e-01
7.371544812784353029e-01
7.479576333533303201e-01
7.669620212818668570e-01
7.739425114196046840e-01
7.749535074901853227e-01
7.782991665250227342e-01
7.844483278806317905e-01
7.974321318904808997e-01
7.666333935796333376e-01
7.597404010218324899e-01
