2.250000000000000056e-01
0.000000000000000000e+00
0.000000000000000000e+00
2.223098368087602916e-01
1.798544078269965207e-01
1.825020426039108135e-01
2.084397581519298881e-01
2.179508372022690155e-01
2.189247807753793018e-01
2.300437492583785881e-01
2.555105282088327989e-01
2.516411989780414915e-01
2.783777177676703407e-01
3.082409923381049799e-01
3.190102753344193909e-01
3.470870766923231932e-01
3.740157708663056635e-01
3.859332883111729617e-01
4.166424647484344712e-01
4.289382316733135747e-01
4.388516490025829997e-01
4.585355722164958792e-01
5.074161827041872019e-01
5.291587173583465198e-01
5.560383974815197305e-01
6.036110851051710302e-01
6.332894132060963299e-01
6.672252206128395091e-01
7.107391912899510000e-01
7.791792271607798082e-01
7.976362230402437303e-01
8.174889709054146136e-01
8.056035355928400365e-01
7.874557197555304144e-01
7.767048472663095060e-01
7.647019116760608304e-01
7.569043306791376491e-01
7.458605458877008987e-01
7.342455880989958716e-01
7.526868853864646658e-01
7.432965606875352460e-01
7.578482319832073877e-01
7.743926616380432115e-01
7.798552226497010853e-01
7.805882747450958448e-01
7.862615633948446536e-01
7.867149997122218075e-01
7.847984017518313538e-01
7.828399777153373096e-01
7.937603050894278534e-01
7.884186322983953721e-01
7.998730566865644986e-01
7.918514892123796889e-01
7.892699880163337456e-01
7.940885030114304133e-01
7.963721574952029592e-01
7.962088316469990712e-01
7.978214996045708274e-01
7.915035857034654621e-01
7.866435407699455817e-01
7.815612133776235204e-01
7.808292813091418649e-01
7.724278881542866459e-01
7.635990584674546833e-01
7.666834721979561840e-01
7.754167845847350637e-01
7.742145039406934659e-01
7.758588417283716065e-01
7.758135424173173700e-01
7.847914388902254013e-01
7.850131010034875345e-01
7.878003746514677941e-01
7.929877653896156842e-01
7.931601166835150485e-01
7.927260785984096003e-01
7.927455960892938469e-01
7.896940265077803112e-01
7.910434240873130962e-01
7.897404071572476925e-01
7.889269417150114316e-01
7.905853876331647712e-01
7.892916369601103987e-01
7.841074595486839938e-01
7.831516923911145955e-01
7.793967278039855007e-01
7.748528312533510265e-01
7.724984921256723425e-01
7.642516998524309102e-01
7.570370412977966978e-01
7.533405001026295400e-01
7.475904650172827681e-01
7.463652456464826557e-01
7.461543867452754553e-01
7.471740134829127911e-01
7.530119351394410909e-01
7.602370584961375410e-01
7.730578738859118504e-01
7.951663238744944850e-01
8.055074923417694377e-01
8.113065753043076089e-01
