2.250000000000000056e-01
0.000000000000000000e+00
0.000000000000000000e+00
0.000000000000000000e+00
1.862968797107544816e-01
2.195660923624505878e-01
2.157013808169204738e-01
2.710174241435148734e-01
2.755460255710653894e-01
2.916658964454335590e-01
3.337440959829210962e-01
3.582146275090992149e-01
3.617476293428683598e-01
3.934193519557809271e-01
4.274452811770200755e-01
4.388853320466522545e-01
4.699811971785444187e-01
4.754204913089982165e-01
5.207897729646699947e-01
5.423416384137115243e-01
5.209788754881671258e-01
5.220556086054938261e-01
5.398610494281407268e-01
5.519491239692055906e-01
5.434039719829835136e-01
5.571083234878916324e-01
6.014430646421760063e-01
5.679798484058142805e-01
4.572673123783853044e-01
4.351798705971424708e-01
4.329578432377882424e-01
5.018217360447251307e-01
5.899528645997152987e-01
6.357558587901217528e-01
6.984754739149207081e-01
8.090958472520042299e-01
8.363655978815097702e-01
8.715403589682167995e-01
9.098989703936207762e-01
9.325419512748539530e-01
9.453908290103067991e-01
9.561737887457503193e-01
9.735800566115322408e-01
1.038081221655922759e+00
1.031976533162362486e+00
1.020454272414684782e+00
1.037345553922320862e+00
1.097352600825299396e+00
1.092640555199360763e+00
1.087056230222992914e+00
1.092273251040247750e+00
1.064824951048769730e+00
1.046066050110467938e+00
1.009393718999553657e+00
9.736176583174470656e-01
9.477181385681819892e-01
9.292824385001600129e-01
9.327484656545143027e-01
9.672691528162147279e-01
9.845478526170090561e-01
9.847701229231998754e-01
9.891138208105636487e-01
1.006883435959036399e+00
1.019195149291151070e+00
1.046771669016163031e+00
1.072775939643831222e+00
1.080405203455783614e+00
1.093475591680686865e+00
1.097543424217289010e+00
1.106136193065174966e+00
1.107645403231609871e+00
1.099969563266317119e+00
1.077609817831254535e+00
1.068312933344992333e+00
1.060176998791733327e+00
1.055711505275210627e+00
1.047152536797551381e+00
1.055670150320213496e+00
1.057247305359007683e+00
1.056930962054896339e+00
1.063883482679815362e+00
1.056218960143648911e+00
1.048997328089575909e+00
1.040278550843334759e+00
1.035278182269339986e+00
1.027684960243678169e+00
1.027725008486997105e+00
1.035439587912507342e+00
1.018156460180287937e+00
9.980924351996030008e-01
9.945959372901552742e-01
1.011403782250786199e+00
1.014449277939484251e+00
1.036884671242949585e+00
1.079198724630074935e+00
1.092761697069950078e+00
1.096700032093121280e+00
1.098685118338936118e+00
1.102023562338656060e+00
1.103298446249314724e+00
