2.250000000000000056e-01
0.000000000000000000e+00
0.000000000000000000e+00
0.000000000000000000e+00
0.000000000000000000e+00
0.000000000000000000e+00
0.000000000000000000e+00
0.000000000000000000e+00
0.000000000000000000e+00
0.000000000000000000e+00
0.000000000000000000e+00
0.000000000000000000e+00
1.438687287995629172e+00
1.439194171848141135e+00
1.466450662101468572e+00
1.495989762147964530e+00
1.465938877134751017e+00
1.498060737185430868e+00
1.529989743212098352e+00
1.497666394264262735e+00
1.531869894639900753e+00
1.495038227227966088e+00
1.535157612727863885e+00
1.538424672706111940e+00
1.494221668708473061e+00
1.543670106700678391e+00
1.521489227247930121e+00
1.569229152744508582e+00
1.523401340484337618e+00
1.513881916301254016e+00
1.642864987127793608e+00
1.680068046690529782e+00
1.712733009381748772e+00
1.659281402254118687e+00
1.608499437120046061e+00
1.589903710237732248e+00
1.582214600194979948e+00
1.575491409028202838e+00
1.496251485093172962e+00
1.426492030167902492e+00
1.395087632475346284e+00
1.387815077266275843e+00
1.398579245256506010e+00
1.470484315251910701e+00
1.511181017725575337e+00
1.551515972453696879e+00
1.555347774380516190e+00
1.559757617176658284e+00
1.546568689801431029e+00
1.500361588764572707e+00
1.499757880548757250e+00
1.525583893762204379e+00
1.518050381347980204e+00
1.544447007342913292e+00
1.532781046380525147e+00
1.515829409714063658e+00
1.536530388428662519e+00
1.511548944279002216e+00
1.481518324225438832e+00
1.487090884961226767e+00
1.454798944768697755e+00
1.438163316878728670e+00
1.428291139467291027e+00
1.428258968316171051e+00
1.390755300452577448e+00
1.389749593383494686e+00
1.408630981582643882e+00
1.436493710791254541e+00
1.479428877782877683e+00
1.512534596807303844e+00
1.534697437882636795e+00
1.578835972240482333e+00
1.564027711535985299e+00
1.583867675858527058e+00
1.558065876471657729e+00
1.553022809280371952e+00
1.518071082671106131e+00
1.497047639491054793e+00
1.483810353429919626e+00
1.479483474768021001e+00
1.453950421527675729e+00
1.454573367640453752e+00
1.457746904013227152e+00
1.456267720253832998e+00
1.490175577602403711e+00
1.499350921170901518e+00
1.510331185736505821e+00
1.499009638984273973e+00
1.489616485253901113e+00
1.483555880406777439e+00
1.492578450384873578e+00
1.486584326001317624e+00
1.504522214188479756e+00
1.516401359708222873e+00
1.524659640802746408e+00
1.524388379797836368e+00
1.524828311663318559e+00
1.515716078285009205e+00
1.522450408496898167e+00
1.526687142498037053e+00
