2.250000000000000056e-01
0.000000000000000000e+00
0.000000000000000000e+00
0.000000000000000000e+00
0.000000000000000000e+00
0.000000000000000000e+00
0.000000000000000000e+00
0.000000000000000000e+00
0.000000000000000000e+00
0.000000000000000000e+00
0.000000000000000000e+00
0.000000000000000000e+00
0.000000000000000000e+00
0.000000000000000000e+00
1.915352071864155903e-01
1.915359808306529021e-01
1.915372967452622921e-01
2.604829703625984871e-01
2.722894441891259842e-01
1.618012444186904819e+00
1.584294346986897972e+00
1.491643633710979966e+00
1.597740742702921102e+00
1.476590788117192243e+00
1.706747264187769675e+00
1.839138783262914467e+00
1.910414601732718376e+00
1.895312619699736745e+00
1.851395963055514349e+00
1.854760629076567913e+00
1.885539989015865281e+00
1.947122031151323762e+00
1.961876191974624151e+00
1.995944040116521601e+00
1.963760532028317352e+00
1.965362309618730041e+00
1.959875055621791651e+00
1.941099195320067805e+00
1.919894747700789717e+00
1.901802370841095380e+00
1.896148330924340986e+00
1.889535150399321850e+00
1.874230189564991100e+00
1.863859487450344243e+00
1.817073423888987627e+00
1.754062576134448603e+00
1.739910492987347457e+00
1.687427249587059475e+00
1.671948890300516188e+00
1.610190962351334187e+00
1.603167330139196212e+00
1.587688462047063265e+00
1.564112855908410316e+00
1.612357645165597431e+00
1.548815273938239034e+00
1.558164531102038008e+00
1.555021989619341571e+00
1.552284713920280668e+00
1.589327251823968723e+00
1.562264015480834489e+00
1.559899713828004630e+00
1.578794078434642811e+00
1.536786032632672105e+00
1.486186990816933839e+00
1.449572829504772509e+00
1.448607131193966557e+00
1.443708111725922505e+00
1.414554603085237172e+00
1.404979226252391911e+00
1.395934875739041958e+00
1.398958129188758281e+00
1.362627659231677724e+00
1.361155989228817642e+00
1.355321350636373934e+00
1.346435118979000922e+00
1.321413003429096733e+00
1.313337519240921125e+00
1.278546894459791083e+00
1.257953924439313864e+00
1.312900636512497332e+00
1.333408315372345498e+00
1.360345471028544750e+00
1.367404772556707337e+00
1.372676597722858105e+00
1.372629309077461279e+00
1.365123367072841543e+00
1.300975317380794749e+00
1.276957924629362084e+00
1.320648705514880561e+00
1.335678444597984127e+00
1.339800651306207069e+00
1.350097318426375814e+00
1.376857664881025123e+00
1.390036518683199107e+00
1.389394082782561046e+00
1.397023376786243665e+00
1.401652674102651819e+00
1.397530255726619153e+00
1.391432771857706641e+00
1.390189655385630996e+00
