2.250000000000000056e-01
0.000000000000000000e+00
0.000000000000000000e+00
0.000000000000000000e+00
0.000000000000000000e+00
1.321850101538850908e-01
1.321850101538850908e-01
1.053262192486231319e+00
1.612351821324637946e+00
1.636653983963688663e+00
1.498615243386734353e+00
1.406344859700239480e+00
1.338304698301344908e+00
1.382795915831201761e+00
1.413387380285448192e+00
1.429950171897568456e+00
1.431436660661130178e+00
1.402270877560748419e+00
1.406005719829994893e+00
1.419455829036184946e+00
1.464097359692112743e+00
1.510472124478944744e+00
1.561147577886162985e+00
1.558287397599536828e+00
1.517592571612106145e+00
1.543419329458676437e+00
1.549038418638604364e+00
1.553097773394181091e+00
1.566687783218074559e+00
1.564981907441483688e+00
1.555827104418846529e+00
1.562658901337967476e+00
1.575172974080461419e+00
1.567875324354768063e+00
1.587383721314121976e+00
1.589688332524743064e+00
1.591637094407775788e+00
1.591855998176447295e+00
1.608345956306052038e+00
1.604890423845044545e+00
1.611232096835439442e+00
1.618754210000530103e+00
1.622610732971360159e+00
1.619731771270240595e+00
1.622894151561326881e+00
1.623786860291615675e+00
1.637471445819214999e+00
1.629389136506201430e+00
1.619226182964265126e+00
1.615603568671579726e+00
1.616923811105747788e+00
1.621908629799559964e+00
1.609692696546296098e+00
1.614297350495871530e+00
1.611737462810745702e+00
1.598403974241788816e+00
1.590678081624999241e+00
1.596193432970550274e+00
1.586499916491956652e+00
1.575542989120879200e+00
1.562295296057644389e+00
1.565134469828241670e+00
1.551212885847508716e+00
1.538087758264276461e+00
1.538576345259220046e+00
1.538204368621287621e+00
1.536345343181997336e+00
1.533074043673986253e+00
1.532140509568196141e+00
1.516748054661834821e+00
1.512980287931650958e+00
1.511058366352977522e+00
1.509770027152703920e+00
1.508424460836615300e+00
1.507368099223760805e+00
1.510270645046973392e+00
1.515972593924902023e+00
1.515160188330705315e+00
1.505541069026733680e+00
1.505590310507695539e+00
1.506335616023296131e+00
1.500421342818952564e+00
1.502133872046633511e+00
1.498833638954736092e+00
1.504692615428619096e+00
1.520264931127324859e+00
1.531287577174714754e+00
1.533751782724888324e+00
1.530421007947842638e+00
1.534155981548782854e+00
1.532010921402623405e+00
1.531692729794292829e+00
1.523034706856202902e+00
1.520926337297494157e+00
1.520092635197124897e+00
1.518814694928115383e+00
1.514552700031801979e+00
1.512527737662421545e+00
1.515861375042177439e+00
1.513911180139472012e+00
