2.250000000000000056e-01
0.000000000000000000e+00
7.066003706491640057e-02
7.065225173723635455e-02
1.149900870725846930e-01
1.140729563378344441e-01
1.044075416055470912e-01
9.374663175835390438e-02
1.102125661605028867e-01
1.228353317839463027e-01
1.304339764901648047e-01
1.491542896502337234e-01
1.654027770089025462e-01
1.846161833161644450e-01
2.029940689482204186e-01
2.915707921473933428e-01
2.961704116806582743e-01
2.927862536774751834e-01
3.073505607743139412e-01
3.085528059063732953e-01
3.380792944670491518e-01
3.765295444922772683e-01
3.794937826197162800e-01
4.139921640525855429e-01
4.594930551779182193e-01
4.765615092469440151e-01
4.796293772224997642e-01
4.938450819578928397e-01
5.008381477792094305e-01
5.070589487886398850e-01
5.166241484375710957e-01
5.184638499054391447e-01
5.229102342611197107e-01
5.158598301082230053e-01
5.127635263360206253e-01
5.252628055173053090e-01
5.324208903379441526e-01
5.394555213410384686e-01
5.549324750617157243e-01
5.602371067547534667e-01
5.676407942689268848e-01
5.803745803566010553e-01
5.841536603876982259e-01
5.686542620409654747e-01
5.663715471332145812e-01
5.665882854745510899e-01
5.682809380279170153e-01
5.727863958624949126e-01
5.786911527660170140e-01
5.855550708712037311e-01
5.910008395969090778e-01
5.928626213608036988e-01
5.878331565814610693e-01
5.921884013431212290e-01
5.917114464660124806e-01
5.929578323611987001e-01
5.948255867905445360e-01
5.982572660680636201e-01
5.984980828586192736e-01
5.991290502412185415e-01
6.013421117713987352e-01
6.045241498745858033e-01
6.024252910064501476e-01
5.926362099047632892e-01
5.894824081336981214e-01
5.916873423434356738e-01
5.905532743585831801e-01
5.894124874732664665e-01
5.905077726520108206e-01
5.902561173664049310e-01
5.908960428568073020e-01
5.910807877478322370e-01
5.841012096604019099e-01
5.746092636640952600e-01
5.757999371508194519e-01
5.765518218285221597e-01
5.808834573980600213e-01
5.879107663970331021e-01
5.916598097748150265e-01
6.006307686835551385e-01
6.056097812674055003e-01
6.051495022397461732e-01
6.058410409250377660e-01
6.044029757807954928e-01
6.018016545318998212e-01
6.029867173105319944e-01
5.980379618520349494e-01
5.938024595944774164e-01
5.931926286728884667e-01
5.893808956445537595e-01
5.944795249616804389e-01
5.940921479241350056e-01
5.908493482426714349e-01
5.879043629450775299e-01
5.871993847116594445e-01
5.831823545917191876e-01
5.824714139532545243e-01
5.886905881717725553e-01
5.928286197966535775e-01
5.978597508006018302e-01
