2.250000000000000056e-01
1.030664809719890052e+00
1.064058642492244910e+00
1.064134018944146609e+00
1.048225255013726320e+00
1.097631615497256075e+00
1.088299463205680606e+00
1.089453383955502286e+00
1.135897474933908802e+00
1.132344857851653286e+00
1.127156122072286770e+00
1.121942201486004098e+00
1.136914724301178126e+00
1.133873075248123419e+00
1.128005083947207776e+00
1.128620920671926875e+00
1.126451963056191552e+00
1.120620933302191702e+00
1.125643208890924285e+00
1.117313434489782376e+00
1.115798889120239501e+00
1.109044477686467411e+00
1.106343918551613070e+00
1.114088637178233032e+00
1.118758798889541106e+00
1.121874086231394063e+00
1.121572213949330044e+00
1.129272310949955171e+00
1.133853455674510124e+00
1.129942703375562685e+00
1.145995924765711660e+00
1.133880805539617675e+00
1.134428549481394155e+00
1.133266566011059462e+00
1.128067480368265318e+00
1.120364752899151162e+00
1.114900756529828785e+00
1.114721654956364327e+00
1.107743284887158675e+00
1.103225510512475749e+00
1.110060720742811924e+00
1.106008813979371785e+00
1.102141168572041696e+00
1.111592270588808606e+00
1.119626303526050082e+00
1.127631476126923049e+00
1.121655190091030763e+00
1.113637343764864340e+00
1.105050666251270686e+00
1.091019326122568245e+00
1.073378352163799621e+00
1.045132592306886821e+00
1.004186500049117470e+00
9.769703383353791626e-01
9.730324774098066953e-01
9.832079069037036323e-01
9.916352594987394298e-01
1.012324763760611201e+00
1.038077666581785241e+00
1.052750362533814821e+00
1.065599715507616674e+00
1.060406691661088585e+00
1.063346951480631075e+00
1.073540271866151086e+00
1.073346621765670417e+00
1.067511131335791230e+00
1.059555524065572740e+00
1.034900998780048376e+00
9.957273981821032072e-01
9.747064693264093638e-01
9.675034202204768619e-01
9.785167987487350949e-01
9.948485598792116136e-01
1.015719915584442523e+00
1.025404867996866809e+00
1.026458490086253672e+00
1.039238334597857083e+00
1.050932978764648862e+00
1.064379988182771575e+00
1.063005365453390860e+00
1.055426386813903772e+00
1.043129718886251611e+00
1.037633873818777142e+00
1.014670518860351978e+00
9.827181624456351461e-01
9.735137421492560117e-01
9.655688096442857082e-01
9.735387104421724391e-01
9.737607847365854497e-01
9.816484907877408572e-01
9.812893199105108266e-01
9.944278423974957093e-01
1.011903165891030021e+00
1.023424940166776764e+00
1.034189766516257603e+00
1.039852148636986717e+00
1.041424689799748560e+00
1.036142514070809595e+00
1.025606120256437936e+00
9.884314379955710939e-01
