2.250000000000000056e-01
0.000000000000000000e+00
0.000000000000000000e+00
0.000000000000000000e+00
2.180121712113923138e+00
1.937727158115873927e+00
2.037524503229052542e+00
1.943694369059913774e+00
1.975660045209390203e+00
1.875669498249729061e+00
1.932301108267994172e+00
1.840669269840633282e+00
1.870528981570000804e+00
1.742726521388368477e+00
1.523609741062597500e+00
1.445603843225967466e+00
1.343444311645229705e+00
1.302468094019261224e+00
1.322364205540103699e+00
1.358199029680508430e+00
1.351246882530667603e+00
1.448981311393458427e+00
1.500553025451741185e+00
1.551468651635071083e+00
1.552784012786528889e+00
1.580169265717945803e+00
1.637402611223125026e+00
1.663194059618369636e+00
1.799826223356352894e+00
1.790627735052480185e+00
1.803776341026810837e+00
1.760619951128215455e+00
1.684912062516511266e+00
1.664992448335503639e+00
1.656009513065035854e+00
1.630945421660465300e+00
1.620290480848729731e+00
1.679435438462630881e+00
1.643109374806613454e+00
1.573996505699036819e+00
1.541202265869157539e+00
1.483339920969563908e+00
1.520534581504284555e+00
1.599623291512443535e+00
1.599587641619498068e+00
1.586744632435937108e+00
1.575119224186276812e+00
1.570289764909831520e+00
1.552214542268193886e+00
1.546238593900250313e+00
1.527825627061742297e+00
1.544430052231090533e+00
1.535966983592441659e+00
1.531194833529033961e+00
1.523350651495653629e+00
1.526763813560674254e+00
1.528746405208366577e+00
1.528446407448729172e+00
1.543595154306059980e+00
1.552257706905552537e+00
1.562553351344066810e+00
1.570570533617904330e+00
1.569708054659582297e+00
1.566412099547041192e+00
1.565308148198736760e+00
1.558148310411958892e+00
1.544297511237857412e+00
1.528286289439841683e+00
1.518952761442114108e+00
1.512298417099142034e+00
1.497731677820946405e+00
1.489320730567257556e+00
1.491874758707678383e+00
1.498488130079786762e+00
1.509348667349685424e+00
1.517483701266119311e+00
1.525742490605116242e+00
1.534308460158152698e+00
1.538707774067604728e+00
1.541797673245969946e+00
1.553780439162761873e+00
1.565852311666248387e+00
1.571480898349597144e+00
1.590992663834891463e+00
1.595119144027284497e+00
1.600647107813436998e+00
1.603832359920676076e+00
1.605026394030033554e+00
1.621849574908541536e+00
1.624405838515696088e+00
1.626382190437632325e+00
1.628737453199458729e+00
1.633018637059531430e+00
1.630237697667275221e+00
1.625549100491129106e+00
1.622489118859549828e+00
1.625684006450272223e+00
1.619256049783780460e+00
1.618642101881106132e+00
1.609123235604675406e+00
