2.250000000000000056e-01
0.000000000000000000e+00
0.000000000000000000e+00
0.000000000000000000e+00
1.705709211216474674e+00
1.713201201772244220e+00
1.719976358209583056e+00
1.702460317718056615e+00
1.713011053041595400e+00
1.712874995492919439e+00
1.712752996726302435e+00
1.712645510687169637e+00
1.712552354963753798e+00
1.712472844603949662e+00
1.712405928747803951e+00
1.691794054308175754e+00
1.713944377446661615e+00
1.710708893440104683e+00
1.711154505387805447e+00
1.715919191179807068e+00
1.716722597267790640e+00
1.722589516722604408e+00
1.723979038879795089e+00
1.725292430611898631e+00
1.715439888727849027e+00
1.714741966702806986e+00
1.729771496781304263e+00
1.730119880577733582e+00
1.710589677507680983e+00
1.712309461808083633e+00
1.714998803004743166e+00
1.715166190625776244e+00
1.715393923458490066e+00
1.722723323000719287e+00
1.726986468168207889e+00
1.714300668685769802e+00
1.690894715539084547e+00
1.691852354362178401e+00
1.711929718697206892e+00
1.747635790981107995e+00
1.759642217004352638e+00
1.706536735793522830e+00
1.673623043824056245e+00
1.669479368189491275e+00
1.638010435979426749e+00
1.558106272428077865e+00
1.577457188809928468e+00
1.538947954191662859e+00
1.491228213921853563e+00
1.449036260971144019e+00
1.375555452078407681e+00
1.290459615525464621e+00
1.295741015528421247e+00
1.310234910994583890e+00
1.313794885713532423e+00
1.328082818575231361e+00
1.352906566224817198e+00
1.389368893198002830e+00
1.404973856484240669e+00
1.410171143299151275e+00
1.419610250921583994e+00
1.425073732708947327e+00
1.413233370559283442e+00
1.397456806921576034e+00
1.361959132243856008e+00
1.333034028574154206e+00
1.336391231488262887e+00
1.333760285286704761e+00
1.338039440658884915e+00
1.331770720865119939e+00
1.319557287270110013e+00
1.301427412684045937e+00
1.282787050298046072e+00
1.272804139920900468e+00
1.243115108471947616e+00
1.227086438023330839e+00
1.224333190434205187e+00
1.231781105318214831e+00
1.246339701340257511e+00
1.266614793772678826e+00
1.311961233824490369e+00
1.336590408640922378e+00
1.369795831350389070e+00
1.387604089561322640e+00
1.382856070922691805e+00
1.395130748176500513e+00
1.396949090272276761e+00
1.399942537724335079e+00
1.392893692285318119e+00
1.404283447316371225e+00
1.399226898815790987e+00
1.396420963480124566e+00
1.389738747931301255e+00
1.389960643244683380e+00
1.366779074373358327e+00
1.371694677029030363e+00
1.356469116306397327e+00
1.325697394671812690e+00
1.253870282897297184e+00
1.216082083733535546e+00
