2.250000000000000056e-01
0.000000000000000000e+00
0.000000000000000000e+00
0.000000000000000000e+00
0.000000000000000000e+00
0.000000000000000000e+00
0.000000000000000000e+00
0.000000000000000000e+00
0.000000000000000000e+00
0.000000000000000000e+00
0.000000000000000000e+00
0.000000000000000000e+00
1.123184415501007338e-01
1.783115928928765970e-01
2.542377411573373269e-01
1.080689024799635467e+00
1.059678689969314469e+00
9.987651371074260931e-01
1.003536601350446977e+00
1.068167918889458168e+00
1.121950947299632295e+00
1.111174768984932948e+00
1.119607197271688115e+00
1.109035499844758021e+00
1.120469557298755081e+00
1.117298405706595776e+00
1.107299312216690312e+00
1.083240490484420615e+00
1.120875565613115077e+00
1.116836909861545379e+00
1.113760115616397206e+00
1.124936418206581079e+00
1.113592637553037390e+00
1.129875477999804811e+00
1.133915293495798782e+00
1.121149275137316215e+00
1.127887948293599729e+00
1.123307618172328493e+00
1.118282613427314720e+00
1.108373726030090323e+00
1.103201276901539796e+00
1.112603636557602194e+00
1.135796411202079970e+00
1.137400518522791781e+00
1.145930375533969592e+00
1.139667349493218351e+00
1.123128566597509259e+00
1.121130525470823480e+00
1.131330906288815275e+00
1.130105370967958267e+00
1.138832754086389842e+00
1.135386831895536019e+00
1.130354513661262050e+00
1.136369725210207848e+00
1.136937827758908837e+00
1.135670741697081265e+00
1.144271583278302140e+00
1.137088988605890139e+00
1.144985203842414423e+00
1.146429767531738309e+00
1.130048655708940419e+00
1.125999119746951216e+00
1.123104525035148571e+00
1.105113847584111575e+00
1.097462911996763157e+00
1.098988150431914113e+00
1.099123000309157216e+00
1.100994531692524037e+00
1.097634140500907574e+00
1.098099026623918784e+00
1.092879022258540278e+00
1.097301473906524771e+00
1.105489323818509062e+00
1.104864672846261220e+00
1.109194700352601481e+00
1.114250209278156545e+00
1.118791619404720938e+00
1.119608887072063075e+00
1.116249310066107059e+00
1.115867824550678122e+00
1.111126837951482704e+00
1.104440202664950244e+00
1.102765381764717167e+00
1.100324620327739922e+00
1.103539994731041807e+00
1.109455093970561856e+00
1.116983244373717099e+00
1.121496883572274506e+00
1.125146889115869575e+00
1.120396407392232341e+00
1.120399497532617250e+00
1.119410813324557941e+00
1.118236469907085695e+00
1.120470787217447750e+00
1.121486073561730912e+00
1.120402444295944600e+00
1.119927385049254820e+00
1.116265470290069395e+00
1.117578169108458974e+00
1.120615143120407220e+00
