2.250000000000000056e-01
0.000000000000000000e+00
0.000000000000000000e+00
0.000000000000000000e+00
0.000000000000000000e+00
0.000000000000000000e+00
0.000000000000000000e+00
0.000000000000000000e+00
0.000000000000000000e+00
0.000000000000000000e+00
0.000000000000000000e+00
0.000000000000000000e+00
0.000000000000000000e+00
0.000000000000000000e+00
0.000000000000000000e+00
0.000000000000000000e+00
0.000000000000000000e+00
0.000000000000000000e+00
0.000000000000000000e+00
0.000000000000000000e+00
0.000000000000000000e+00
0.000000000000000000e+00
9.322257473815957762e-02
1.776521232616992130e-01
2.056831584407419478e-01
1.970381206630535953e-01
2.478886269328397784e-01
2.806373686126877876e-01
3.125905404672412735e-01
3.287156573011176808e-01
3.553175807128855501e-01
5.318199496024260675e-01
5.754220921296619995e-01
7.015089066444841759e-01
7.942516479295982368e-01
8.875750543997997788e-01
1.024288945259479888e+00
1.087362432642597243e+00
1.097353526434613258e+00
1.124458964884743173e+00
1.132318925191085235e+00
1.141776494638349293e+00
1.174085362258494358e+00
1.161963625020352220e+00
1.164656482027645934e+00
1.161294372425364596e+00
1.151183278455424563e+00
1.141562871610532603e+00
1.133191023814336562e+00
1.143629792643577225e+00
1.130660172963054544e+00
1.136389235820420174e+00
1.122126709388529875e+00
1.116147618079171178e+00
1.108871553190702297e+00
1.103278910761752440e+00
1.105264330293734609e+00
1.098380637353210565e+00
1.093364476356643022e+00
1.089232817654247842e+00
1.077352487923122881e+00
1.070318221901411349e+00
1.060840307363998258e+00
1.052311232539359986e+00
1.061460324322759385e+00
1.064583925419769539e+00
1.057901406224024621e+00
1.047371783838535464e+00
1.053005848658369992e+00
1.060408433017100860e+00
1.086239048160646092e+00
1.102732402488630026e+00
1.110341766932815499e+00
1.128096076400586734e+00
1.149243402733426178e+00
1.162555586999117763e+00
1.169654716440629461e+00
1.173767634900405366e+00
1.175260784892656396e+00
1.170157055245989230e+00
1.159786170876667466e+00
1.156114935200354799e+00
1.156002783510506893e+00
1.163101732233011942e+00
1.167503677737386392e+00
1.167980282140254733e+00
1.157300451329752899e+00
1.147517496494382616e+00
1.148642972013122820e+00
1.154730940342039380e+00
1.152507726024429635e+00
1.146169087134007558e+00
1.135721126523872027e+00
1.130921927501971957e+00
1.135796753987029284e+00
1.132663559573558798e+00
1.132395155238131723e+00
1.131417596783353741e+00
1.127634552822772696e+00
1.131360335764968195e+00
