2.250000000000000056e-01
0.000000000000000000e+00
1.515790607465719919e+00
1.467327500132008300e+00
1.441909084991615853e+00
1.440969774202116582e+00
1.155576417108990173e+00
1.093615179115848823e+00
1.082203535892671820e+00
1.037301925104347600e+00
9.954544692395216332e-01
1.021197660222368464e+00
1.004161598331998029e+00
1.014889161361391956e+00
1.013262401111395761e+00
1.061742466726075307e+00
1.065866518580459221e+00
1.127140303859992088e+00
1.076845912255228743e+00
1.076778014104606163e+00
1.075238774074313453e+00
1.071233437821078827e+00
1.052411705709319634e+00
1.045859519181494113e+00
1.050447339847606854e+00
1.035599481399994470e+00
1.042451701163204403e+00
1.041970355037685758e+00
1.055739389562244224e+00
1.060161313540981531e+00
1.062369312364608076e+00
1.061199463217890937e+00
1.055574024847103942e+00
1.052847921665957420e+00
1.036822408333532008e+00
1.035467629753409113e+00
1.024231514061777926e+00
1.017473961103730007e+00
1.012846047560766127e+00
1.004775811511316563e+00
1.050292690787432814e+00
1.056077274170115432e+00
1.089062417537536964e+00
1.082876827604954073e+00
1.088597691375599474e+00
1.070124689733214396e+00
1.080281686044901157e+00
1.081055590103088493e+00
1.066959793662233924e+00
1.059227158138556391e+00
1.039605616842080416e+00
1.042922958533424982e+00
1.024980873124899716e+00
1.009037964727041548e+00
1.001379091906064112e+00
9.869288734353858228e-01
9.843281078198631295e-01
1.000337675524641146e+00
1.002449564852828878e+00
1.009249546136214981e+00
1.020638858450236608e+00
1.022287010760391857e+00
1.032116694728351991e+00
1.027344773335671313e+00
1.040415853298660265e+00
1.050063868887296081e+00
1.060610347300530831e+00
1.069631060152428148e+00
1.075440735157544569e+00
1.079528218303765774e+00
1.112336305154479232e+00
1.128351519037183781e+00
1.149534639776486733e+00
1.139594482928682373e+00
1.134441586730728257e+00
1.145043499574210255e+00
1.133383274905754856e+00
1.122461575365612862e+00
1.110906114835375158e+00
1.086748982199463809e+00
1.081638317424946649e+00
1.088706028439828888e+00
1.066322877315561080e+00
1.052678802986230622e+00
1.039055993191254190e+00
1.030290840156868448e+00
1.020005824453168675e+00
1.006480593066481077e+00
9.852316580931362866e-01
9.689373841825783540e-01
9.820437392970143842e-01
9.853651043386774111e-01
9.820182630045912742e-01
9.906661658248218094e-01
9.901010052892180724e-01
1.001052376425486612e+00
1.025854671911488492e+00
1.026769962404525449e+00
1.026773571916706818e+00
1.027264096372608737e+00
