2.250000000000000056e-01
0.000000000000000000e+00
0.000000000000000000e+00
0.000000000000000000e+00
0.000000000000000000e+00
2.438510005897581157e-01
1.214242114258260230e+00
1.719524440059241321e+00
1.813482252025851560e+00
1.798948430606474691e+00
1.809456161057168888e+00
1.794976075725993603e+00
1.794921662781851168e+00
1.853836585978928087e+00
1.721536001630613377e+00
1.568398468371017707e+00
1.511194208014219109e+00
1.465310223950228918e+00
1.409375920808877414e+00
1.421236826950127208e+00
1.431595281144037113e+00
1.466572530661723883e+00
1.500685730206922974e+00
1.542841544771207829e+00
1.526781342367316219e+00
1.531446149993017203e+00
1.555143556469444244e+00
1.560516722506995135e+00
1.553588645093733511e+00
1.591349341845459398e+00
1.603605297853500256e+00
1.594234724998221608e+00
1.605398794899177251e+00
1.606825100960092012e+00
1.593475426885232027e+00
1.604681884133403624e+00
1.605188690860926526e+00
1.619127542565855338e+00
1.622828348934711729e+00
1.634051893452195259e+00
1.640410762389551858e+00
1.641176780715095873e+00
1.662430819528158743e+00
1.670140823489887349e+00
1.668801830175190126e+00
1.650464382558623155e+00
1.633431514769272619e+00
1.642651851969976429e+00
1.640285885186511639e+00
1.629916357175870356e+00
1.638150955595082614e+00
1.634084953309848043e+00
1.634596933581526690e+00
1.617670054911794386e+00
1.613277619861087864e+00
1.616342074339011337e+00
1.611511532217684506e+00
1.616637245914343879e+00
1.636958887886617031e+00
1.649504726855348657e+00
1.655678436855899660e+00
1.675487170662240288e+00
1.673501586569713151e+00
1.690710282389795927e+00
1.697857567993333650e+00
1.701177438796884545e+00
1.711040097929999115e+00
1.703436653425833613e+00
1.694368011790759798e+00
1.693626359671274173e+00
1.688211821594050255e+00
1.687787417569390103e+00
1.689407463532190956e+00
1.689504127439656056e+00
1.686607465523154437e+00
1.689792459732080809e+00
1.692581112949640643e+00
1.687561718023626423e+00
1.691479832077236178e+00
1.695036219051695880e+00
1.695454169400846256e+00
1.692493217063669508e+00
1.691927482694794094e+00
1.692665867886787856e+00
1.694272015138027276e+00
1.685714610079176223e+00
1.689091425967524707e+00
1.695321681136669367e+00
1.695851749429503785e+00
1.698568669143802889e+00
1.702193690904720169e+00
1.702598635080567746e+00
1.703524509503257178e+00
1.706597209590751785e+00
1.713987659244531114e+00
1.713091119546177099e+00
1.711767361552131606e+00
1.715141908332266096e+00
1.711005370752588295e+00
1.707774992575910034e+00
