2.250000000000000056e-01
0.000000000000000000e+00
0.000000000000000000e+00
0.000000000000000000e+00
0.000000000000000000e+00
0.000000000000000000e+00
0.000000000000000000e+00
0.000000000000000000e+00
0.000000000000000000e+00
0.000000000000000000e+00
0.000000000000000000e+00
0.000000000000000000e+00
0.000000000000000000e+00
0.000000000000000000e+00
0.000000000000000000e+00
0.000000000000000000e+00
0.000000000000000000e+00
0.000000000000000000e+00
0.000000000000000000e+00
0.000000000000000000e+00
0.000000000000000000e+00
0.000000000000000000e+00
0.000000000000000000e+00
0.000000000000000000e+00
0.000000000000000000e+00
0.000000000000000000e+00
3.618701172635939711e-01
3.363291947877017907e-01
3.619811898307751519e-01
4.075785184244038462e-01
4.337267863609464147e-01
4.385301506611721800e-01
4.511629623617481322e-01
4.967423995821533822e-01
5.516515031855314666e-01
6.428321715014598814e-01
6.951956280679333355e-01
6.738673131337440392e-01
6.521875841875045543e-01
6.522677967674312960e-01
6.870766159688395103e-01
7.314075766277355894e-01
7.596678876997853269e-01
7.707612906872436387e-01
7.786583196036386267e-01
8.131387210250504705e-01
8.409682676585759076e-01
8.573793284607943432e-01
8.704995803785919861e-01
8.607686449794195171e-01
8.527618417473991075e-01
8.608461145506363099e-01
8.706269243254717294e-01
8.745759501608795228e-01
8.725307930388531696e-01
8.746839736592180170e-01
8.669532068104737199e-01
8.727209930627990442e-01
8.620252352283895858e-01
8.575648047383134243e-01
8.652872253677418302e-01
8.627399485530223844e-01
8.634979795726914764e-01
8.605286958756134252e-01
8.670816374323565556e-01
8.701965855149516038e-01
8.745691513377372717e-01
8.858731238049175616e-01
8.928671959610592346e-01
8.971160663798556367e-01
8.941036237601419634e-01
8.989564981868399807e-01
8.997205276680456665e-01
9.039950388049038388e-01
8.994097900164191861e-01
9.010931663997653329e-01
9.001964100437849226e-01
8.816359093670338432e-01
8.729886511276684358e-01
8.681354137776903235e-01
8.600512802240346533e-01
8.617110238072868134e-01
8.540071117129018896e-01
8.510105049701033320e-01
8.516060840122721132e-01
8.583510025274410093e-01
8.706224422138169050e-01
8.862607280161881596e-01
8.973325101269239434e-01
9.113875618948270585e-01
9.158734554983337661e-01
9.193757579877208652e-01
9.226254365650345957e-01
9.257055928823008095e-01
9.272598232012848607e-01
9.255244450669584122e-01
9.226442905182554721e-01
9.193792504739783933e-01
9.136648605704699166e-01
9.133915255719157189e-01
