2.250000000000000056e-01
0.000000000000000000e+00
0.000000000000000000e+00
0.000000000000000000e+00
0.000000000000000000e+00
0.000000000000000000e+00
0.000000000000000000e+00
0.000000000000000000e+00
0.000000000000000000e+00
0.000000000000000000e+00
0.000000000000000000e+00
0.000000000000000000e+00
0.000000000000000000e+00
0.000000000000000000e+00
0.000000000000000000e+00
0.000000000000000000e+00
5.111922195181893835e-01
4.213584756667976272e-01
2.982265021544185934e-01
2.797840880495360283e-01
3.193186043555402698e-01
4.704478217292717424e-01
5.117853812877517505e-01
5.391049516473446213e-01
5.532235243175823713e-01
5.815113813718765234e-01
5.988652894648170966e-01
6.220298281179220679e-01
6.143372120494077215e-01
6.192296159988137649e-01
6.024992070399386446e-01
6.605670656741544633e-01
6.521268372581487949e-01
6.709726992494657871e-01
7.073599166269209926e-01
6.997103375233968414e-01
7.145630118513730533e-01
7.040925899090209050e-01
7.032277857063778947e-01
6.921807418500435238e-01
6.920275055408680043e-01
6.900500745777981004e-01
6.890153260548336211e-01
6.980510070294804192e-01
6.942927312139861584e-01
6.875980774883265756e-01
6.713714614090436905e-01
6.769837580191067072e-01
6.925601798585211410e-01
7.102222620559009991e-01
7.246230638050971118e-01
7.494941306105434853e-01
7.455160469133839118e-01
7.478614872191217122e-01
7.512977173158441602e-01
7.792384620006352902e-01
7.873712039193920820e-01
8.146529407640029641e-01
8.374258990260382562e-01
8.436803752862042094e-01
8.788826649026125759e-01
8.950943972811188365e-01
9.117650173359843624e-01
9.191659648020579221e-01
9.369789942663481197e-01
9.494165598335319034e-01
9.672631435268403965e-01
9.753779742951759202e-01
9.726832000887535301e-01
9.673850233406730004e-01
9.572498512068278176e-01
9.464730079200617263e-01
9.323897538576368937e-01
9.176854987070741654e-01
9.177612755525227373e-01
9.125276442793210929e-01
9.196831774589825370e-01
9.238303045307477701e-01
9.272063262657732619e-01
9.352591842980686465e-01
9.405116000739115467e-01
9.372510124987172286e-01
9.431820465255993380e-01
9.449285508620749452e-01
9.552535354929194700e-01
9.633589405761454616e-01
9.780802155358983008e-01
9.799850903444415895e-01
9.899518606801945841e-01
1.004189307488146277e+00
1.004541650058787816e+00
9.986744518814584248e-01
9.991008577912706690e-01
9.926655012044893756e-01
9.889117004829736102e-01
9.819803699966064281e-01
9.859318358570871021e-01
9.881357058671640381e-01
9.869906254264847467e-01
9.907127843475187490e-01
