2.250000000000000056e-01
0.000000000000000000e+00
0.000000000000000000e+00
0.000000000000000000e+00
0.000000000000000000e+00
0.000000000000000000e+00
0.000000000000000000e+00
0.000000000000000000e+00
0.000000000000000000e+00
0.000000000000000000e+00
0.000000000000000000e+00
0.000000000000000000e+00
0.000000000000000000e+00
0.000000000000000000e+00
0.000000000000000000e+00
0.000000000000000000e+00
0.000000000000000000e+00
0.000000000000000000e+00
0.000000000000000000e+00
0.000000000000000000e+00
1.153985500445436019e+00
1.153985500445436019e+00
1.153985500445436019e+00
1.153985500445435797e+00
1.153985500445436019e+00
1.153985500445435797e+00
9.552266606050812126e-01
9.285837022966344501e-01
9.691161947936824950e-01
1.051381529684992655e+00
1.067512367604759760e+00
1.076754854620094237e+00
1.092496214559791179e+00
1.086834162815753402e+00
1.088303963310038203e+00
1.115200951357189441e+00
1.105509592500511840e+00
1.119952408278753975e+00
1.129958239979169443e+00
1.166101538315945652e+00
1.176229166320301944e+00
1.174235201136238915e+00
1.174943236862562967e+00
1.183255100330048659e+00
1.183735110478384422e+00
1.193561508634177537e+00
1.191215841981296375e+00
1.200035429580282198e+00
1.209066564280697920e+00
1.229537312911773261e+00
1.238135177743737492e+00
1.245707485351589039e+00
1.244368363920667520e+00
1.252361470258274601e+00
1.254480606989920588e+00
1.257496994078414421e+00
1.258711703065425347e+00
1.258282602554135821e+00
1.269139336738543511e+00
1.273593465314591278e+00
1.279495854518074349e+00
1.281026565038504872e+00
1.275758237796592143e+00
1.274829160439967302e+00
1.274581806749406576e+00
1.275054343354343978e+00
1.276545424763600778e+00
1.268612955675069820e+00
1.256994123420804854e+00
1.256958684161514128e+00
1.265680922335316483e+00
1.264369197784644516e+00
1.261365095591271412e+00
1.250768477621183372e+00
1.254380476389558741e+00
1.255578428389967582e+00
1.247295786729066158e+00
1.241259219465943531e+00
1.236200230184723248e+00
1.232805037954213701e+00
1.229268788988415961e+00
1.220065257936711944e+00
1.212307031683212077e+00
1.210745483699442904e+00
1.213087811999147281e+00
1.215786862393610779e+00
1.219023541079201634e+00
1.225340214639574432e+00
1.230005250219747381e+00
1.236363252068493512e+00
1.241304974833099095e+00
1.246564798687451736e+00
1.250327921478964655e+00
1.256138898862504849e+00
1.251768797671779510e+00
1.251139983463950500e+00
1.250654623379115371e+00
1.254316764715156296e+00
1.260271199436370004e+00
1.244148117293064182e+00
