2.250000000000000056e-01
0.000000000000000000e+00
5.636448911556142249e-01
6.146561813565288857e-01
5.893382093738970262e-01
6.152867576857152798e-01
5.936418444677757922e-01
5.795209470952862318e-01
5.677904783651699372e-01
5.748772289771676425e-01
5.640013087928259505e-01
5.531128602198071009e-01
5.544735589562779232e-01
5.536972614112589675e-01
5.530867400902190756e-01
5.522850746859028215e-01
5.531705671311617500e-01
5.122241927414727947e-01
5.612967666343179340e-01
6.364722346425465416e-01
6.431100263049008836e-01
6.313583618879531345e-01
6.187965229498727515e-01
6.086851506976163062e-01
5.902277193288160140e-01
5.873653609993105817e-01
5.805974796918917935e-01
5.646530936569592596e-01
5.527139198013186761e-01
5.401375550333705755e-01
5.311635272111252526e-01
5.278720717381123473e-01
5.249688661018196978e-01
5.339586900295741900e-01
5.420882290119719560e-01
5.507578753320031550e-01
5.566068306096143559e-01
5.429703176966155231e-01
5.320503506111347036e-01
5.385251081965387598e-01
5.399083467747120002e-01
5.449199473099141100e-01
5.455011568778339592e-01
5.440684529959159965e-01
5.480424316819657582e-01
5.470204688460224007e-01
5.516883517453807784e-01
5.466662267277516696e-01
5.448247529538583489e-01
5.496574270246966654e-01
5.449148701363852876e-01
5.423299863796253728e-01
5.467595432400821354e-01
5.498128525351689833e-01
5.489064986736357232e-01
5.614277124651112505e-01
5.729676022129432944e-01
5.683181153321925638e-01
5.692368835311985009e-01
5.628973404408177394e-01
5.603344420632991874e-01
5.583697012361511502e-01
5.536019961269665890e-01
5.561907365065131836e-01
5.545018901519969123e-01
5.443419945548003680e-01
5.413266345142719871e-01
5.409156729015736076e-01
5.387081931202224450e-01
5.378901388276241535e-01
5.354424402188875387e-01
5.408510052811953406e-01
5.424525804728829170e-01
5.437158090277168787e-01
5.524403036399179179e-01
5.653449246795911876e-01
5.634525960565566205e-01
5.626737460287347670e-01
5.517276052282815701e-01
5.429659914201432347e-01
5.446514335803143148e-01
5.475238580661575538e-01
5.407791876071853521e-01
5.406001825466302257e-01
5.423203209403509861e-01
5.481695590021021802e-01
5.500734412714268773e-01
5.496868349544120624e-01
5.517709255322070794e-01
5.526051006914209918e-01
5.563780291576675419e-01
5.558210482494608806e-01
5.452261451981953444e-01
5.377376121714211310e-01
5.423774037621644784e-01
5.481878863087606968e-01
5.454805463780950658e-01
5.441791033136630373e-01
5.350820516875153254e-01
5.345507445872262897e-01
