2.250000000000000056e-01
0.000000000000000000e+00
0.000000000000000000e+00
0.000000000000000000e+00
0.000000000000000000e+00
0.000000000000000000e+00
0.000000000000000000e+00
0.000000000000000000e+00
0.000000000000000000e+00
0.000000000000000000e+00
1.340381589062396017e+00
1.352520111364567068e+00
1.509694491538589478e+00
1.458915187989478612e+00
1.446240066234741883e+00
1.447207547510564574e+00
1.462452942754824070e+00
1.464278573759876689e+00
1.489070012989022418e+00
1.467564190783976708e+00
1.480063130158289830e+00
1.498929028152780063e+00
1.456440111152674133e+00
1.453033908249219186e+00
1.486774942832309154e+00
1.490773773261853341e+00
1.454662594198935288e+00
1.418392812383684864e+00
1.427542361400371274e+00
1.450467765916828800e+00
1.450118784746282197e+00
1.434786739895143270e+00
1.407451562900013053e+00
1.429560042885191340e+00
1.430681424779861155e+00
1.426020054661800707e+00
1.448641128007674084e+00
1.441882831518783714e+00
1.438877765608043591e+00
1.427891576105887683e+00
1.430244304470540628e+00
1.457586099837767879e+00
1.436753577074838306e+00
1.467685311757129796e+00
1.464080429546515738e+00
1.469891355083879025e+00
1.464938545942738868e+00
1.477739252992609886e+00
1.469176782763605527e+00
1.502750465194678364e+00
1.502852479199888958e+00
1.504776720839854587e+00
1.489496313123094273e+00
1.477447021905196278e+00
1.450070189266796206e+00
1.434625372320847969e+00
1.437316909544820165e+00
1.453217431108618785e+00
1.452565924333557135e+00
1.449494771013840611e+00
1.448969014889776474e+00
1.448039041747711808e+00
1.450334861285896171e+00
1.442512284687092583e+00
1.436472227284503633e+00
1.437190829804255721e+00
1.436394452142712996e+00
1.439834208542399185e+00
1.439305603299512626e+00
1.435862481913982913e+00
1.430740751293722912e+00
1.414576696826675084e+00
1.424137746708963537e+00
1.422611270061337585e+00
1.419870316654050058e+00
1.438973044289579395e+00
1.456540102912096790e+00
1.464231395383554846e+00
1.464296193914257138e+00
1.451618218240311897e+00
1.439041863661489895e+00
1.438554257236537737e+00
1.427836356814799590e+00
1.423767371362234746e+00
1.417952002434241354e+00
1.431647719968492494e+00
1.432570654279011757e+00
1.429151886500572566e+00
1.425809082678961115e+00
1.424372881529150092e+00
1.432295185915637203e+00
1.447949678078643165e+00
1.451977203053975263e+00
1.460250200234848750e+00
1.464896554495708214e+00
1.462148395458778616e+00
1.463909070604977769e+00
1.450808896629634193e+00
1.441105713837580238e+00
1.449228837253509372e+00
