2.250000000000000056e-01
1.570665521176810020e-01
3.393969010576376455e-01
3.415202374853443801e-01
2.572446355609374624e-01
3.833905047218064688e-01
3.678509321859308456e-01
3.574618588320221391e-01
4.559515643556538711e-01
4.855949038926475336e-01
4.691153792366999364e-01
5.459396677305736745e-01
6.065732903048370872e-01
5.724313789367893035e-01
5.609400554104202463e-01
6.657305015814900528e-01
6.931509764051331235e-01
6.664123938326674823e-01
6.692199379132738324e-01
7.017199294483638106e-01
8.184511117845328920e-01
6.625875886642157431e-01
5.671958422251451859e-01
6.272617583565250898e-01
6.777666823865435841e-01
6.922436144234808131e-01
6.954105441703214430e-01
7.390077391580022192e-01
8.036326827233043479e-01
8.369089240932533480e-01
8.771929731206344893e-01
8.241714805603840288e-01
8.372245177370161162e-01
8.386130980446341310e-01
9.646937884249999762e-01
9.059807122610953334e-01
9.495826281533455981e-01
1.054717804526275726e+00
1.081701751656670707e+00
1.105882215524019774e+00
1.127253192009390892e+00
1.053521286790572775e+00
1.324450731136200377e+00
1.442834228809537711e+00
1.395497018748147022e+00
1.401475360641985857e+00
1.411974827568048374e+00
1.436026406163484648e+00
1.434892370927454808e+00
1.502538821662470880e+00
1.543575204396955058e+00
1.677214203447630059e+00
1.703642704630063953e+00
1.784575575317647322e+00
1.852996886961579825e+00
1.863056773055828286e+00
1.935987397540800625e+00
1.942098176881274174e+00
1.980082635353767717e+00
2.001442072026336838e+00
2.039897933464947410e+00
2.042142232987326000e+00
2.064270671583575911e+00
2.087236811091184308e+00
2.068715615576531164e+00
2.014316078161316081e+00
1.988149095228405328e+00
1.979764939084609709e+00
1.986769590671243924e+00
2.021108744597167828e+00
2.075915692147168645e+00
2.144205341561221445e+00
2.155395488510476909e+00
2.170781648210694303e+00
2.196018617380811833e+00
2.190689811006615084e+00
2.202038583883394018e+00
2.196840907079378180e+00
2.198239348419215311e+00
2.211324561754055562e+00
2.276803783461661013e+00
2.286401251075568464e+00
2.323737973196143169e+00
2.354359510091518448e+00
2.312422703520982115e+00
2.305875024043455124e+00
2.332616107800880467e+00
2.337021553756311487e+00
2.330076934386057452e+00
2.333342738620845402e+00
2.323061797916018634e+00
2.318427872969927694e+00
2.324591260800666692e+00
2.322282291166998913e+00
2.350990736738485687e+00
2.348623675060826255e+00
2.329294281118961862e+00
2.327124230707753760e+00
2.347180403755176226e+00
2.381923703609700294e+00
