2.250000000000000056e-01
0.000000000000000000e+00
9.074793003440199124e-01
7.417984799453810618e-01
7.494058326052972507e-01
7.541723689876121961e-01
7.705209866242284100e-01
7.981525537352337496e-01
8.029540018485291641e-01
7.676773825115182914e-01
7.631559945542913947e-01
7.396672190914692635e-01
7.383144496148714708e-01
7.340360299488400964e-01
7.431538146941978340e-01
7.376556332802381988e-01
7.433876010618412078e-01
7.440618419352960089e-01
7.514037733093369420e-01
7.457954145840939297e-01
7.306204540907285105e-01
7.207384983432677528e-01
7.176644922577483099e-01
7.125935755157368767e-01
7.093397177974766210e-01
7.113207948403182934e-01
7.149444858070114206e-01
7.200453909505554195e-01
7.260920539591145806e-01
7.296772718314298301e-01
7.370246499624583114e-01
7.437869460616092221e-01
7.517500560847291124e-01
7.531518664314431621e-01
7.511345971171881075e-01
7.471464198917910915e-01
7.430291429584375829e-01
7.359518853633543189e-01
7.300942105069467836e-01
7.160327782981504852e-01
7.099104157043022445e-01
7.146903665050324816e-01
7.178343880437708657e-01
7.125908168063305181e-01
7.149482477155708615e-01
7.114346804148427017e-01
7.087311777178121330e-01
6.998714294748671350e-01
7.029969943129238397e-01
7.057557506811416026e-01
7.134025930880650845e-01
7.051059051919361664e-01
7.080923282242046479e-01
7.111289518898661344e-01
7.180683177839632947e-01
7.224633974643384082e-01
7.284377220340315651e-01
7.343031609434782503e-01
7.300309700047235006e-01
7.393557379418719266e-01
7.432501590425091287e-01
7.474057953491122230e-01
7.503994741974208127e-01
7.453675218105847433e-01
7.357098722992964079e-01
7.257298957144352469e-01
7.190039761692150755e-01
7.206374938783148831e-01
7.080832268199701574e-01
6.945669330467753033e-01
6.950166496562403262e-01
7.059379982008888721e-01
7.127761342370818598e-01
7.237894798742687819e-01
7.197239508296545685e-01
7.318809319198827934e-01
7.375707798385975345e-01
7.422279817703738569e-01
7.417762680498775074e-01
7.289318121628762803e-01
7.238528435469169242e-01
7.211473258515972429e-01
7.180065227268896955e-01
7.147865136640688677e-01
7.220257920214745440e-01
7.261017499632055339e-01
7.275367456185601878e-01
7.293018421869634782e-01
7.260038189010802334e-01
7.275737340529949693e-01
7.337758059984910153e-01
7.429940192849052716e-01
7.477835614757571969e-01
7.524947794573010329e-01
7.597322849536594092e-01
7.597522579664883757e-01
7.636303540355615649e-01
7.541717114468715621e-01
7.548303169527376122e-01
7.486742575765674701e-01
