2.250000000000000056e-01
1.423358949086916680e-01
1.070500374404746713e-01
9.384465502657790559e-02
1.880296579897894060e-01
1.652102205214386887e-01
1.496172256040814441e-01
2.179431562186305293e-01
2.055592590221711757e-01
1.996009951279854033e-01
2.290616565286335005e-01
2.597587765028069873e-01
7.305643264010819316e-01
8.307483404969355778e-01
7.915818739794174830e-01
8.959743069376291391e-01
8.756385400920941864e-01
8.883201186478000277e-01
8.530079460314119455e-01
8.018256106918481008e-01
7.648256366001604523e-01
7.256955812128286221e-01
7.225987636440486250e-01
6.866926941541029450e-01
6.762331336846194585e-01
6.623486371085633984e-01
6.580186665837477467e-01
6.738956047994467680e-01
6.938361067437539553e-01
7.098942715018408123e-01
7.074188324480388257e-01
6.848019855268648870e-01
7.198235377095079102e-01
7.445996358373402346e-01
7.607288679193234815e-01
7.864136902845383359e-01
8.019741673777803781e-01
7.983195055462318779e-01
8.168540260507621831e-01
8.323732916958640482e-01
8.510743148790692603e-01
8.537036672906068713e-01
8.650109686431887157e-01
8.727085656940259950e-01
8.666576517925058676e-01
8.671762155835152086e-01
8.638715680460499202e-01
8.610761255004191206e-01
8.521748644565538822e-01
8.405163523582311891e-01
8.349307127498127867e-01
8.320804946099739086e-01
8.245497595667176105e-01
8.171890961191151659e-01
8.069043852108371828e-01
8.010147700504032242e-01
8.059552424099071244e-01
8.159298520940486688e-01
8.194892208498889552e-01
8.270708493695025920e-01
8.299777177162409592e-01
8.300626518139780918e-01
8.244372884481686592e-01
8.215300521949832069e-01
8.094798075475662102e-01
8.085512214246962648e-01
8.090140677839896544e-01
8.066217765180179189e-01
8.025758695136858689e-01
8.039312326930846409e-01
8.084620938105715471e-01
8.068765348210618082e-01
8.095942176510673161e-01
8.068831286817280679e-01
7.998458593275569184e-01
7.944808765807021000e-01
7.911722180154702189e-01
7.838201056425763147e-01
7.834581412666283828e-01
7.876238775978495754e-01
7.846995112662347172e-01
7.832275785253272060e-01
7.908285769887718475e-01
7.898724395236370599e-01
7.910138944501932112e-01
7.915166470871348725e-01
7.878852199506465315e-01
7.870572266170162701e-01
7.924932423158297379e-01
7.933878105802443237e-01
7.919476410943603328e-01
7.936330680862692111e-01
7.953941482186691614e-01
7.953567284916717162e-01
7.889069603539009545e-01
7.908163661094514962e-01
7.801194124034911415e-01
7.756742531484254188e-01
7.704835233635778380e-01
7.667662205953043042e-01
