2.250000000000000056e-01
0.000000000000000000e+00
0.000000000000000000e+00
0.000000000000000000e+00
1.916625333815189069e+00
1.875567373788129322e+00
1.886591983992584209e+00
1.821623875606185994e+00
1.797627333168909658e+00
1.794492549417456839e+00
1.722244810840620310e+00
1.714110440513682443e+00
1.668677983676079002e+00
1.706544895010232210e+00
1.628658838283519872e+00
1.612448535462463584e+00
1.599510366627906244e+00
1.554949167495852214e+00
1.598868059604290126e+00
1.618633723750269926e+00
1.570294773002977706e+00
1.569341756002332611e+00
1.510106847424581344e+00
1.561447601368253668e+00
1.518387817735026291e+00
1.540814142965070577e+00
1.572739789379648645e+00
1.554861869757245607e+00
1.578571410021907706e+00
1.579916453682080446e+00
1.544445464200450147e+00
1.575464097630841165e+00
1.601084898671609302e+00
1.598870005005789574e+00
1.593711688290416539e+00
1.618051806388975056e+00
1.625311266004926924e+00
1.623500528757784389e+00
1.626325556397307137e+00
1.626595370085169634e+00
1.594637237964561027e+00
1.598661285413652378e+00
1.590658156631492348e+00
1.583027969707596183e+00
1.576218641394765863e+00
1.592322023825430755e+00
1.570861831509801076e+00
1.547581616260737869e+00
1.564924655594315483e+00
1.582342570359661638e+00
1.589743580189479477e+00
1.555186518880980584e+00
1.566407509094114747e+00
1.569498837819224724e+00
1.575089556605142826e+00
1.590228143902701063e+00
1.570510593067694138e+00
1.542853426208438794e+00
1.522881768130685654e+00
1.489548101605284947e+00
1.521759746514440348e+00
1.512288355978449683e+00
1.504431313626498401e+00
1.517770889753347952e+00
1.521083864504965133e+00
1.545399803743880751e+00
1.510889075774658474e+00
1.496995106775220741e+00
1.500558786853946502e+00
1.504705576285324975e+00
1.537173654040536075e+00
1.533033807226157341e+00
1.526409506825119555e+00
1.515663941296046202e+00
1.503168350579037860e+00
1.477915931288858564e+00
1.453632187160486922e+00
1.444433394441016372e+00
1.448535318725773013e+00
1.484582220705655597e+00
1.488805493956296688e+00
1.506512303197797165e+00
1.522029092710673881e+00
1.529074179280392576e+00
1.514198761690418671e+00
1.525508488210193692e+00
1.543032685302938356e+00
1.538749305136440260e+00
1.533615757184628725e+00
1.516898032909918648e+00
1.486608232997993051e+00
1.486484562077870164e+00
1.482937153561557198e+00
1.484323991500650752e+00
1.509780647501495432e+00
1.512634149564333175e+00
1.517834982456044646e+00
1.511071197275080769e+00
1.497862024866307040e+00
1.487586705596209535e+00
