2.250000000000000056e-01
0.000000000000000000e+00
0.000000000000000000e+00
0.000000000000000000e+00
0.000000000000000000e+00
0.000000000000000000e+00
0.000000000000000000e+00
0.000000000000000000e+00
1.157209254041271951e+00
1.145233997585863195e+00
1.123124346471450208e+00
1.096816865244087724e+00
1.046600875830884902e+00
9.988301048692949102e-01
9.748105044421508936e-01
9.337104322534269807e-01
8.575240912536998827e-01
8.415785735814752533e-01
8.193975364826833196e-01
8.129944069467899270e-01
7.992249636362905862e-01
7.859614276413500189e-01
7.791013447998178520e-01
7.769326782591786662e-01
7.668302222345732000e-01
7.676609599254636818e-01
7.692734194611369203e-01
7.792834641078484337e-01
7.977224708198016323e-01
8.027249601074372132e-01
8.295500763125999155e-01
8.464922935954747318e-01
8.422487720273904577e-01
8.527750411062332558e-01
8.521198464991481814e-01
8.583924645693007394e-01
8.637178416190177677e-01
8.650310410397477057e-01
8.590268905499268692e-01
8.582239313530517499e-01
8.502360133631868822e-01
8.403198772880192680e-01
8.465168577030151020e-01
8.498003233225124298e-01
8.423029307757661233e-01
8.389643267905710911e-01
8.350218219361791316e-01
8.426900553433370744e-01
8.482293090345773834e-01
8.490428962576553884e-01
8.463488281791676782e-01
8.453744610522602176e-01
8.552200147708061140e-01
8.529017379598931026e-01
8.465834226361019788e-01
8.420870799015979236e-01
8.339869456604307452e-01
8.354800540682026933e-01
8.396054081997450513e-01
8.418382359208214094e-01
8.441927295795493835e-01
8.470764138358871653e-01
8.516519851410339070e-01
8.549071680124812334e-01
8.559954808207734800e-01
8.536169994675297801e-01
8.482475233090378541e-01
8.445645120669914574e-01
8.521113514141848144e-01
8.512838484851718013e-01
8.581544720968182771e-01
8.644140826846601344e-01
8.698403893784285579e-01
8.686185705283027136e-01
8.679681928211588904e-01
8.702835447198075114e-01
8.697502135241484966e-01
8.699462056532532017e-01
8.725942915600278793e-01
8.745611404498296881e-01
8.727204745225063398e-01
8.705227814203204684e-01
8.676315290179575923e-01
8.674107948379432553e-01
8.709369183196749020e-01
8.661960409462284849e-01
8.618943827435548988e-01
8.561104345576859842e-01
8.541458713714389361e-01
8.560007735114335548e-01
8.585214776510328161e-01
8.633038316345388319e-01
8.640194433621647407e-01
8.626933520369962638e-01
8.679516528243228501e-01
8.696265721203020327e-01
8.724485241381515488e-01
8.704368257367954831e-01
8.728380870571711414e-01
8.742162672609226082e-01
