2.250000000000000056e-01
0.000000000000000000e+00
0.000000000000000000e+00
0.000000000000000000e+00
0.000000000000000000e+00
4.033878783408639257e-01
4.410762788180420668e-01
4.410333047236018600e-01
4.727414478775353035e-01
4.730023090569601685e-01
5.154748358137208886e-01
5.075585324158617961e-01
5.370970149291114382e-01
5.543455150170331081e-01
5.499270839785561638e-01
5.524622786246772277e-01
4.062592422005365522e-01
3.805226315488264843e-01
3.707872545205133652e-01
4.088442557016656043e-01
4.214127420335277430e-01
4.400947370662437463e-01
4.156896743572166542e-01
4.441999637193802530e-01
4.574346401126525574e-01
4.773949843144796867e-01
4.921146351802022645e-01
5.153184306096725287e-01
5.352903782643361197e-01
5.549180936040566392e-01
5.796430473704463626e-01
6.115257504109792297e-01
6.147647792678415657e-01
6.465892192962511276e-01
6.723924047498277545e-01
7.009956448491903025e-01
7.075760040202865309e-01
7.359029237331298212e-01
7.509828806376650512e-01
7.027773353198160100e-01
6.789231449073219737e-01
7.727790226254822592e-01
8.031442041295139278e-01
7.913452627149519802e-01
8.054850067109214917e-01
7.966690930743979271e-01
8.707706648698740892e-01
8.744095619877229053e-01
9.059145473368609425e-01
9.073916782172517514e-01
9.372854465897741960e-01
9.354059086896936437e-01
9.342753371017448183e-01
9.191806798132614587e-01
9.641130806974073097e-01
9.944087246676416303e-01
1.025952659874755257e+00
1.041120457569934210e+00
1.069638992684664336e+00
1.093442595414183094e+00
1.095208236920228950e+00
1.131464242553077648e+00
1.177500965982145154e+00
1.204538131580343618e+00
1.233257045373914895e+00
1.248275536318277368e+00
1.256769638789437815e+00
1.258475349297399237e+00
1.262368458249373493e+00
1.266271766547008237e+00
1.248151702186102829e+00
1.220336130044440637e+00
1.186082413378923395e+00
1.163071888402329890e+00
1.170319612274973942e+00
1.191345618109972415e+00
1.197552116511414244e+00
1.216274768367637149e+00
1.228618610502880459e+00
1.242759714791917380e+00
1.261187078998451172e+00
1.237109037883538543e+00
1.231635982414177377e+00
1.226158907619355309e+00
1.190638389311361678e+00
1.191513143619080228e+00
1.160954748195363040e+00
1.151105187403555608e+00
1.156679213315199739e+00
1.157882214611647864e+00
1.167839881781198130e+00
1.201149470971830446e+00
1.202624361023669763e+00
1.225856749663565504e+00
1.245991295156065659e+00
1.260791447927673614e+00
1.271209376375268318e+00
1.279635823135811146e+00
1.284369599915255122e+00
1.292619152637345614e+00
