2.250000000000000056e-01
0.000000000000000000e+00
0.000000000000000000e+00
0.000000000000000000e+00
1.079561628894267544e+00
1.090828678602321133e+00
1.167214129622425212e+00
1.149743857956534887e+00
1.123645910039820173e+00
1.091607506524280069e+00
1.103229688551545351e+00
1.064747455455490099e+00
1.018931123234702474e+00
1.002192174305366112e+00
9.917424630731415114e-01
9.443764689862954587e-01
8.671093580994108097e-01
8.200828066611044465e-01
8.144568157834651823e-01
8.261175703209070464e-01
8.556007084897461201e-01
8.672595319699605287e-01
8.816435043319109655e-01
9.030140979478133989e-01
8.876785527898963801e-01
9.065451833251357838e-01
9.241095329214304988e-01
9.315423192040713785e-01
9.383668116940362403e-01
9.509193541768751201e-01
9.680466346538163513e-01
9.666847223170703662e-01
9.721398632997235723e-01
9.651515693897996240e-01
9.532315907496029528e-01
9.361104148860377450e-01
9.086152174150432526e-01
8.856731125910680680e-01
8.671017903301247998e-01
8.440073255170083000e-01
8.371702879571387701e-01
8.278058757942154955e-01
8.402790672772016967e-01
8.688258053295589978e-01
8.978654719917965599e-01
8.862408053103488781e-01
8.860757082099097737e-01
9.016489537477472282e-01
9.008701884758425482e-01
8.999629688617185597e-01
9.006923690253317849e-01
8.907088946797036000e-01
8.834450649454983484e-01
8.805386868340394635e-01
8.806987510603760949e-01
8.517037774203799483e-01
8.520560237209281462e-01
8.608446665756291916e-01
8.776956332899999991e-01
9.003200902788225379e-01
9.133692343909385336e-01
9.078964076253784876e-01
9.143432645185198826e-01
9.220352334770498537e-01
9.188719880876489166e-01
9.132267516678488350e-01
9.139421941508084624e-01
9.185148910932746658e-01
9.154875241054453161e-01
9.178507653995572335e-01
9.308304551935793203e-01
9.452812889458304113e-01
9.402282081733334129e-01
9.333402828764800763e-01
9.247479357499280850e-01
9.350132728613513855e-01
9.138191061633498258e-01
8.870737047955897792e-01
8.745035509993952516e-01
8.790471829641451906e-01
8.782059326121957055e-01
8.838717787707218720e-01
8.849718542074480609e-01
8.872990317057276588e-01
8.737335150212824919e-01
8.748978082264885492e-01
8.653450554129510364e-01
8.767275747401803709e-01
8.777014378097576230e-01
8.688841134718556791e-01
8.660751794161916095e-01
8.736273372425389372e-01
8.862179001199910200e-01
8.949065423623377979e-01
8.975351423835410403e-01
8.996389673450982949e-01
8.968885673504634060e-01
9.026285555858666321e-01
9.138064387116310305e-01
9.095959802247380876e-01
