2.250000000000000056e-01
0.000000000000000000e+00
0.000000000000000000e+00
0.000000000000000000e+00
9.723829012791482262e-02
3.268228875547537493e-01
2.903236131904560202e-01
3.486956886737436756e-01
4.221900151496169595e-01
4.253515754044566166e-01
4.745093942566934730e-01
4.603506852862799814e-01
5.431484986245890267e-01
5.297608552627474099e-01
5.931704831487637497e-01
6.774487844693489746e-01
6.661342101659738502e-01
7.614648060491078230e-01
7.741393596774451824e-01
1.030012761504122576e+00
1.144633759886976465e+00
1.148887928206866693e+00
1.143702803635947562e+00
1.142987496283423221e+00
1.141350924162257474e+00
1.110413480328035218e+00
1.106607093734095937e+00
1.127001307969137889e+00
1.123477620928863274e+00
1.123416902683900487e+00
1.219385009164986933e+00
1.249490248918843305e+00
1.277316843951377789e+00
1.296968757276310003e+00
1.302344247467801308e+00
1.321305340584346677e+00
1.371434515572616641e+00
1.385520064140281615e+00
1.387181909625402332e+00
1.379887445672139279e+00
1.344831710488265220e+00
1.345829620665479842e+00
1.329338003714689798e+00
1.322027961909163496e+00
1.299109660419140555e+00
1.313177268933562125e+00
1.319266189485043927e+00
1.332728630451123664e+00
1.338387184964910492e+00
1.351701136471546993e+00
1.337018271299475369e+00
1.334323038057217525e+00
1.334262640887511564e+00
1.305116248498863429e+00
1.299614668439700527e+00
1.297561809704285363e+00
1.312659110192325951e+00
1.305213349740303341e+00
1.288176048288857789e+00
1.304351167574068437e+00
1.290516181951987695e+00
1.270947075223885392e+00
1.288517422193329098e+00
1.238277032586818205e+00
1.214901827342151686e+00
1.178945944669489210e+00
1.191234723827317987e+00
1.178123255958695381e+00
1.180938043613733779e+00
1.156162754560893235e+00
1.144439292535382124e+00
1.171926932786580222e+00
1.163602238437953407e+00
1.169250170836030112e+00
1.179964705145897019e+00
1.169500973388365006e+00
1.146918678960242133e+00
1.176149235876617238e+00
1.201363875448000940e+00
1.195519747039172742e+00
1.184691832804761535e+00
1.191922614048064100e+00
1.217476174378582243e+00
1.219764724684063939e+00
1.239305100270488680e+00
1.228297940374780017e+00
1.232920353924169987e+00
1.252237822833128122e+00
1.241716920537608182e+00
1.235432243439650968e+00
1.257133625609189398e+00
1.277315069179379758e+00
1.299804374373210836e+00
1.316700551772200800e+00
1.323853354723521836e+00
1.323177443399788267e+00
1.328652984319802721e+00
1.313343368718123072e+00
1.305236494490497279e+00
1.289529782379033929e+00
