2.250000000000000056e-01
0.000000000000000000e+00
0.000000000000000000e+00
1.993295155903366811e-01
1.992113109966756057e-01
2.584470763033285823e-01
2.673255270552928886e-01
2.686273458084930676e-01
3.201233102575915535e-01
3.259215761529238309e-01
3.344328527281405505e-01
3.164247250767527331e-01
3.552122999931592862e-01
3.416877886384346308e-01
3.587068871648543822e-01
3.479523191431956874e-01
3.809648985329674997e-01
3.998620760902029669e-01
3.901161628734028386e-01
4.073688192924407314e-01
4.255338044688533605e-01
4.376382415819224381e-01
4.464299692440255596e-01
4.413184906659687878e-01
4.527388987494799233e-01
4.764093771125846311e-01
5.015460252363717064e-01
4.955389798265754653e-01
5.070770619061307771e-01
5.165443279861596793e-01
5.487939776711715512e-01
5.639207670523124216e-01
5.616502608004677599e-01
5.847057260343978546e-01
5.992871099652878897e-01
6.311477283856433695e-01
6.414546852302099866e-01
6.462481081364471747e-01
6.487246552703420654e-01
8.189137739273167904e-01
8.509798349439130494e-01
9.176823986359265994e-01
9.756486241251346447e-01
9.778344531320936062e-01
9.787098328915178058e-01
9.854294051563040613e-01
1.063072864882704582e+00
1.082460578998630574e+00
1.133999129675206996e+00
1.169380653933875358e+00
1.195416115627687903e+00
1.199479130124754045e+00
1.213225306562486283e+00
1.231489189097420001e+00
1.261592946372120050e+00
1.255895974141812976e+00
1.255078698552763550e+00
1.292104618851604103e+00
1.315060457692102780e+00
1.311708251154668936e+00
1.332514864103408803e+00
1.346837579098124849e+00
1.342407864942872120e+00
1.322404899461237626e+00
1.312946829930646375e+00
1.333823381527733165e+00
1.325252183873544043e+00
1.311955431400588790e+00
1.337754549564692530e+00
1.338721789195359113e+00
1.339064881356918146e+00
1.330762935437585615e+00
1.309862941562897287e+00
1.307606892785458497e+00
1.301969897225651485e+00
1.302662278361472969e+00
1.286614651937200815e+00
1.270726224720988728e+00
1.269987474732716004e+00
1.287936961624283505e+00
1.289277585244446911e+00
1.284479944312512556e+00
1.273733197184689692e+00
1.248681826097247205e+00
1.246836946676659119e+00
1.240653936749391839e+00
1.228470233679068269e+00
1.209104727806515012e+00
1.204867749505392771e+00
1.207528908465007378e+00
1.208793942870574289e+00
1.203844786818515811e+00
1.206730361150530229e+00
1.190716376703780499e+00
1.195964419128237033e+00
1.196868407611432428e+00
1.211886261837280987e+00
1.199344622740701416e+00
1.215241412872586801e+00
1.227683990276131620e+00
