2.250000000000000056e-01
0.000000000000000000e+00
0.000000000000000000e+00
0.000000000000000000e+00
0.000000000000000000e+00
0.000000000000000000e+00
1.792671174765248843e+00
1.757033444974192005e+00
1.529803280949466160e+00
1.639325819071551171e+00
1.594685798881749772e+00
1.623932018588319703e+00
1.660662328927057896e+00
1.605165517730572589e+00
1.666973238697062376e+00
1.645385587716686304e+00
1.610122366956964646e+00
1.613490575776043601e+00
1.579309152201471944e+00
1.556030842122180902e+00
1.536357378216497649e+00
1.513494742383199032e+00
1.502007774671677343e+00
1.464027658288378886e+00
1.445658057967855736e+00
1.404967176774001958e+00
1.399553375107410291e+00
1.370885835329400892e+00
1.350321175268408336e+00
1.341769423029608665e+00
1.343349490527669499e+00
1.354376062911858636e+00
1.347317001600877528e+00
1.333753786274545439e+00
1.334306351302110061e+00
1.357382429152372616e+00
1.359604463034639998e+00
1.339069087039856720e+00
1.352400124995806863e+00
1.349627016640176258e+00
1.318711437844947598e+00
1.309135306411882693e+00
1.326279098520937394e+00
1.331776167476729000e+00
1.329170067566159963e+00
1.344822175191655811e+00
1.330030639148127580e+00
1.343172075746239091e+00
1.343474836646869841e+00
1.339397539066091269e+00
1.334579731345101994e+00
1.340821115343892256e+00
1.328489676083637550e+00
1.325416408548695246e+00
1.330116991637620760e+00
1.351559307978791313e+00
1.347305707367156824e+00
1.351136037284029978e+00
1.356069357096056915e+00
1.366673178947045209e+00
1.366086674219104236e+00
1.367205892736394590e+00
1.372478615556913972e+00
1.376609706974524450e+00
1.376409150891612754e+00
1.385487913541357141e+00
1.389157582982444072e+00
1.397416845605512936e+00
1.411809135650894831e+00
1.411863425863745913e+00
1.421541147277255224e+00
1.431045441873196822e+00
1.435376117131186513e+00
1.437224257381452430e+00
1.444567884405753233e+00
1.441577795636889592e+00
1.437302264637603688e+00
1.445014030676980088e+00
1.440552475887601158e+00
1.450174511062961136e+00
1.455457356195892782e+00
1.452211463787714596e+00
1.458859522737517400e+00
1.457016379778049986e+00
1.460473064438419621e+00
1.466501433082612049e+00
1.466060067857594351e+00
1.480512704872768204e+00
1.481424105603393659e+00
1.476182693036460547e+00
1.486750361943109722e+00
1.481855003206456134e+00
1.481415218825373969e+00
1.486791938843633698e+00
1.479050504554706214e+00
1.472465205150643497e+00
1.466072713556391349e+00
1.470931419627628411e+00
1.468334341028324275e+00
1.468192945310294650e+00
