2.250000000000000056e-01
0.000000000000000000e+00
0.000000000000000000e+00
6.692787315033003059e-01
5.672530268033203482e-01
5.621905121741473943e-01
6.804684854127127647e-01
6.903948951937172174e-01
6.928742112173753576e-01
7.239911925930859748e-01
7.350663274987153661e-01
7.026668000568592198e-01
7.695813738105743429e-01
7.690392782768342705e-01
7.809191517349948208e-01
7.844488847742470128e-01
7.907032217098172167e-01
7.846200973853223459e-01
7.617326554205137157e-01
7.361910860532487888e-01
7.327431203209273658e-01
7.463522602383386717e-01
7.475303998456699350e-01
7.388840746191711606e-01
7.362325121296220409e-01
7.510511541742599384e-01
7.530706506178496129e-01
7.321204462590334971e-01
7.244454980609551509e-01
7.279224969835412784e-01
7.365756027089791491e-01
7.253241345161473008e-01
7.129331890701577912e-01
7.162416359614398598e-01
7.214078841788592600e-01
7.139054514819097585e-01
7.105306618207253289e-01
7.083695175096630381e-01
7.209877858877367096e-01
7.216825525430308197e-01
7.144699727803855982e-01
7.199725942469878959e-01
7.266758303736260416e-01
7.277299891638471241e-01
7.235542065580773397e-01
7.239586552350124604e-01
7.351034933806033234e-01
7.398433262003691890e-01
7.356599067048705809e-01
7.192859779458325997e-01
7.251549893445130568e-01
7.294568330021510283e-01
7.277296474899975776e-01
7.213065380141713279e-01
7.236580470540414645e-01
7.289349308898680491e-01
7.293126088061927526e-01
7.238287011683481875e-01
7.173370932259685029e-01
7.224814543700982528e-01
7.254393832317371782e-01
7.190802435275541749e-01
7.155975830837166818e-01
7.138788663004944635e-01
7.135868361141028959e-01
7.102774449783992861e-01
7.046741453063904981e-01
7.021658736541189771e-01
7.082907183599282952e-01
7.055191099185762482e-01
7.072058731126332765e-01
7.063166875992742400e-01
7.087952495386008467e-01
7.084134851157986024e-01
7.074142135049080737e-01
7.075595061178207024e-01
7.028153985826169903e-01
7.014821613077169005e-01
6.985074484502388215e-01
6.994528855116118882e-01
7.021030966956893771e-01
6.998160387844323260e-01
6.931167094047356869e-01
6.975172614211468947e-01
6.968922801519171761e-01
6.939764122789766621e-01
6.935384122547428865e-01
6.950749959383474286e-01
6.965074550746279680e-01
7.016950654517182251e-01
6.974995791248611576e-01
6.949040859821107308e-01
6.929546998983837636e-01
6.942973402964232044e-01
6.974285633492846026e-01
6.930104809857752235e-01
6.937879515124750762e-01
6.984226311607547588e-01
7.035097330033137641e-01
7.025542556275200523e-01
