2.250000000000000056e-01
0.000000000000000000e+00
8.787914918796599917e-01
8.378770023338014683e-01
8.261348429990246212e-01
7.964951650147311657e-01
7.729246167326621064e-01
7.478105218631361240e-01
7.175210237711637795e-01
6.632606677658875460e-01
6.345697728825108186e-01
6.325684372258212340e-01
6.302605178411303521e-01
6.299862769812307750e-01
6.259383582653361699e-01
6.117229214714654528e-01
5.974195842666772949e-01
5.814634976665619126e-01
5.653492492879937936e-01
5.552420532807714748e-01
5.457259459137454582e-01
5.500760833354899626e-01
5.691329161124218938e-01
6.109413960180322123e-01
6.205712212489060686e-01
5.915330837032291011e-01
5.918084106944342393e-01
5.922362445392289620e-01
6.012051109415453842e-01
6.354568173235262130e-01
6.821178054156854520e-01
7.022655455723137985e-01
6.809695815091080240e-01
6.324382523466492989e-01
6.240471239232638911e-01
6.215917285885345089e-01
6.199240096370008946e-01
6.237119386135046017e-01
6.216405885358237127e-01
6.059900386651677628e-01
6.045382261260699996e-01
6.130239037424727311e-01
6.179229138793973508e-01
6.176349937380525290e-01
6.213252398797634024e-01
6.364210803512894143e-01
6.370389392886793845e-01
6.307952749370904222e-01
6.156110085698345280e-01
6.009318227622866271e-01
5.965197228032331767e-01
6.330178499860771302e-01
6.679492227355890988e-01
6.794657679258927496e-01
6.751025104054260151e-01
6.375770307635909573e-01
6.186691060721539737e-01
6.093015350064951985e-01
5.974730558103452660e-01
5.743177021357793732e-01
5.392637233330771496e-01
5.182718961153116588e-01
5.018705657852585711e-01
4.843422252404580575e-01
4.731271508315983976e-01
4.721224118163226957e-01
4.645552510988401607e-01
4.630988358005673211e-01
4.886798675715888773e-01
5.440103394154193195e-01
5.759848235650034676e-01
6.184745516304425150e-01
6.276409381769934015e-01
6.346611031474410636e-01
6.361932664953637850e-01
6.671164408599603579e-01
6.919395367500196237e-01
7.108767652542139492e-01
7.510473133170000315e-01
7.641929958627121655e-01
7.797489597592687227e-01
7.965134132064899397e-01
8.123701414612355398e-01
8.156276928439551988e-01
8.315365716604065094e-01
8.401217678688269741e-01
8.384898061156091931e-01
8.359954558808576630e-01
8.336293416448620208e-01
8.306638337650474879e-01
8.305338420537804467e-01
8.420922381464420736e-01
8.452915228823157934e-01
8.515029316357812794e-01
8.625717451229026889e-01
8.620308110746984775e-01
8.713857425003069812e-01
8.684989339114107532e-01
8.619420041535645893e-01
8.533682676087995800e-01
