2.250000000000000056e-01
0.000000000000000000e+00
0.000000000000000000e+00
0.000000000000000000e+00
0.000000000000000000e+00
0.000000000000000000e+00
0.000000000000000000e+00
0.000000000000000000e+00
0.000000000000000000e+00
0.000000000000000000e+00
0.000000000000000000e+00
0.000000000000000000e+00
0.000000000000000000e+00
0.000000000000000000e+00
0.000000000000000000e+00
0.000000000000000000e+00
0.000000000000000000e+00
0.000000000000000000e+00
0.000000000000000000e+00
0.000000000000000000e+00
0.000000000000000000e+00
0.000000000000000000e+00
0.000000000000000000e+00
0.000000000000000000e+00
0.000000000000000000e+00
0.000000000000000000e+00
0.000000000000000000e+00
0.000000000000000000e+00
0.000000000000000000e+00
0.000000000000000000e+00
0.000000000000000000e+00
0.000000000000000000e+00
0.000000000000000000e+00
0.000000000000000000e+00
0.000000000000000000e+00
0.000000000000000000e+00
0.000000000000000000e+00
0.000000000000000000e+00
0.000000000000000000e+00
0.000000000000000000e+00
1.008479289972679938e-01
1.605325849814645545e-01
1.666965671674089933e-01
2.265395921462614037e-01
2.273993345564227220e-01
2.342135146129886158e-01
3.030459740872691321e-01
3.087289205052154983e-01
3.136556995407415172e-01
3.178817323769671521e-01
3.804738839467881606e-01
3.616168933885916537e-01
3.559966183426857000e-01
3.508824752228919541e-01
4.211321073052339825e-01
3.935850076101291561e-01
3.794115536125861055e-01
3.785683445588274854e-01
4.245461323050401803e-01
4.025604738751904499e-01
4.062035118649720000e-01
4.029208274494356368e-01
4.791261882722837595e-01
4.836883072525226535e-01
4.888578476438682485e-01
4.993499932007594566e-01
5.165175641088003422e-01
5.890970613434816094e-01
5.905395715306042126e-01
6.037567425486189965e-01
6.125175967463500903e-01
7.077380480175714528e-01
7.078884259945782409e-01
7.162561467021210104e-01
7.132012541424839203e-01
7.476357813210153802e-01
8.273304570606822006e-01
8.249283839206843494e-01
8.227857746865206989e-01
8.259866105296669314e-01
9.376571117198108096e-01
9.409898952666129190e-01
1.016728253854302544e+00
1.083873509558912485e+00
1.086987311283154067e+00
1.143029706097367759e+00
1.191753981767743609e+00
1.384044104456369828e+00
1.420851096635702637e+00
1.463957374785342047e+00
1.464342762069652082e+00
1.457263568816864918e+00
1.469377103609754043e+00
1.463713268344963403e+00
1.437576995732795515e+00
1.426188582966210205e+00
1.399458933020149010e+00
1.372335001436318924e+00
1.358491613875313808e+00
1.348802035083592532e+00
