2.250000000000000056e-01
0.000000000000000000e+00
2.450784689090328428e-01
2.328532895217922949e-01
2.644731510914633543e-01
3.811843898891965066e-01
3.857139267519930637e-01
6.387733751513212654e-01
7.970248160194716158e-01
8.014791625278951948e-01
7.972989053206193111e-01
8.880391577039329354e-01
9.449700227897256388e-01
9.683658559837793334e-01
1.003504335924674695e+00
1.024112147309780951e+00
1.030175291122724657e+00
1.054396365328763574e+00
1.020348441641265369e+00
1.055983553797171126e+00
1.066067990452242986e+00
1.079238693561640261e+00
1.065261830751224270e+00
1.053783787761744417e+00
1.053759033076066665e+00
1.032729860661642185e+00
1.003015777642463746e+00
9.817755396523670797e-01
9.579840295553085916e-01
9.508197828176843114e-01
9.408323530091318165e-01
9.371447695953810664e-01
9.449584583678743988e-01
9.202843737113953759e-01
9.459421040613711362e-01
9.845566764818858285e-01
9.910523241729635169e-01
9.927054251806094465e-01
9.913082352538205022e-01
1.004536933179702496e+00
9.690244764359620122e-01
1.001351068741556327e+00
1.022946174662080265e+00
1.020296593709898891e+00
1.048737944278022916e+00
1.063063870474348249e+00
1.062955362126736469e+00
1.057469468925314127e+00
1.050209989139627265e+00
1.043973603538332240e+00
1.030936028946279448e+00
1.035450385459323552e+00
1.031956073129653095e+00
1.022929772966675532e+00
1.024359412851614470e+00
1.034754573392453025e+00
1.031325215780246607e+00
1.026675730441279244e+00
1.040553698056037923e+00
1.058331590353769558e+00
1.071190496191970931e+00
1.059004589658365525e+00
1.068908187181591085e+00
1.068191212508408094e+00
1.075664348299918416e+00
1.088449417800928964e+00
1.096505931941267109e+00
1.099654290498239595e+00
1.102585193958239618e+00
1.081659032006559551e+00
1.057265368373212056e+00
1.074714300081080154e+00
1.072994904094499491e+00
1.055980674722535984e+00
1.065964601051384353e+00
1.061025457755816026e+00
1.047369072868403750e+00
1.045396653155439282e+00
1.031682657347674947e+00
1.028431882767929517e+00
1.036650469502161442e+00
1.041731887688941427e+00
1.053412846538922976e+00
1.057643485846713860e+00
1.051047398209697725e+00
1.055889581082472883e+00
1.070562376321415377e+00
1.081053100579903559e+00
1.087114865504963834e+00
1.081517712256871988e+00
1.088001027262999632e+00
1.093316596319240830e+00
1.097764195204400384e+00
1.106153252898102624e+00
1.110948329218955921e+00
1.116673986012906905e+00
1.117056860672761331e+00
1.111372032597815140e+00
1.104959442827373461e+00
1.109921434675166241e+00
