2.250000000000000056e-01
0.000000000000000000e+00
1.630022931983878265e-01
1.630140229628412596e-01
2.197064524641859362e-01
2.207577214335451066e-01
2.217170628857513814e-01
2.792639508106545265e-01
2.817823618982242539e-01
2.644286284293185241e-01
3.034606911860693867e-01
2.993940192984004267e-01
2.924855093244246862e-01
3.448944889130762803e-01
3.547957388556758906e-01
3.559492050713757294e-01
4.076175051987483422e-01
4.141415977395537795e-01
4.229968045913982122e-01
4.610016274117297308e-01
4.605140092073512492e-01
4.811740728557986624e-01
5.064294638561214201e-01
5.233671365160308397e-01
5.435587801379150319e-01
5.489372286565584735e-01
5.737493813676798338e-01
5.988148369233269319e-01
6.584103964227147054e-01
7.867933670386793032e-01
8.156724547478479970e-01
8.513258311400824230e-01
9.544531687795326791e-01
1.029837067000110240e+00
1.028574255150153327e+00
1.080555896304434604e+00
1.092631765890827555e+00
1.119257237220428358e+00
1.144643643529290600e+00
1.150936841848787529e+00
1.164898379606981393e+00
1.164281528805109600e+00
1.167281755023227063e+00
1.189884337378992685e+00
1.199465395542602897e+00
1.184318811903270152e+00
1.181110967123387034e+00
1.187683039018214926e+00
1.170564307673296334e+00
1.186107221421945690e+00
1.168685603542153562e+00
1.183954661364651662e+00
1.211777396928817252e+00
1.224195763185521146e+00
1.237072287052711772e+00
1.262500914053676704e+00
1.255631360802032415e+00
1.261536887118506867e+00
1.275044742276532084e+00
1.295290654758253668e+00
1.290254417552954669e+00
1.270572796783007163e+00
1.267384909746359645e+00
1.267718434219299528e+00
1.257069199802690385e+00
1.268568296917132132e+00
1.267403419571748513e+00
1.282125635990000179e+00
1.275816170542623640e+00
1.287566706283304274e+00
1.273053207275526066e+00
1.262433730485682526e+00
1.259848745755201227e+00
1.262744552858625191e+00
1.260005648997340355e+00
1.240503002152036016e+00
1.239055838970396950e+00
1.229006956607638701e+00
1.228341213679274846e+00
1.231328535261662083e+00
1.241269852280800556e+00
1.233307575280488955e+00
1.225695890286494505e+00
1.190302360181236807e+00
1.164103018275525869e+00
1.149774884391695728e+00
1.168484245218516016e+00
1.160638691163496494e+00
1.180661499474557896e+00
1.170111941184806881e+00
1.156934924602653236e+00
1.155258142020589407e+00
1.128033842357096361e+00
1.111751993068381905e+00
1.113965202209459937e+00
1.125631154007682877e+00
1.094006969274692098e+00
1.075231467758793524e+00
1.076692666237680784e+00
1.056270727911615470e+00
