2.250000000000000056e-01
0.000000000000000000e+00
0.000000000000000000e+00
0.000000000000000000e+00
0.000000000000000000e+00
1.618128766562014209e-01
2.102364378231156294e-01
2.121228344131142196e-01
2.547650562757309833e-01
2.647276245877538958e-01
2.803064785924530011e-01
2.824483944642814381e-01
2.915492803422018997e-01
3.205502557124565999e-01
3.396555499705036785e-01
3.525769895450129310e-01
4.397576844908149263e-01
5.327876228616308385e-01
6.609538362669941103e-01
7.247832915322383052e-01
7.792575459454504916e-01
8.015067137203096825e-01
8.357290277909457110e-01
8.595540582041588662e-01
8.895748568430513759e-01
9.169127836916958207e-01
9.040250045896877085e-01
9.035577334999650434e-01
8.891596379570408937e-01
8.784771319673975176e-01
8.740839078430638898e-01
8.435058759756079994e-01
8.557729453383712270e-01
9.189823529726649509e-01
9.405309410393979386e-01
9.414615772785054348e-01
9.349216348346857108e-01
9.155015755279269918e-01
9.030453505432387562e-01
8.942574734686260518e-01
8.846863052458862064e-01
8.814963154949527757e-01
8.728794388142522287e-01
8.580901594560433887e-01
8.422937620228396760e-01
8.323289645332795361e-01
8.324154130411662855e-01
8.377182232517890181e-01
8.382883495877777591e-01
8.466813243830720870e-01
8.692373042777640224e-01
8.763309269559362846e-01
8.794631598960801488e-01
8.925996057456696553e-01
8.897065419014545951e-01
8.921526236748223981e-01
9.137263658718318693e-01
9.179322143226960051e-01
9.143929218919953916e-01
9.122169300833562477e-01
9.087896231241645584e-01
9.116511969447097519e-01
8.982771043839753444e-01
8.916778482346804369e-01
8.836503159508489746e-01
8.701261302168712408e-01
8.677319913326015932e-01
8.675665940027273981e-01
8.630976661785291215e-01
8.589577919387816340e-01
8.617345341215862931e-01
8.669709498677634629e-01
8.680286413154871816e-01
8.684069950670375571e-01
8.640864931200046284e-01
8.746420236391885261e-01
8.809418105451841674e-01
8.712461502982942196e-01
8.656255454530333848e-01
8.655589898156605955e-01
8.701224086446738282e-01
8.780755588866522299e-01
8.982220542875266611e-01
8.992783074426056178e-01
8.916637098020435692e-01
8.885587324189603287e-01
8.938641889423786235e-01
8.859402010841885833e-01
8.826408335952560247e-01
8.782808771164984929e-01
8.805315432692341071e-01
8.862618589659364554e-01
8.805417290322771207e-01
8.776277703363244420e-01
8.677850272241679486e-01
8.610879422753835444e-01
8.660876961507477656e-01
8.765659599757924525e-01
8.823774708837884839e-01
8.674699542389949780e-01
