2.250000000000000056e-01
0.000000000000000000e+00
0.000000000000000000e+00
0.000000000000000000e+00
0.000000000000000000e+00
0.000000000000000000e+00
0.000000000000000000e+00
0.000000000000000000e+00
0.000000000000000000e+00
0.000000000000000000e+00
0.000000000000000000e+00
0.000000000000000000e+00
0.000000000000000000e+00
0.000000000000000000e+00
0.000000000000000000e+00
0.000000000000000000e+00
0.000000000000000000e+00
0.000000000000000000e+00
0.000000000000000000e+00
0.000000000000000000e+00
0.000000000000000000e+00
0.000000000000000000e+00
0.000000000000000000e+00
0.000000000000000000e+00
0.000000000000000000e+00
0.000000000000000000e+00
0.000000000000000000e+00
9.963514627351988118e-01
1.003590094015235135e+00
1.014167776226279072e+00
1.015137302202761216e+00
1.029042625519933196e+00
1.042756910866702524e+00
1.069579416471484468e+00
1.123445643729872323e+00
1.133680095666148135e+00
1.131522347805914430e+00
1.127639591526919061e+00
1.134386752436108203e+00
1.132488300510553714e+00
1.120298283329741906e+00
1.120636481117708527e+00
1.127519438443420841e+00
1.120756458636140485e+00
1.119964965707912041e+00
1.103213680730344759e+00
1.096683600935127734e+00
1.100525730864840623e+00
1.096707402329870185e+00
1.076782922555181043e+00
1.071321265328767591e+00
1.070529179987235402e+00
1.092017627925669920e+00
1.088534192629207364e+00
1.062292157729012754e+00
1.052407786666226697e+00
1.080396648976353235e+00
1.087981100616927765e+00
1.079561368868055649e+00
1.074050895835042763e+00
1.074568170668399603e+00
1.072660156688069799e+00
1.079505750358302985e+00
1.080528677513694191e+00
1.075628827709604440e+00
1.061321370255561725e+00
1.046193409036445532e+00
1.036152217583084179e+00
1.025373160859450072e+00
1.002739973358977021e+00
1.001827280190833225e+00
9.893635949981322009e-01
9.822561358007821930e-01
9.488513060215222339e-01
9.330808757157802447e-01
8.624449439385654115e-01
8.394509479445959599e-01
8.385643098289959907e-01
8.378403980912099147e-01
8.227979551738109354e-01
8.417628777736435586e-01
8.701581460000961110e-01
9.147594111885878343e-01
9.342905527105446195e-01
9.426244068687588129e-01
9.506683220251828104e-01
9.752567015017243879e-01
9.701024510753957220e-01
9.727939993058634105e-01
9.754580842381520567e-01
9.719473610002005159e-01
9.845142457088538190e-01
1.009103698673984306e+00
1.025642600742934230e+00
1.033191130792364021e+00
1.034416234027383252e+00
1.025109134867226546e+00
1.024483353991800794e+00
1.036626878799402407e+00
1.026359702523597317e+00
