2.250000000000000056e-01
0.000000000000000000e+00
7.520380672144667822e-02
1.160189878447019929e-01
1.399730071626953121e-01
1.339775504399085548e-01
1.483800505604337128e-01
1.837967644898876041e-01
1.886228544808274676e-01
2.305657283178459138e-01
2.360115984400648625e-01
2.428279423103035517e-01
2.839208290886617858e-01
2.998718714153370546e-01
3.094285925484607236e-01
3.505587897143467857e-01
3.676566086664798116e-01
3.910465731986738636e-01
4.221798244912543518e-01
4.450996775322864640e-01
4.643658956566637519e-01
1.298855539823522198e+00
1.372995951509893287e+00
1.433495588806610987e+00
1.406458914354296708e+00
1.405968268272750343e+00
1.403923576814352758e+00
1.363045127453550442e+00
1.304381141568786928e+00
1.269952170863231311e+00
1.201974495638725493e+00
1.044230638312238391e+00
9.718909663675224797e-01
9.498833666311677915e-01
8.924315306279173576e-01
8.851491237613898777e-01
8.751401309834736519e-01
8.828251892048452065e-01
8.885903520415210366e-01
8.832722341357337470e-01
9.505940008757097770e-01
9.825312361057711996e-01
9.895572405206279898e-01
9.997635041121810673e-01
1.010470696707941762e+00
1.081345866971890501e+00
1.098531216282267131e+00
1.145244969231154597e+00
1.151874367452383696e+00
1.303367829043310389e+00
1.331900584884453398e+00
1.350171911465840813e+00
1.364303775970207910e+00
1.394143310516881007e+00
1.397514356988137640e+00
1.464341923114491406e+00
1.575049290250727374e+00
1.607437479430793514e+00
1.637629880538315152e+00
1.669952306706598222e+00
1.697894880630756331e+00
1.697392952566000979e+00
1.700429944057049614e+00
1.695452308211404135e+00
1.691249659055201970e+00
1.673757278388176228e+00
1.658414597705477389e+00
1.651290898221159376e+00
1.643239107430444657e+00
1.629260324955679851e+00
1.615826275793145417e+00
1.623016143194990768e+00
1.604240524832609260e+00
1.603263446557279925e+00
1.591229624249708374e+00
1.574262633339619022e+00
1.551298576348318470e+00
1.561385319211112455e+00
1.623933404596824559e+00
1.618444059822157000e+00
1.549699004362815380e+00
1.477072812088768394e+00
1.425219138828219156e+00
1.357519430517480696e+00
1.258177091922401791e+00
1.176274592053780044e+00
1.085365081147564581e+00
1.012550698610459987e+00
9.726057533928035292e-01
9.005473566718220635e-01
8.698859399704050865e-01
8.221354481296637706e-01
8.094644440169269650e-01
8.109489580461234359e-01
8.115929475926544345e-01
8.565772104140290111e-01
9.201391258166903286e-01
9.176642463682194162e-01
9.373587521039777881e-01
9.039627408786010676e-01
