2.250000000000000056e-01
1.885887471731059861e+00
1.877274073010908761e+00
1.845491552355582598e+00
1.841959647043385440e+00
1.847617197698791403e+00
1.810462075205562016e+00
1.808500460392733489e+00
1.806710685204532485e+00
1.805139710334970893e+00
1.797827481601783628e+00
1.778216491800981736e+00
1.775840567181874663e+00
1.791349501260044219e+00
1.795512437013967455e+00
1.793985664091900745e+00
1.777646159419160599e+00
1.770369797150428415e+00
1.777580396015605579e+00
1.772020007592543633e+00
1.778916904825918799e+00
1.783908553869802294e+00
1.768569338706369010e+00
1.767975034072239549e+00
1.760065937362339294e+00
1.766995206929320439e+00
1.759913123060580675e+00
1.764545377343516019e+00
1.753543627645957059e+00
1.733366493900392991e+00
1.728478767903920632e+00
1.720654107172829406e+00
1.717895824372249747e+00
1.698733816526618812e+00
1.691767602685687155e+00
1.677393287961229218e+00
1.677816334520274566e+00
1.679964412376989236e+00
1.676216202021876933e+00
1.685464830784266343e+00
1.692403395587834369e+00
1.664918922292609960e+00
1.656337449388835870e+00
1.632852050085070283e+00
1.632483812270070000e+00
1.651387253013679279e+00
1.646860918106918703e+00
1.635872135301180919e+00
1.608101504754904321e+00
1.588298316141647071e+00
1.601602045100172678e+00
1.597365151687277995e+00
1.591713619842075378e+00
1.594829001844548788e+00
1.582048851103731613e+00
1.575736293458144477e+00
1.577814249713348271e+00
1.560170311729519366e+00
1.543206242142517226e+00
1.537274229989975760e+00
1.527652400081698447e+00
1.505916075807962384e+00
1.496106881925288512e+00
1.484951254077591987e+00
1.464290456589420586e+00
1.445885943850621302e+00
1.437654659707779503e+00
1.428580022271693339e+00
1.419968400213753590e+00
1.407843195528203362e+00
1.384243834125309602e+00
1.367178252901343649e+00
1.346836587334014457e+00
1.313418768291209293e+00
1.264377212222881131e+00
1.306724966057438264e+00
1.264438191545713241e+00
1.264870009684143426e+00
1.275607593055047895e+00
1.260772094677245159e+00
1.251566947531305596e+00
1.258726500555049199e+00
1.263566661476995590e+00
1.257810853043370702e+00
1.264283665743325402e+00
1.265174173836921767e+00
1.267993642572837310e+00
1.259679391109928659e+00
1.275713591023679205e+00
1.254659372307090903e+00
1.268092120056164784e+00
1.278673647679495540e+00
1.270164740734438746e+00
1.257837528158005869e+00
1.258160806799260900e+00
1.274300964280425497e+00
1.260295256263584962e+00
1.237248617580255505e+00
1.221704463227385684e+00
1.214563080518709315e+00
