2.250000000000000056e-01
0.000000000000000000e+00
0.000000000000000000e+00
5.267830716261264756e-01
6.404057276222749895e-01
8.193916921549969645e-01
8.337842270434557834e-01
8.482111634224392960e-01
8.797519452226587600e-01
9.079143999497191198e-01
9.581801759189374490e-01
1.010192938500111381e+00
1.054560783852493522e+00
1.171803682074085140e+00
1.213628071255167029e+00
1.122500076772725564e+00
1.162860388053331695e+00
1.184734476963336780e+00
1.169168343496850504e+00
1.136839596639998673e+00
1.130419770737882912e+00
1.123441362461659043e+00
1.115469619264488843e+00
1.107041533958615043e+00
1.097462454404743770e+00
1.084877575032203278e+00
1.069902678660731965e+00
1.048411394112362061e+00
1.021337550862854604e+00
9.915340984713121308e-01
9.699594199969953090e-01
9.359276452806160052e-01
8.879077892428250962e-01
8.521977016301865993e-01
8.609916183193533357e-01
8.691367035232168137e-01
8.958708444398550963e-01
9.588258342363200626e-01
1.132773576817537098e+00
1.180826677665102853e+00
1.175475614462118568e+00
1.221987137994136718e+00
1.169033921064174697e+00
1.196400856370637422e+00
1.156773254831734210e+00
1.139151405105538917e+00
1.140542304409041474e+00
1.117382765189723237e+00
1.098817738703322666e+00
1.083270126805546241e+00
1.072054539695587394e+00
1.055467152575347844e+00
1.034067548534482794e+00
1.026304496008604517e+00
1.019241470901670166e+00
1.012948780099728774e+00
1.007453422534415832e+00
1.002742075519218456e+00
9.987690609474313419e-01
9.954666435662032908e-01
9.927552355776662063e-01
9.905518924102518774e-01
9.887766026681548137e-01
9.873559519965170450e-01
9.862254092299833630e-01
9.853291236402155207e-01
9.846059625007446137e-01
9.840556070913027975e-01
8.118108105487973347e-01
6.953758769108223659e-01
6.173155486130945668e-01
5.829964425488129987e-01
5.567995450856191297e-01
5.487770231753748007e-01
5.593510768534215583e-01
6.658166835753507318e-01
7.557441813062485414e-01
8.026482330575297475e-01
8.524201511787988794e-01
8.943923490534707588e-01
9.460991031523818817e-01
1.005063361345393869e+00
1.198961791535886778e+00
1.181998399837687286e+00
1.181265140153887838e+00
1.195793282568730742e+00
1.143200307911071301e+00
1.124260306112411234e+00
1.103903068711650004e+00
1.088056321126223525e+00
1.063447128191793434e+00
1.048777355450649429e+00
1.046100074723652629e+00
1.044821950849518011e+00
1.044823395523166276e+00
1.073744724170872189e+00
1.111689336568585817e+00
1.124809729146162729e+00
1.126408836662607493e+00
1.131398596861673767e+00
