2.250000000000000056e-01
0.000000000000000000e+00
0.000000000000000000e+00
1.610905057639386018e-01
1.610744871623970009e-01
2.187585196536216692e-01
2.194402399798293102e-01
2.200435728872877084e-01
2.737338711357851229e-01
2.753956282245070830e-01
2.704023699665085712e-01
3.156497363162155678e-01
3.207146596367517200e-01
3.131047408334905469e-01
2.975054946927626065e-01
3.423843803527908403e-01
3.462584886007833984e-01
3.372619473864705841e-01
3.330153005619363449e-01
3.404344972822174187e-01
3.945479780712397022e-01
3.807235388957660449e-01
3.817073898343935068e-01
3.804323695635704050e-01
4.357710711771147771e-01
4.388824161376292943e-01
4.363760680605487385e-01
4.399999505047620940e-01
4.635311688371572258e-01
5.024572560148673483e-01
5.004841789683637243e-01
4.945299605140534571e-01
5.120642082921937899e-01
5.474726415930821766e-01
5.541357622790065163e-01
5.450190263352813203e-01
5.612939492877807579e-01
5.636520441853127839e-01
6.039050482781138651e-01
5.996437596636844392e-01
5.995327433580098786e-01
6.173844025071469899e-01
6.521072301627898193e-01
6.433409158920837534e-01
6.372219780850495452e-01
6.741051013824186366e-01
6.900020559252870722e-01
6.849396997646030050e-01
6.931075247766683711e-01
8.363642651135989592e-01
9.773068715724858579e-01
1.035335107290418000e+00
1.062293947891461698e+00
1.089390683280514249e+00
1.082985595234045029e+00
1.114255177272574171e+00
1.153805812101004635e+00
1.179752245832054403e+00
1.183299243240698351e+00
1.191575261133893004e+00
1.181801071341679554e+00
1.051462242896821442e+00
1.023928242059328753e+00
9.927761029312159868e-01
9.952240631810871374e-01
1.038793368810831730e+00
1.038915461435506282e+00
1.047413422412371897e+00
1.063570166870025924e+00
1.021117929738870833e+00
1.014095822531928093e+00
1.022247849135572206e+00
1.019809840337724260e+00
1.018142665749659947e+00
1.015184279719495208e+00
1.007660340215134287e+00
1.000527615223698374e+00
9.928067985206803225e-01
9.925723295794192103e-01
9.681355206910837730e-01
9.594015192973531780e-01
9.581104100982070770e-01
9.624308866927353545e-01
9.706217685748319557e-01
9.650207914197256320e-01
9.702267353497858737e-01
9.863210802094064533e-01
9.842894906722124970e-01
9.873351038973943172e-01
9.761080373009505262e-01
9.790305964366458058e-01
9.979774779558603370e-01
1.006972778975020022e+00
1.012085002229068387e+00
1.007850816072402012e+00
1.016203729450048554e+00
1.021219344930113015e+00
1.023010536464640907e+00
1.034430837851965546e+00
1.024855269927374080e+00
