2.250000000000000056e-01
0.000000000000000000e+00
0.000000000000000000e+00
2.689848287664108328e-01
2.991111159339581160e-01
3.211028135012246598e-01
3.672527206177260140e-01
4.368188328371340190e-01
5.596651994781891570e-01
6.411094899755849230e-01
7.050518744474402189e-01
6.906462741404920669e-01
6.582661103816814796e-01
6.334368327163748535e-01
6.562756809722710694e-01
6.858628176386275532e-01
7.067822744655724021e-01
7.088853560296433098e-01
7.140642130126387821e-01
7.051586439917830740e-01
7.061433982573899204e-01
7.103436800921844041e-01
7.238005377330190004e-01
7.404584301128215307e-01
7.356340530909769582e-01
7.260804875086238619e-01
7.225222380118869747e-01
7.368465516739447496e-01
7.519592328565166683e-01
7.635528339740940140e-01
7.662541781887624026e-01
7.650856073274966418e-01
7.656466231601500860e-01
7.588854349425626644e-01
7.650982003920431263e-01
7.658894512824132583e-01
7.806544425460736347e-01
7.902941006606345464e-01
7.898312069951431980e-01
7.884462568387544668e-01
7.930510346208670125e-01
7.989255987714046769e-01
8.032950911166275576e-01
8.142579354584508211e-01
8.153339820590732590e-01
8.208566918549771163e-01
8.261340411022164432e-01
8.314100534723858349e-01
8.433442858177684354e-01
8.586826538520099250e-01
8.547882751496467257e-01
8.554632992904401823e-01
8.622973241092153351e-01
8.702103601716411063e-01
8.754332498508167193e-01
8.707215090462430140e-01
8.658540630786207837e-01
8.769361079291558836e-01
8.864233603112046112e-01
8.873940036959664379e-01
8.873987410318376901e-01
8.915716550887530234e-01
8.854075049771154005e-01
8.935645400511386116e-01
8.994370460607690188e-01
9.004636972946612472e-01
8.986741711430105140e-01
8.931645830031197386e-01
8.864998666534547045e-01
8.832941572842467615e-01
8.827970517259233763e-01
8.754823550009125377e-01
8.783565855753351359e-01
8.768092753209940637e-01
8.699714869193562183e-01
8.656295176083085297e-01
8.540288462017482374e-01
8.370470155474674101e-01
8.249113393908055203e-01
8.219605538074454820e-01
8.231470466600928626e-01
8.200887023390343034e-01
8.078753022502459524e-01
8.029119699531898080e-01
7.946352400839633567e-01
7.896691847252240715e-01
7.831775625220678272e-01
7.818151048600319175e-01
7.829365842079846205e-01
7.839709719360120621e-01
7.838566868707526059e-01
7.811193483853184905e-01
7.776919287830387217e-01
7.717271552377180655e-01
7.745404804172441038e-01
7.798313143196126118e-01
7.738943837054172992e-01
7.712150962504704665e-01
7.761560321513016891e-01
7.726172494894369969e-01
