2.250000000000000056e-01
4.724978320954779099e-01
5.217481355493711614e-01
1.272390376848037796e+00
1.412070887657342899e+00
1.479650371636168416e+00
1.484450527794700658e+00
1.539518715954863559e+00
1.385205584504872744e+00
1.083850624147127295e+00
1.389595561333648366e+00
1.403148006954144655e+00
1.448978744617798187e+00
1.452074749056470493e+00
1.420574798308825937e+00
1.362081702382027304e+00
1.329525563569515789e+00
1.309108773795028213e+00
1.329892221118788020e+00
1.404184331038909272e+00
1.445811317486056735e+00
1.437093061811431483e+00
1.448548904652267710e+00
1.464176521518882890e+00
1.442482408442496089e+00
1.413546052448390711e+00
1.389257687083824688e+00
1.391795200569829083e+00
1.401395327027090243e+00
1.412300826034787793e+00
1.411568159401444200e+00
1.434032416857497161e+00
1.437293334345053575e+00
1.432345772346025115e+00
1.450481810668237115e+00
1.453933617288702962e+00
1.454084013976366663e+00
1.453554324029037392e+00
1.449271936835834440e+00
1.461982914582461879e+00
1.453769284142901519e+00
1.440516762492032754e+00
1.455624607515254798e+00
1.455285033522463189e+00
1.455527035697419924e+00
1.451080273807417331e+00
1.449448243859392305e+00
1.445093469579120882e+00
1.451186415028805410e+00
1.456635387249043845e+00
1.452741174522083512e+00
1.453376165118336560e+00
1.432108270085326929e+00
1.434438981658498147e+00
1.443757683411071024e+00
1.444738511895465649e+00
1.438264417558197561e+00
1.438125832113942959e+00
1.431294358385103660e+00
1.431149904837304421e+00
1.431364199027507222e+00
1.428517876400175357e+00
1.437518806807298599e+00
1.440454697039448062e+00
1.453818983546780075e+00
1.450329499318541604e+00
1.439849389412547254e+00
1.435985061275256491e+00
1.444265901336616142e+00
1.445995949922369794e+00
1.447831595358323620e+00
1.450194721581878676e+00
1.458349269076638199e+00
1.450951691488608919e+00
1.460448684892074578e+00
1.469932858622760019e+00
1.468621736639004194e+00
1.471482683955296134e+00
1.467113115998565753e+00
1.463502472895667816e+00
1.451636024702604333e+00
1.446606554222766627e+00
1.443967077200376092e+00
1.441468371930344938e+00
1.447029485736768706e+00
1.441595130112445888e+00
1.444938175761455001e+00
1.450088852438091269e+00
1.448329006974111044e+00
1.453460097413424856e+00
1.461889867533211262e+00
1.462368312995615316e+00
1.456497891879274809e+00
1.465795990582208885e+00
1.469731915365248387e+00
1.454859017813733058e+00
1.453957776674543068e+00
1.443770585899980530e+00
1.441951631414455370e+00
1.440254954155178124e+00
