2.250000000000000056e-01
0.000000000000000000e+00
0.000000000000000000e+00
0.000000000000000000e+00
0.000000000000000000e+00
6.765838195438353408e-02
2.400665061672436207e-01
2.837714282035617153e-01
3.584787649749344163e-01
3.444552280398635591e-01
4.371304248364165090e-01
5.153878385875311219e-01
5.039273910214633334e-01
6.036858961671656143e-01
5.924373819953626663e-01
6.979297431794643236e-01
7.821518219739989064e-01
7.955239663002947603e-01
8.815467582036242700e-01
9.950191419282824468e-01
9.803164957630396970e-01
1.187880035088223707e+00
1.191222821472031512e+00
1.601153668995929369e+00
1.633612582498219945e+00
1.605149837960876180e+00
1.617655169798186021e+00
1.590778427755690227e+00
1.560728967900565145e+00
1.602902557600602629e+00
1.503101879989076295e+00
1.530101141054908354e+00
1.528639621282183336e+00
1.469357688280802821e+00
1.498939289883670423e+00
1.518756178104823329e+00
1.488707450216484096e+00
1.498379711885071464e+00
1.661188661390468946e+00
1.675024948964223048e+00
1.666699723270311351e+00
1.650574878541268387e+00
1.637776818235022747e+00
1.624152183458944521e+00
1.626419715885872863e+00
1.630593337813300403e+00
1.594916993076915368e+00
1.561288142069849449e+00
1.575704228517615491e+00
1.587151519478164685e+00
1.540114951993598602e+00
1.544640523839511115e+00
1.529063125007565249e+00
1.581046525983088147e+00
1.583082662683349850e+00
1.595465131087774324e+00
1.589659579921338883e+00
1.634057877574534690e+00
1.668992959631373285e+00
1.667628266302237261e+00
1.651179215164690017e+00
1.646385999460683980e+00
1.647409271641014028e+00
1.637070752063540802e+00
1.631001594808707322e+00
1.605328881023435628e+00
1.595570294654236498e+00
1.598330250163549238e+00
1.587481414281292746e+00
1.592233916449462328e+00
1.586795325677363255e+00
1.562573434861991073e+00
1.564491445687219207e+00
1.604339736597805821e+00
1.589708387264889833e+00
1.585726444816734748e+00
1.577133732321792658e+00
1.576659744424300902e+00
1.551808802935962461e+00
1.557775166065272776e+00
1.536424042555491143e+00
1.512265851908212833e+00
1.451630367084099094e+00
1.433255397277809040e+00
1.426103454645383017e+00
1.395968353835176146e+00
1.384514626748317712e+00
1.390998015011374545e+00
1.425163475685633285e+00
1.460580537239497101e+00
1.493707624032503567e+00
1.521371013066434408e+00
1.519296278778647036e+00
1.518708016109405534e+00
1.521177862357939947e+00
1.511456493137766754e+00
1.501062133096377371e+00
1.481543068233289961e+00
1.464060482913615013e+00
1.451821322101287004e+00
