2.250000000000000056e-01
0.000000000000000000e+00
0.000000000000000000e+00
0.000000000000000000e+00
0.000000000000000000e+00
0.000000000000000000e+00
0.000000000000000000e+00
0.000000000000000000e+00
0.000000000000000000e+00
0.000000000000000000e+00
0.000000000000000000e+00
0.000000000000000000e+00
0.000000000000000000e+00
0.000000000000000000e+00
0.000000000000000000e+00
0.000000000000000000e+00
0.000000000000000000e+00
0.000000000000000000e+00
0.000000000000000000e+00
0.000000000000000000e+00
0.000000000000000000e+00
0.000000000000000000e+00
0.000000000000000000e+00
5.375728353099223922e-02
4.399949349981990832e-02
6.910392686453749322e-02
6.344097458851430393e-02
7.620535447477581881e-02
8.474213981820231945e-02
8.222430577349781888e-02
9.967696450281486598e-02
2.924207446173405778e-01
3.382577114214621594e-01
3.483494673830934696e-01
3.703054924659286984e-01
3.848808930146039309e-01
3.998496635552714062e-01
4.224471610542658295e-01
4.180255048267538798e-01
4.436750751323236264e-01
4.410813298919391001e-01
4.650619002217296627e-01
4.762372058802615826e-01
4.721207759094954715e-01
4.609082166760026800e-01
4.434646537006802780e-01
4.363581509562705074e-01
4.147275473657688338e-01
3.912348589712345559e-01
4.090014851900975468e-01
4.404078307799587089e-01
4.546325675309865200e-01
4.706907799651691704e-01
4.958337510253859604e-01
5.052789323054549531e-01
5.174804808995968619e-01
5.399464824536023277e-01
5.386116954978015237e-01
5.552661249092893936e-01
5.735912028308798316e-01
5.741697629051284446e-01
5.812687685331646703e-01
5.868339300652983814e-01
5.670539894100680156e-01
5.605090302888063869e-01
5.523521626769991588e-01
5.483252005457395217e-01
5.409683858430074377e-01
5.391685398769964221e-01
5.289135402864499902e-01
5.163276589345358047e-01
5.018467247670043152e-01
5.060024470224090409e-01
5.048306566895494063e-01
5.055379477475052674e-01
5.266222839531684574e-01
5.335902673593087009e-01
5.515733252284142907e-01
5.646740124853771858e-01
5.654014349878824230e-01
5.574488898935042736e-01
5.706759927447351277e-01
5.775282107841380741e-01
5.820023894412645893e-01
5.832793112421427173e-01
5.723071752432102866e-01
5.755394770011675876e-01
5.655654860374534909e-01
5.587911880120975949e-01
5.479784435064610770e-01
5.395584022522396106e-01
5.328756469017466024e-01
5.202468390499771500e-01
5.155413887476213430e-01
5.144271447007119358e-01
5.154679111321607277e-01
5.258665311700952971e-01
5.221527104374119599e-01
5.202094068241372993e-01
5.187210669333859325e-01
