2.250000000000000056e-01
0.000000000000000000e+00
0.000000000000000000e+00
0.000000000000000000e+00
0.000000000000000000e+00
0.000000000000000000e+00
1.661415156937803839e-01
1.661048294474325171e-01
2.143137699489895687e-01
2.153482430690190907e-01
2.244585098205164331e-01
2.708178326446906148e-01
2.732645716872039166e-01
2.754139251236210062e-01
3.328753965023205641e-01
3.379673211521396214e-01
3.413861540419284579e-01
3.442492301485927109e-01
4.136374723977329082e-01
4.118257259745282117e-01
4.156489011155344859e-01
4.187261340766694206e-01
4.814453123756768926e-01
4.973161480915684329e-01
8.439408243091400808e-01
9.355636860901417329e-01
9.586447689056204480e-01
9.918066600135689859e-01
1.012868180555319908e+00
1.107586084010713900e+00
1.121605524455776104e+00
1.116735523925457940e+00
1.123667779910695108e+00
1.168819753428753216e+00
1.180763388835380123e+00
1.181673753376025759e+00
1.201490071265531867e+00
1.222327855136952302e+00
1.217414469139608046e+00
1.244833181171926872e+00
1.251375464710719587e+00
1.247952902203334657e+00
1.253645176088795443e+00
1.256053158465243902e+00
1.270878966161721912e+00
1.281592802811264420e+00
1.294448880940317848e+00
1.324189979051209276e+00
1.357920239312986777e+00
1.402639230975702977e+00
1.411012357316801191e+00
1.420897537355356954e+00
1.432202232225357585e+00
1.471786497842577868e+00
1.497727795380637161e+00
1.465271394247288361e+00
1.449107125361565940e+00
1.463063201850180350e+00
1.420029535092635298e+00
1.396053074594137966e+00
1.355925413816170488e+00
1.338416857701812734e+00
1.312640826664570159e+00
1.290084976765035307e+00
1.287637478110329692e+00
1.258184399402978659e+00
1.191605433583105444e+00
1.021246527154821671e+00
1.004894845973296924e+00
1.001325551630304567e+00
1.011323500471728920e+00
1.108946931219129350e+00
1.133392524506055876e+00
1.169651587943031146e+00
1.195525497262114323e+00
1.211962214299729723e+00
1.222092477877395167e+00
1.224800922954293547e+00
1.232561281290440736e+00
1.236637631708072060e+00
1.238240346166938011e+00
1.241008741233576407e+00
1.273340403608596016e+00
1.287623187116419876e+00
1.294458127075577059e+00
1.290436438644731565e+00
1.278910769358989397e+00
1.278807553003990849e+00
1.272324450893972836e+00
1.277545500958041202e+00
1.262988687715846048e+00
1.257807542028068326e+00
1.253435038578530447e+00
1.232347619827570240e+00
1.225237569031605522e+00
1.221328600980367218e+00
1.215621798184221669e+00
1.217690575653614715e+00
1.200106656477034184e+00
1.215086734651924294e+00
