2.250000000000000056e-01
1.016412541188122631e+00
7.781232914705307202e-01
7.019329016875596183e-01
7.332833611213027680e-01
8.227442518139250760e-01
8.206117094152597380e-01
8.291291787496787302e-01
8.495327495792346362e-01
8.170054469142205011e-01
8.265842070228626159e-01
8.346738515410236925e-01
8.152319721086874749e-01
8.280479893208386732e-01
8.227042390287441220e-01
8.218186086211098917e-01
8.376195533709945851e-01
8.369054227667067636e-01
8.319940791484428111e-01
8.328483187999945470e-01
8.370675185741438540e-01
8.425933485369839770e-01
8.473106703097547099e-01
8.440177622129664270e-01
8.469989421761495718e-01
8.470146558841608053e-01
8.431972823485462953e-01
8.410419218319178380e-01
8.410223557539283634e-01
8.427566863572395484e-01
8.470603586021645537e-01
8.446980271826689535e-01
8.454261224309205236e-01
8.461987205628254127e-01
8.453144927102325124e-01
8.471949566430105882e-01
8.512357316766310245e-01
8.501378703245018320e-01
8.503817158165061230e-01
8.525054765846461491e-01
8.501124777715828307e-01
8.518405367022077179e-01
8.547288572224214231e-01
8.544607442200813363e-01
8.526839437745963313e-01
8.517733382238747986e-01
8.490950664647639590e-01
8.500927391773602793e-01
8.496729469692129166e-01
8.508523820747025956e-01
8.521456669932239159e-01
8.494370654200292803e-01
8.508217224600685968e-01
8.485743891398789263e-01
8.465424465401060194e-01
8.464521414704399005e-01
8.457760751351178774e-01
8.484280349485330275e-01
8.493592133077678685e-01
8.491078553428231812e-01
8.462114928087501875e-01
8.487509810896562978e-01
8.492072787079365526e-01
8.489819467873969128e-01
8.492735029685287707e-01
8.481912212338497126e-01
8.485919974228229856e-01
8.460470230123773305e-01
8.460286421515240685e-01
8.462876702635141468e-01
8.473230286953177259e-01
8.481358422706831712e-01
8.486917771305523273e-01
8.486281873050944835e-01
8.490225602620393719e-01
8.488424121939794897e-01
8.518022270914750171e-01
8.545507410137203053e-01
8.549923499289333595e-01
8.556795301267997589e-01
8.568769020098015998e-01
8.554940089387954583e-01
8.543538141281625808e-01
8.530053668140097356e-01
8.521903055464089549e-01
8.506464601059305908e-01
8.505873436347684002e-01
8.509423222554608479e-01
8.504251581652674252e-01
8.502485928053553632e-01
8.494285959847214240e-01
8.477961967803895327e-01
8.477284912698253017e-01
8.500584276719204135e-01
8.498671346391472037e-01
8.485446449450204653e-01
8.491018572086312943e-01
8.473380469642493029e-01
8.477256487867704804e-01
8.473068617346836140e-01
