2.250000000000000056e-01
0.000000000000000000e+00
0.000000000000000000e+00
0.000000000000000000e+00
0.000000000000000000e+00
0.000000000000000000e+00
0.000000000000000000e+00
0.000000000000000000e+00
0.000000000000000000e+00
0.000000000000000000e+00
0.000000000000000000e+00
0.000000000000000000e+00
0.000000000000000000e+00
0.000000000000000000e+00
0.000000000000000000e+00
0.000000000000000000e+00
0.000000000000000000e+00
0.000000000000000000e+00
0.000000000000000000e+00
0.000000000000000000e+00
0.000000000000000000e+00
0.000000000000000000e+00
0.000000000000000000e+00
0.000000000000000000e+00
0.000000000000000000e+00
0.000000000000000000e+00
0.000000000000000000e+00
0.000000000000000000e+00
0.000000000000000000e+00
0.000000000000000000e+00
0.000000000000000000e+00
0.000000000000000000e+00
0.000000000000000000e+00
0.000000000000000000e+00
0.000000000000000000e+00
0.000000000000000000e+00
0.000000000000000000e+00
0.000000000000000000e+00
0.000000000000000000e+00
0.000000000000000000e+00
9.847330972282511419e-02
1.229219617245752127e+00
1.139903024213257066e+00
1.113211643843550425e+00
1.142694551290625693e+00
1.052130826203121039e+00
1.025754776476322627e+00
1.035329811099369834e+00
9.917333667376884154e-01
9.446404378598243223e-01
9.339178931439278131e-01
9.860002725217065223e-01
9.899910946858303529e-01
9.490935087328286057e-01
9.154499258426153085e-01
8.960576501582872000e-01
8.612814776470164579e-01
8.111961538170492370e-01
8.469938377767568527e-01
1.000545070008416637e+00
1.236269117460501388e+00
1.336524177652435474e+00
1.336408258857209708e+00
1.412862071718339552e+00
1.403711032312641382e+00
1.371209319778413649e+00
1.355351245000642857e+00
1.336456936642749893e+00
1.320908136878476302e+00
1.307138438747848630e+00
1.284273601139157783e+00
1.259379933329491275e+00
1.259737627527167669e+00
1.252991829589811257e+00
1.191507670847004263e+00
1.164992867721467373e+00
1.161940812640013920e+00
1.201985025044348676e+00
1.266688020047139318e+00
1.626909611879797435e+00
1.635085392255656966e+00
1.652480952229857580e+00
1.686631184387686444e+00
1.684494141961951685e+00
1.650073882903554168e+00
1.660147052657594768e+00
1.675489388920731626e+00
1.693223261103619537e+00
1.702507179694430661e+00
1.678469849873266639e+00
1.574727082089017349e+00
1.555365373506356397e+00
1.482231789391213361e+00
1.486487554685363088e+00
1.512981328774973155e+00
1.495537687097007185e+00
1.466063426985882989e+00
1.540479307642830697e+00
1.548084595103478955e+00
1.571422917278975318e+00
