2.250000000000000056e-01
0.000000000000000000e+00
0.000000000000000000e+00
0.000000000000000000e+00
0.000000000000000000e+00
0.000000000000000000e+00
0.000000000000000000e+00
1.707096408548246069e+00
1.726632782392602650e+00
1.731874611507842054e+00
1.737518814666816569e+00
1.748965341627384262e+00
1.339697689027266048e+00
1.245248710536711823e+00
1.183249531590153447e+00
1.165822077239742960e+00
1.142566016585001343e+00
1.182330495438128182e+00
1.194098961876140175e+00
1.266496074604575695e+00
1.244241505864333464e+00
1.168892845097754263e+00
1.141664470266824161e+00
1.144474398144627036e+00
1.135048969043925382e+00
1.138302542402486406e+00
1.134612128207289405e+00
1.118899421718098086e+00
1.137028711886465038e+00
1.131948600041824848e+00
1.137586644715023798e+00
1.133813170826301508e+00
1.158034929490381337e+00
1.146573839911138926e+00
1.124614611491011162e+00
1.109473291206900969e+00
1.097143984018497775e+00
1.121140957865713883e+00
1.122375161148494005e+00
1.115545245859607348e+00
1.107000001693359881e+00
1.076984617124597365e+00
1.063363934751612394e+00
1.052369999030413172e+00
1.046680698305423762e+00
1.042978476548741540e+00
1.036950508294368412e+00
1.016327643431865768e+00
1.014665459564319638e+00
1.027421848951603822e+00
1.028136507328875071e+00
1.025919093420361694e+00
1.023075149285142649e+00
1.025084862006180098e+00
1.024676327239576912e+00
1.056513810132858611e+00
1.046602112474409374e+00
1.047481865329268347e+00
1.053162740911031792e+00
1.049839441074203350e+00
1.061904183868314311e+00
1.102571035125573973e+00
1.098846479145423327e+00
1.099530695466471419e+00
1.105493463990426140e+00
1.100553977475699829e+00
1.113678800381104894e+00
1.129038286149834258e+00
1.136305635410367776e+00
1.151914553174100631e+00
1.137110218639139303e+00
1.140983740838314331e+00
1.152623345094487606e+00
1.136568062283628722e+00
1.134800281289072288e+00
1.170744152594673126e+00
1.170328346723257473e+00
1.157936043778782009e+00
1.165713534618038727e+00
1.141693585827563640e+00
1.114093313562875220e+00
1.149907298754874629e+00
1.154358692345293091e+00
1.141145437369005089e+00
1.130489666781660185e+00
1.106809126931006526e+00
1.100065378485375778e+00
1.101339261095922950e+00
1.098850921641255640e+00
1.105644860560864418e+00
1.103613723189431184e+00
1.097507107561144224e+00
1.083262798501623436e+00
1.081718660879203986e+00
1.075289773671324278e+00
1.078417782118788137e+00
1.075667195487835404e+00
1.089573557570513884e+00
1.093390997176491908e+00
1.094326785548759284e+00
