2.250000000000000056e-01
0.000000000000000000e+00
0.000000000000000000e+00
0.000000000000000000e+00
0.000000000000000000e+00
0.000000000000000000e+00
9.283213748824437062e-02
1.325033421129159783e-01
1.859410047107469266e-01
2.361503804849822696e-01
2.296788210656276197e-01
4.461790679718763974e-01
5.046688351512067516e-01
5.085972137760051970e-01
5.804576513049677366e-01
5.865743856231376840e-01
6.079770177767904737e-01
6.165753901102208889e-01
6.281097780973239342e-01
6.428193582638378478e-01
6.303659338917509958e-01
6.215547157953121848e-01
6.421758710092959621e-01
6.512414503704718749e-01
6.448464009569133681e-01
6.853854783723135613e-01
6.643580039169824092e-01
6.690416005767544361e-01
6.863445148486501113e-01
6.332454214539940951e-01
6.207165680202816338e-01
5.948853593506047144e-01
6.016396135697438252e-01
6.020636079353741676e-01
6.057126368645715520e-01
6.054646980595609351e-01
6.088176196883100522e-01
6.103409550029912367e-01
6.036936851437868512e-01
6.150879341357533558e-01
6.075317445850911824e-01
6.061751512848194690e-01
6.225547946690780376e-01
6.216734306664840615e-01
6.269616433601921113e-01
6.242164273429995358e-01
6.253276444080727581e-01
6.332424292380601782e-01
6.406245813094062491e-01
6.368105058722460798e-01
6.354421166776612617e-01
6.362912204170932950e-01
6.338008651224724677e-01
6.329850020362155494e-01
6.297240083720198056e-01
6.268086293382173491e-01
6.173476371446682265e-01
6.258157987967668534e-01
6.372112069248535571e-01
6.508309212194768323e-01
6.635497134874450698e-01
6.631420224125931240e-01
6.653035187950540053e-01
6.719880735910868097e-01
6.664445840447336122e-01
6.757852579172317631e-01
6.754771166539530469e-01
6.718159241105368107e-01
6.739956902820165574e-01
6.795762817862479599e-01
6.757522812150827951e-01
6.746735228315738908e-01
6.843369836922972294e-01
6.840677014878908668e-01
6.823757227826954264e-01
6.821881879176515673e-01
6.812566639038452054e-01
6.848629118574830477e-01
6.910524643160039782e-01
6.868149107519465613e-01
6.880402070094639999e-01
6.920714746781664317e-01
6.879571614421111647e-01
6.873366338602885373e-01
6.818856030929217882e-01
6.705047723007916405e-01
6.676597269341929541e-01
6.635531777416141530e-01
6.586809884374831281e-01
6.635366216634238645e-01
6.692224458749808091e-01
6.721582935241658951e-01
6.730193909782196116e-01
6.749478289533613617e-01
6.772949537490591254e-01
6.792096860860777907e-01
6.797516192035467641e-01
6.779972494482989775e-01
6.711592501395555743e-01
6.764976103098367943e-01
