2.250000000000000056e-01
0.000000000000000000e+00
0.000000000000000000e+00
0.000000000000000000e+00
2.089581511309650974e+00
2.051352056326750439e+00
1.999725693947451921e+00
1.887703675037293971e+00
1.698974262244829614e+00
1.644540870160727808e+00
1.588951025042280030e+00
1.433725196846679539e+00
1.422880008244761463e+00
1.397798856755665620e+00
1.374986812006006698e+00
1.359520922990943514e+00
1.350224466485043795e+00
1.342448689025615982e+00
1.336022719303512574e+00
1.330767879821952437e+00
1.326509532241152201e+00
1.323085118599246268e+00
1.320348899433194667e+00
1.318174033910818777e+00
1.316452710543999594e+00
1.315095003153115227e+00
1.314027016015123284e+00
1.313188737214610269e+00
1.312531878443162325e+00
1.312017864509125831e+00
1.311616052777657027e+00
1.311302208563668525e+00
1.311057230484199643e+00
1.310866103102666713e+00
1.310717047286270143e+00
1.310600837525939477e+00
1.310510257363179942e+00
1.310439667367673255e+00
1.310384663842146136e+00
1.310341810070080548e+00
1.310308425212501238e+00
1.310282418805599702e+00
1.310262161201281916e+00
1.310246382261271325e+00
1.310234092213990120e+00
1.310224519868428805e+00
1.310217064404347598e+00
1.310211257771382476e+00
1.310206735372011266e+00
1.310203213209158557e+00
1.310200470076410051e+00
1.310198333680282934e+00
1.310196669827714544e+00
1.310195374002510071e+00
1.310194364803409561e+00
1.310193578832649530e+00
1.310192966714541551e+00
1.295772974411154799e+00
1.262886468966919029e+00
1.242861125509894471e+00
1.198238337955798150e+00
1.192885372038664071e+00
1.114783318180786464e+00
1.190297073200719424e+00
1.108429189664658976e+00
1.143147023757238978e+00
1.194287979337237626e+00
1.377871609914115281e+00
0.000000000000000000e+00
0.000000000000000000e+00
0.000000000000000000e+00
0.000000000000000000e+00
0.000000000000000000e+00
0.000000000000000000e+00
0.000000000000000000e+00
2.573162276921573399e-01
3.340160645502576187e-01
3.364612528659024493e-01
3.770945498382911598e-01
4.212685305772657651e-01
4.612915359763325451e-01
4.999431525751462102e-01
5.384733655938848118e-01
5.766429621148205786e-01
1.096917866919290274e+00
1.288542994031675715e+00
1.442974912587374980e+00
1.508674342414329850e+00
1.541951741817984445e+00
1.612033334825039743e+00
1.606584212483429308e+00
1.587626137189999564e+00
1.553004604630182639e+00
1.365009681634441252e+00
1.305980320591903387e+00
1.362223220972931248e+00
1.391820815016609814e+00
1.402494029342604254e+00
1.439730128410508847e+00
1.404242325346360065e+00
