2.250000000000000056e-01
0.000000000000000000e+00
0.000000000000000000e+00
0.000000000000000000e+00
0.000000000000000000e+00
6.421309697747177303e-01
5.660627856745200637e-01
6.005573237376569118e-01
7.228237260137376774e-01
7.555687720256226703e-01
8.190061774169042907e-01
8.422913050595163265e-01
8.468883035041034901e-01
8.442694689202389080e-01
8.150593727549417800e-01
7.881323009460250439e-01
7.867939563014552107e-01
7.791016896051110585e-01
7.665383402810004299e-01
7.618010661743586098e-01
7.574756737099567205e-01
7.536173700388829610e-01
7.391128578800025828e-01
7.053861694872142207e-01
6.765219832072528749e-01
6.570449185985473006e-01
7.120035802362880695e-01
7.406752599513921620e-01
7.776864555963148851e-01
8.363879486774313810e-01
8.417401806286575194e-01
8.333255108431634195e-01
8.497504495891268217e-01
8.497749102342142535e-01
8.430000545749154472e-01
8.441985173519028773e-01
8.510089792452186774e-01
8.406187926049735193e-01
8.290382197022327926e-01
8.231578966715337176e-01
8.078430523626993764e-01
7.908695543315928944e-01
7.796160161821039658e-01
7.702343068787919078e-01
7.637534773424498047e-01
7.579680449903427597e-01
7.515227518729270528e-01
7.448456584921997470e-01
7.372537306462974005e-01
7.250908275486827037e-01
7.584257038631672110e-01
8.003683118359917747e-01
8.333851173940707291e-01
8.625654056733930153e-01
8.725187254003574644e-01
8.813312448972545621e-01
8.841876223426107240e-01
8.852755041852923279e-01
8.816865856555581304e-01
8.689844019688864885e-01
8.521533272190542352e-01
8.324962532153646899e-01
8.113445153000750087e-01
7.895939265632705428e-01
7.765689423638103550e-01
7.539759544079138731e-01
7.386803781326467533e-01
7.273775670635617141e-01
7.169187761953417226e-01
6.919768727389343788e-01
6.779400534443721371e-01
6.941930592993900140e-01
7.077654750881252621e-01
7.252966030092307115e-01
7.463422767716406669e-01
7.489074355651191839e-01
7.578903592146298829e-01
7.793314689766053238e-01
7.947078253350309263e-01
7.870425518919569319e-01
7.851446420540916238e-01
7.804596893013894254e-01
7.811974104702923416e-01
7.981763289444866460e-01
8.170441326342724464e-01
8.229967620206212198e-01
8.194908614233132882e-01
8.080925821843193413e-01
8.008373459484678936e-01
7.892728395664465602e-01
7.843907997703288837e-01
7.922207619190027028e-01
7.976699017962628480e-01
8.067636891790189724e-01
8.093621076494166289e-01
7.954907631694952963e-01
8.053123556637851177e-01
7.993016047533231250e-01
8.165514852173246796e-01
8.199002130224126716e-01
