2.250000000000000056e-01
0.000000000000000000e+00
0.000000000000000000e+00
0.000000000000000000e+00
0.000000000000000000e+00
0.000000000000000000e+00
1.712230746609958720e-01
1.257571675693175628e+00
1.629616014103484778e+00
1.788543363476569059e+00
1.685159994987720733e+00
1.506461937287715047e+00
1.464569294504399322e+00
1.341491069492584565e+00
1.296922516822531346e+00
1.262121131583016309e+00
1.244202702626385326e+00
1.245581015740316655e+00
1.185447617143561283e+00
1.203786691988479429e+00
1.250596420720019086e+00
1.234572300412515533e+00
1.230202732968392443e+00
1.223812099741686366e+00
1.219888599303092791e+00
1.277764503920927108e+00
1.249333921097611766e+00
1.261756803179102882e+00
1.284980534628400006e+00
1.333763066265231778e+00
1.319734610527838470e+00
1.325343795225794707e+00
1.348705615150918913e+00
1.348866251171848551e+00
1.348596364019674088e+00
1.361864736522677921e+00
1.346227912804587312e+00
1.334488478996285643e+00
1.342078472395171973e+00
1.341195997520046035e+00
1.321066884319767265e+00
1.319067702940074804e+00
1.319211070106180994e+00
1.344260038153817005e+00
1.362233849205255920e+00
1.357479087407470253e+00
1.348087181015455771e+00
1.344378053257127892e+00
1.354004016208647521e+00
1.363989628339770110e+00
1.366070007441445355e+00
1.367600361375805207e+00
1.371520667158309337e+00
1.370791748795829657e+00
1.368333824353062056e+00
1.391044432455343038e+00
1.394364245275153014e+00
1.397148993461432953e+00
1.399251140572625118e+00
1.395253615262183722e+00
1.383356184635997410e+00
1.376043733434032745e+00
1.382340690831589169e+00
1.391920657220798496e+00
1.400297697145942655e+00
1.392874967353369575e+00
1.385858698166434477e+00
1.398017452173666575e+00
1.403893690462751254e+00
1.403747969150166641e+00
1.400197835744487307e+00
1.401592737312881365e+00
1.400610187457901779e+00
1.392337133873075006e+00
1.408416222321120292e+00
1.415682859566700591e+00
1.411535407632922956e+00
1.406712353538775107e+00
1.408892541553050437e+00
1.403154700694917656e+00
1.401332408066707780e+00
1.412905974349905502e+00
1.418064960569528798e+00
1.412437164344654494e+00
1.401837791144757484e+00
1.397626691431334223e+00
1.406447162099782711e+00
1.397849661145971645e+00
1.398477934550697244e+00
1.389225237645625111e+00
1.384245009820936900e+00
1.390471051225419696e+00
1.391494068105150861e+00
1.395278688106779352e+00
1.401456277812194617e+00
1.393933154882257108e+00
1.393038654392070308e+00
1.391361651613897132e+00
1.387443736498011004e+00
1.392011158165284090e+00
