2.250000000000000056e-01
0.000000000000000000e+00
0.000000000000000000e+00
2.264567211736134844e-01
2.264598613050360643e-01
2.637951109140536654e-01
2.563272019524650003e-01
2.324861112900258320e-01
3.858598326885641083e-01
5.193247637997883137e-01
5.395195753850373643e-01
6.520867989379789398e-01
6.946227680312170305e-01
7.516557214343466686e-01
7.999258640575874768e-01
8.475923998610772614e-01
1.008380648579942473e+00
1.033796158986475699e+00
1.032874805618950509e+00
1.034574669397167357e+00
1.045713719400862107e+00
1.066312153621947756e+00
1.046371301977887081e+00
1.005142368136951347e+00
9.714895216454888516e-01
9.449954770263767623e-01
9.328562402857252245e-01
8.905038679184552608e-01
8.815325462088653419e-01
8.661015902281283818e-01
8.407007682465867937e-01
8.330469326124797513e-01
8.906772115760336339e-01
9.457669683601855892e-01
9.799364043817113679e-01
1.008573413498042415e+00
1.047874544493435645e+00
1.094221571781104796e+00
1.102721576552722516e+00
1.120396999521326320e+00
1.130055562624318499e+00
1.134779196468555851e+00
1.132358256263967577e+00
1.094139284869491524e+00
1.094431887193948683e+00
1.112929665758794373e+00
1.099588973303053274e+00
1.078144619381021574e+00
1.069565897695045731e+00
1.083496024553521009e+00
1.085959639477834138e+00
1.090806097731070290e+00
1.099595543015828625e+00
1.096931073973113291e+00
1.103552919221359785e+00
1.089533938584613892e+00
1.094410171280334465e+00
1.088758145652118925e+00
1.090155060673074994e+00
1.096459665570660436e+00
1.088998578839642128e+00
1.096437675319695826e+00
1.096486746002794499e+00
1.098807840212772335e+00
1.124297553169862907e+00
1.118873921846884167e+00
1.126275906647747682e+00
1.123441541614992989e+00
1.128266690386218407e+00
1.134782198564465050e+00
1.129088011345171561e+00
1.139970301982330403e+00
1.128799216139197314e+00
1.136820069486833784e+00
1.140636359750323736e+00
1.143523590289820868e+00
1.144661169622616770e+00
1.142297924298760758e+00
1.146606869505853110e+00
1.162730105275649128e+00
1.170984959760086541e+00
1.174878905576509203e+00
1.179146626781302443e+00
1.170408459944953128e+00
1.158895999597320037e+00
1.160894927179449754e+00
1.156842668323615264e+00
1.154358170284734753e+00
1.152508422254461262e+00
1.152346354592411748e+00
1.156394040386842903e+00
1.162740182140240330e+00
1.161257606474498605e+00
1.153584537462127857e+00
1.158912612973324929e+00
1.168646626415528855e+00
1.166753816844890324e+00
1.155864283595478881e+00
1.143397246763373287e+00
1.118457482665380587e+00
