2.250000000000000056e-01
0.000000000000000000e+00
2.018938914172029031e-01
2.522586579912280413e-01
2.971656536458198161e-01
3.111882076315570234e-01
3.504358269691632555e-01
3.677010514790265416e-01
4.092747995721091048e-01
4.289470393289117056e-01
4.754671384112714172e-01
4.944405007364685023e-01
5.422698938550074566e-01
5.632810924423012899e-01
5.835948669506164643e-01
6.176226263183602905e-01
6.149743743601081558e-01
6.670911295700571175e-01
9.496273719514016776e-01
1.050662237495390228e+00
1.071468369076974625e+00
1.071731136897416281e+00
1.072367364863113348e+00
1.072001321181240252e+00
1.065843207290251504e+00
1.068354582742495840e+00
1.077391445776479939e+00
1.072343976158194545e+00
1.092966626372845917e+00
1.102907302002824830e+00
1.099911566803479790e+00
1.098082671966233548e+00
1.109184207232295050e+00
1.117064606125882209e+00
1.128518356879378182e+00
1.121779098295736521e+00
1.112454386752607549e+00
1.126642815159831779e+00
1.117268074338995776e+00
1.108059698220054790e+00
1.095802313122142380e+00
1.103070872949576398e+00
1.108254763002559651e+00
1.104590039271971413e+00
1.117842197710122276e+00
1.155964023373991845e+00
1.167034767517745486e+00
1.168549761452032820e+00
1.171362492975433378e+00
1.169914422835295120e+00
1.167990607871151276e+00
1.163550701772070761e+00
1.163001413065537504e+00
1.162327001405008220e+00
1.161606702770218380e+00
1.160897879229247476e+00
1.160237757194118702e+00
1.159647115926546679e+00
1.159134565708193065e+00
1.158699943545454136e+00
1.158338195721307917e+00
1.158041405733638562e+00
1.157800659385190167e+00
1.157607210728756053e+00
1.157452849464260192e+00
1.157330505474026383e+00
1.157234905512423140e+00
1.157160526151790991e+00
1.157104365656549616e+00
1.157061635599468730e+00
1.157031728575028229e+00
8.915993885594530877e-01
6.641325486892014629e-01
5.761421300476042839e-01
5.001177486231823677e-01
4.851389156165495931e-01
4.881988505771411857e-01
4.931023886719132499e-01
5.354433503985684961e-01
5.774652135552991172e-01
6.143291079693293799e-01
6.616809204679685585e-01
1.015099948209375658e+00
1.084697628150937510e+00
1.107844155534394082e+00
1.126705078807757054e+00
1.123605464511832075e+00
1.124210780481449179e+00
1.153295406555056468e+00
1.195491091532613348e+00
1.211389852539387135e+00
1.210827508511195472e+00
1.104237753186373849e+00
1.058446309404629915e+00
1.023818334305990341e+00
1.009082090475498905e+00
1.026271250942415447e+00
1.027400036100664327e+00
1.060186061601811280e+00
1.092400489822534126e+00
