2.250000000000000056e-01
0.000000000000000000e+00
0.000000000000000000e+00
4.404763797537607911e-02
7.059170155143698611e-02
7.059923457129330115e-02
7.060816402052681739e-02
7.503298368369795690e-02
1.151805009503712035e-01
1.166617892221619851e-01
1.179706289481168291e-01
1.214213847260584428e-01
1.638673954404957778e-01
1.661360119631909715e-01
1.680236212177938226e-01
1.695665405453946339e-01
2.229568105265582467e-01
2.231285502430681855e-01
2.268430474272617736e-01
2.343711549218589485e-01
1.890535460373288790e-01
2.030514961061326562e-01
1.991965082358287398e-01
2.819338225799046249e-01
3.840902617528417773e-01
4.259202194702415012e-01
4.870134048011549033e-01
5.059748711069051996e-01
5.054771985465039696e-01
5.688984034357426056e-01
6.584644021384261636e-01
7.115299393401112171e-01
7.020693822077338497e-01
7.220659795257989844e-01
7.663013746898885703e-01
7.955450283360758768e-01
8.415431645404699568e-01
9.016438353909036474e-01
9.297328999228535729e-01
9.414098523096219306e-01
9.388774941663921014e-01
9.539850813951543662e-01
1.016666826641023258e+00
1.035890665420906576e+00
1.058671747721920298e+00
1.066501913849297711e+00
1.072584260757931895e+00
1.059165383392566051e+00
1.044093533037734112e+00
1.046284672047463671e+00
1.033693053209080448e+00
1.050261804432456314e+00
1.046731651978634714e+00
1.041170579382871164e+00
1.037342395268265660e+00
1.015852905402446105e+00
1.028585614782554503e+00
1.026891917077401573e+00
1.025259742471123614e+00
1.010768235042116325e+00
9.900189361280162803e-01
1.005273651458688189e+00
1.006867760594580385e+00
1.000586534083861112e+00
1.004717316709726971e+00
1.034067705098758116e+00
1.038960431599051937e+00
1.028420077332870219e+00
1.009453327700803094e+00
9.993444413574104068e-01
9.821440032701488354e-01
9.751271785647623869e-01
9.741156479206808383e-01
9.657568889542498258e-01
9.611741618697826617e-01
9.894964116921084463e-01
9.939068181248358336e-01
1.009356322729990652e+00
1.015513463652287340e+00
1.039173141172058834e+00
1.037320101294301855e+00
1.042719412551368574e+00
1.042128788714038912e+00
1.040041422419650363e+00
1.041279911346208786e+00
1.038153668013032327e+00
1.021387346916843519e+00
1.019891074250219853e+00
1.016375743062726933e+00
1.015738044208676971e+00
1.016769486413515944e+00
1.007953534737394463e+00
1.002500334638009694e+00
1.009335801088697249e+00
1.009368598132877937e+00
1.005470219574620794e+00
9.943456751055953502e-01
1.006100436388886799e+00
1.014112155135106219e+00
1.015946698944159010e+00
