2.250000000000000056e-01
0.000000000000000000e+00
0.000000000000000000e+00
0.000000000000000000e+00
0.000000000000000000e+00
0.000000000000000000e+00
0.000000000000000000e+00
0.000000000000000000e+00
0.000000000000000000e+00
0.000000000000000000e+00
0.000000000000000000e+00
0.000000000000000000e+00
0.000000000000000000e+00
0.000000000000000000e+00
1.321824202341621846e-01
1.321824202341621846e-01
1.723395910977010004e-01
1.769230625461374606e-01
1.776465551374468432e-01
2.009907872270180473e-01
9.113752711248437333e-01
9.269703465054572877e-01
8.648270696226617593e-01
8.185392776863460451e-01
7.874437920732182405e-01
8.051774023885320819e-01
8.048680908409225898e-01
8.117326501055350807e-01
8.093233163003161756e-01
7.948375567544881948e-01
7.815908141889155170e-01
7.732857580579999279e-01
7.602973939949424498e-01
7.643123468317734037e-01
7.955056314270850804e-01
8.435804433073785802e-01
9.110997164476917209e-01
8.895420193066418957e-01
8.938720130353774440e-01
8.897322660828769214e-01
8.606821284168988395e-01
8.591831166715762080e-01
8.630934371339895606e-01
8.398519080068956866e-01
8.273258067123353543e-01
8.058488666550009949e-01
8.135158362047454350e-01
8.561941707257993972e-01
8.819797559634851014e-01
8.831756527621604791e-01
8.870646158281045857e-01
8.853915844927227052e-01
8.947435165750550201e-01
8.819560558318837451e-01
8.889553263009881690e-01
8.840751289001723690e-01
8.834789845701024324e-01
9.041734609521122623e-01
9.173603823535714241e-01
9.486643308246665018e-01
9.372717956461585898e-01
9.349963328515965566e-01
9.441451031342793510e-01
9.399550681025216070e-01
9.156264002165981353e-01
9.016642204389575532e-01
8.940643737912891131e-01
8.803407018964142239e-01
8.654663517920064830e-01
8.556824090000086924e-01
8.369520064324494912e-01
8.296803043692000390e-01
8.341991182870068799e-01
8.362281010772704137e-01
8.315788826139368650e-01
8.312804769177242203e-01
8.345002015245348570e-01
8.465928277226356657e-01
8.510312071425379932e-01
8.712812477458908855e-01
8.634676863209073128e-01
8.583300665062385537e-01
8.610080327420510660e-01
8.605394519416039723e-01
8.624943582014802379e-01
8.617258407061583192e-01
8.749484299799763498e-01
8.698657557757012437e-01
8.683489932866055305e-01
8.692152722996896452e-01
8.705897948339449410e-01
8.832922445957981372e-01
8.869017855694653063e-01
8.846438398418039473e-01
8.793592090584850807e-01
8.774980871631841151e-01
8.701002402063319208e-01
8.656478049172621203e-01
8.633178995250594401e-01
8.616321850640755731e-01
