2.250000000000000056e-01
0.000000000000000000e+00
0.000000000000000000e+00
0.000000000000000000e+00
2.010187697731299072e-01
2.510378849565391146e-01
6.755868696555665798e-01
7.304707955076251702e-01
7.054675680756726797e-01
7.040522948685299376e-01
6.686369579452581258e-01
6.895527527454266004e-01
6.911673644828664198e-01
6.628925946071397846e-01
6.782087088045463119e-01
6.694956470319289865e-01
6.276024726239571860e-01
8.187116524558374353e-01
8.189393325228964127e-01
8.293582729840114354e-01
8.347304742602640326e-01
8.529483529674590780e-01
7.839526180655937981e-01
7.724516408537095424e-01
7.578302096614686345e-01
7.356992705657764420e-01
7.400353326661303077e-01
7.378854923348356909e-01
7.791338808824221918e-01
8.040208843586057474e-01
8.440024931343597103e-01
8.673781021199613583e-01
8.926083433733807970e-01
8.294802782945975839e-01
8.043643035236910377e-01
7.960922845223170619e-01
8.104569443953734131e-01
8.370674527241526164e-01
8.570364560213286076e-01
8.656033946419969816e-01
8.483507769589352376e-01
8.237186526683403232e-01
8.170384106031223226e-01
8.164918537314618252e-01
7.973079320808597048e-01
7.689968879456766659e-01
7.931103709439532023e-01
8.287746832999849378e-01
8.599518483444330563e-01
8.729757135722908679e-01
8.925388335920729777e-01
8.916235308612825428e-01
8.867505803104068773e-01
8.946516743085258794e-01
8.998899153627839542e-01
8.903274536925519511e-01
9.090277871080033600e-01
9.235036821819881947e-01
9.350020384448928246e-01
9.438915681101833766e-01
9.422330127041688153e-01
9.366224777795417733e-01
9.531312098063569049e-01
9.725381468229887805e-01
9.751183221709748272e-01
9.786332612742164594e-01
9.780079872748399517e-01
9.820688172126667004e-01
9.943038041415289685e-01
9.940760969273590986e-01
9.908273179066002800e-01
9.990280691952485581e-01
1.027617204364808190e+00
1.014554442226160758e+00
1.012060603478919685e+00
1.026260044645272984e+00
1.041445559273211474e+00
1.052777361817669677e+00
1.059541913194259832e+00
1.069892508774007878e+00
1.071242730579440083e+00
1.074474553063658577e+00
1.067814719049186678e+00
1.065701431317094272e+00
1.065556410560052125e+00
1.063687685890838619e+00
1.066015433184678507e+00
1.066848640772917634e+00
1.069143490354418136e+00
1.076165529095686413e+00
1.093132931657141205e+00
1.099001010142445223e+00
1.111644969226536217e+00
1.109615302484107113e+00
1.109761599820084266e+00
1.104416687832840083e+00
1.099916349662907855e+00
1.102625111871611274e+00
1.099086046140599571e+00
1.097841115102055731e+00
