2.250000000000000056e-01
0.000000000000000000e+00
0.000000000000000000e+00
0.000000000000000000e+00
0.000000000000000000e+00
0.000000000000000000e+00
0.000000000000000000e+00
0.000000000000000000e+00
0.000000000000000000e+00
0.000000000000000000e+00
0.000000000000000000e+00
0.000000000000000000e+00
0.000000000000000000e+00
0.000000000000000000e+00
0.000000000000000000e+00
0.000000000000000000e+00
0.000000000000000000e+00
0.000000000000000000e+00
0.000000000000000000e+00
0.000000000000000000e+00
0.000000000000000000e+00
0.000000000000000000e+00
0.000000000000000000e+00
0.000000000000000000e+00
0.000000000000000000e+00
0.000000000000000000e+00
0.000000000000000000e+00
0.000000000000000000e+00
0.000000000000000000e+00
0.000000000000000000e+00
0.000000000000000000e+00
0.000000000000000000e+00
0.000000000000000000e+00
1.280026412245272915e+00
1.221632574467218513e+00
1.185728179835250362e+00
1.139746320593318929e+00
1.068982918436956586e+00
1.023667370349739647e+00
9.813505461856945056e-01
9.324523133929717433e-01
9.503232017117233532e-01
9.284360679185923448e-01
8.975060214853047835e-01
8.838382942593790981e-01
9.642612676069420852e-01
9.607517342323290688e-01
9.675751782743098328e-01
9.682636390360646050e-01
9.731193416698254994e-01
9.620379055643245580e-01
9.400853366463208793e-01
9.327054613792514770e-01
9.262461778141584112e-01
9.289779822974104651e-01
9.214583097032276182e-01
9.070747016975918564e-01
9.062937972152275146e-01
9.089028131947343159e-01
9.002466488894212970e-01
8.999591859907744018e-01
8.927546588631830593e-01
9.094867262222717796e-01
9.059567716792508163e-01
9.302866709379264964e-01
9.320496342923114685e-01
9.346029111589306826e-01
9.356646895932843044e-01
9.333203795277720261e-01
9.311105887076847054e-01
9.136571083513743696e-01
9.140288324695551303e-01
9.225913944508651321e-01
9.390223250224641882e-01
9.484500585866011413e-01
9.366152227932059704e-01
9.317367669118467033e-01
9.256617048677173720e-01
9.235890330243010649e-01
9.216684918522092262e-01
9.236738265355010080e-01
9.145569671061820616e-01
9.137366288115172930e-01
9.133002431858462389e-01
9.054737939550513426e-01
9.025703793381200102e-01
8.943811325358115294e-01
8.911937571582145834e-01
8.904464376015277516e-01
8.989289715408792514e-01
8.962163820593684882e-01
9.051444937754693498e-01
9.095679775331723116e-01
9.182753863556235574e-01
9.224643116665326437e-01
9.292998394612566049e-01
9.280283049501640846e-01
9.218163979206468461e-01
9.251722603284781021e-01
9.236814279755921619e-01
