2.250000000000000056e-01
0.000000000000000000e+00
0.000000000000000000e+00
0.000000000000000000e+00
0.000000000000000000e+00
0.000000000000000000e+00
0.000000000000000000e+00
0.000000000000000000e+00
0.000000000000000000e+00
0.000000000000000000e+00
0.000000000000000000e+00
0.000000000000000000e+00
0.000000000000000000e+00
0.000000000000000000e+00
0.000000000000000000e+00
0.000000000000000000e+00
0.000000000000000000e+00
0.000000000000000000e+00
0.000000000000000000e+00
0.000000000000000000e+00
0.000000000000000000e+00
0.000000000000000000e+00
0.000000000000000000e+00
0.000000000000000000e+00
0.000000000000000000e+00
0.000000000000000000e+00
0.000000000000000000e+00
0.000000000000000000e+00
1.332346950482447223e+00
1.332346950482447445e+00
1.319668447841870540e+00
1.309641560291054940e+00
1.293739859246242574e+00
1.278712116633534901e+00
1.276117250204821030e+00
1.258525180143891919e+00
1.212659345327036009e+00
1.205922506411980288e+00
1.153088257555936247e+00
1.140733883949310190e+00
1.138251443007682218e+00
1.191919176898500909e+00
1.192752003622608914e+00
1.217042167641184003e+00
1.206936596740187717e+00
1.210315275494174392e+00
1.215011513587112013e+00
1.191603004613288608e+00
1.200360490294317017e+00
1.191201178250145931e+00
1.236711115302132846e+00
1.244482865879948275e+00
1.243213218120219121e+00
1.287731314388310899e+00
1.288808566627845487e+00
1.297029818152727776e+00
1.533554554233724998e+00
1.497819381663953342e+00
1.491351124659280547e+00
1.453634141297949434e+00
1.440294120823887303e+00
1.448519319917140225e+00
1.446157536220078255e+00
1.470105289929236836e+00
1.480317380833245489e+00
1.483275946071393792e+00
1.458840123297260982e+00
1.454863810453352890e+00
1.437619138089259563e+00
1.415874312197001439e+00
1.399127513563839020e+00
1.393915876397124887e+00
1.393117715386286370e+00
1.407771087035378788e+00
1.402734847531119877e+00
1.396851371546989684e+00
1.384620244496516772e+00
1.361293025598580231e+00
1.371994596573536951e+00
1.343587903471271883e+00
1.315360217828183798e+00
1.288869271077264678e+00
1.273780086343820006e+00
1.260701072534123002e+00
1.251940484085914518e+00
1.245963964596335627e+00
1.236748441864255144e+00
1.253116417593902465e+00
1.276992093263844108e+00
1.329491125234823157e+00
1.382216381334911981e+00
1.365976700940476851e+00
1.366497101473277409e+00
1.360294561000982005e+00
1.388910876945424810e+00
1.380982886295182510e+00
1.385348046516105658e+00
1.382566996595309572e+00
1.388095926922631396e+00
1.386476163285444985e+00
