2.250000000000000056e-01
0.000000000000000000e+00
0.000000000000000000e+00
0.000000000000000000e+00
1.459451764868987533e-01
2.620048552120385343e-01
3.069685551855180772e-01
4.722977625666434087e-01
7.750718288790605648e-01
8.150887596669571522e-01
8.143916647972628819e-01
7.682115097366996048e-01
7.251813401058041508e-01
7.218541068515372805e-01
6.919218538714775324e-01
6.844734865199753049e-01
6.871197487487219480e-01
6.978448601528879358e-01
6.980534826667255111e-01
7.221218573929130136e-01
7.238998540468702947e-01
7.152959787943635739e-01
7.006028511948823034e-01
6.991759383599205346e-01
7.029328323494112851e-01
7.291285576973322025e-01
7.688861569257492423e-01
8.157149626621084115e-01
8.157725788852983051e-01
8.317544019872842309e-01
8.835014692642039202e-01
9.029348816740545569e-01
8.972822042587624836e-01
9.048236911375732161e-01
9.172184039668198619e-01
9.623995022445600567e-01
9.799559668478962093e-01
9.990914115234685866e-01
1.008074994038945515e+00
1.002919086011901939e+00
1.013274497650165307e+00
1.010412111563397719e+00
1.016229072372355047e+00
1.026929982819350551e+00
1.025109035008157310e+00
1.021116559722196504e+00
1.009434247262518403e+00
1.014323159082207493e+00
1.006189043117081239e+00
9.997724679601859288e-01
9.964926752297712520e-01
1.008813950257159142e+00
1.009024057929164941e+00
1.008120535916601224e+00
1.032683212242583082e+00
1.037857925267011483e+00
1.022282762285899871e+00
1.020762208963623685e+00
1.020269183320580142e+00
1.028319016205027081e+00
1.021280867114603641e+00
1.011540095536660466e+00
1.006087653159899453e+00
1.002106740284642417e+00
9.971937512160409245e-01
9.908680183693056032e-01
9.824513574652764536e-01
9.778879447010720982e-01
9.791741431925777839e-01
9.785449654189960489e-01
9.813021490758649934e-01
9.827230129155620775e-01
9.908603811930478678e-01
9.844113128330480578e-01
9.952771929019241792e-01
1.012141890785698939e+00
1.012745315917064959e+00
1.014463535688376217e+00
1.029388137421678895e+00
1.023387180167149912e+00
1.017812201422467977e+00
1.005511329464690018e+00
1.022280356153049130e+00
1.029113196204797021e+00
1.024642466317116973e+00
1.020631437050680157e+00
1.013718295609009390e+00
1.001682529865255855e+00
9.862980884591918684e-01
9.862779565939585602e-01
9.785919924333208453e-01
9.684757319511558826e-01
9.693850505798422557e-01
9.704407884607040291e-01
9.767515531119589367e-01
9.800585645352124509e-01
9.700031911801776374e-01
9.629558385675800469e-01
9.442664441042406542e-01
9.405411679640047762e-01
