2.250000000000000056e-01
0.000000000000000000e+00
0.000000000000000000e+00
1.857847940268527176e-01
2.205400704999204986e-01
2.324949840273950463e-01
2.540979691350934155e-01
2.583326659469187270e-01
2.575498586561477121e-01
2.908651062258196807e-01
3.041049706312721201e-01
3.280716190016845779e-01
3.488134371907517517e-01
3.414658822475979405e-01
3.484410130873482059e-01
3.587335681289441913e-01
3.790548823183509941e-01
4.971907591006103910e-01
4.901695487400971052e-01
5.082763415891513592e-01
5.093221925493176538e-01
5.139478460116848613e-01
5.143463275613461283e-01
5.327633662213291377e-01
5.335580918758964231e-01
5.378574782793604792e-01
5.406627506086103541e-01
5.339769480818213898e-01
5.472996285748067402e-01
5.473302270894889743e-01
5.470813439407672396e-01
5.385844212248730445e-01
5.341021619528034670e-01
5.218416175802528256e-01
5.269669931659459738e-01
5.307934536616278898e-01
5.401966094383229278e-01
5.433156347357147586e-01
5.427955415179468446e-01
5.391386393082963080e-01
5.437351186483579957e-01
5.474066226195908325e-01
5.446097966232616994e-01
5.409725126862838795e-01
5.411708565170932905e-01
5.371734462343428218e-01
5.396101516514036911e-01
5.426390566276407812e-01
5.478016976653548031e-01
5.482626316635242913e-01
5.478482965110602620e-01
5.466667328729972741e-01
5.447729639113373379e-01
5.436369258572119056e-01
5.464029031073456277e-01
5.447183550318958067e-01
5.399291513232568063e-01
5.354727683973129482e-01
5.331555796927793800e-01
5.341466481134542477e-01
5.356214296557361143e-01
5.353347058837709671e-01
5.344054116338575744e-01
5.341384563790642082e-01
5.335070114002051778e-01
5.348808588928778418e-01
5.361729035363835827e-01
5.375518307761047998e-01
5.393546575637219176e-01
5.387542908597018343e-01
5.339800007001479498e-01
5.281478078324027825e-01
5.263373434082252444e-01
5.259974503544957436e-01
5.274519931075736245e-01
5.291848872585941388e-01
5.286695512390010565e-01
5.322501730143023302e-01
5.320999391110344812e-01
5.345643609636068216e-01
5.352608897824774337e-01
5.354714045667657851e-01
5.355659846261239254e-01
5.363395952799837607e-01
5.382951199129932807e-01
5.381157751197055417e-01
5.358389292671295046e-01
5.346372612026107918e-01
5.346581648691314248e-01
5.328331461213735576e-01
5.316044964418465968e-01
5.320465330384051006e-01
5.318296389811747460e-01
5.304452054028796493e-01
5.323272682632904651e-01
5.348369542502031670e-01
5.361536176958943134e-01
5.366460366504244295e-01
5.366275332476647675e-01
5.346736258985848034e-01
