2.250000000000000056e-01
0.000000000000000000e+00
1.002336006620060838e+00
7.162467920802566557e-01
7.142402414415995882e-01
6.532721582135135874e-01
6.680065575841637182e-01
7.185114024865064675e-01
7.204883509598570823e-01
7.225414586955875018e-01
7.245622358709997712e-01
7.264658167605921868e-01
7.281952533593246679e-01
7.297202206290842597e-01
7.310322527762975753e-01
7.321386354662016149e-01
7.330565119536666119e-01
7.338080509137653307e-01
7.344169430086895378e-01
7.349061342539908726e-01
9.893336604601731255e-01
8.948022818116926347e-01
7.123968523337377290e-01
7.054904142426771108e-01
8.112671686544763450e-01
8.154345188012253054e-01
8.341656298230496480e-01
6.919546551368074283e-01
6.836834981960141500e-01
6.769477887251256210e-01
6.750073004253004383e-01
6.922477484152643745e-01
6.918635330593433386e-01
6.918900932400134929e-01
6.921718354464850842e-01
6.121487303292211246e-01
6.864891663030326940e-01
6.795673460108934139e-01
6.758101477458064998e-01
5.615972610937489673e-01
4.954185624711449076e-01
4.930141189667018864e-01
4.084657164898953807e-01
3.638493034264003168e-01
3.464131524337106804e-01
3.357402571935378388e-01
3.379460987367229885e-01
3.467456109350414151e-01
4.024915525316786202e-01
4.213670255104138840e-01
4.410447784632270940e-01
4.812207583885823592e-01
5.133152555456986788e-01
5.612223129854522208e-01
5.755096331359027539e-01
5.953067798249970233e-01
6.090273246504175342e-01
6.227652921789532670e-01
6.088075501044095672e-01
6.022826767382855051e-01
6.051752175001546830e-01
6.187919571996284285e-01
6.322946100561634974e-01
6.653272639967984237e-01
6.525746765177875552e-01
6.642398971594650758e-01
6.975266714688002079e-01
6.862244260359474657e-01
7.266291520168306484e-01
7.524737946386023113e-01
7.931094682860707623e-01
8.218717792929361998e-01
8.463060702957966308e-01
8.727124652707518582e-01
8.740796217900022036e-01
8.618693321522301609e-01
8.236358004216451922e-01
8.027029751309950889e-01
7.628961771243746304e-01
7.515294901942652928e-01
7.426605555793570623e-01
7.387991712432704361e-01
7.358800975174744075e-01
7.139319647549561276e-01
7.076997052110969300e-01
7.203358575487159854e-01
7.143595312847199619e-01
7.180391642327301760e-01
7.039579093787204922e-01
6.982592068690517406e-01
7.105080106581656008e-01
7.303668970200538624e-01
7.531526415127653973e-01
7.802596041325288168e-01
7.904004511456572679e-01
7.924046154498701755e-01
8.075603604678135428e-01
8.276012314344176612e-01
8.460668800585343652e-01
8.421869139532078830e-01
