2.250000000000000056e-01
8.880092485054684737e-01
6.566289192350975856e-01
6.516112598271568412e-01
6.730519582798027978e-01
7.314719216623832843e-01
7.543324554559128758e-01
7.622237419071782316e-01
7.534563437085655124e-01
7.580584350282200123e-01
7.398196042904632286e-01
7.351491709432796950e-01
7.325883336586043182e-01
7.223412155625096309e-01
7.085926837871446837e-01
7.010540254457277021e-01
6.957703345730902322e-01
6.746221577917955736e-01
6.578538659778512265e-01
6.545756079104676495e-01
6.136463591327798728e-01
5.987771952626689265e-01
5.997186647220184019e-01
6.062481786825865138e-01
6.256501759127031104e-01
6.034735073281179973e-01
5.982439486877723089e-01
5.988678567167918798e-01
6.142785100666187104e-01
6.354655285834786005e-01
6.546239229539556614e-01
6.708547241962045105e-01
6.784445658295020776e-01
6.856368170727253908e-01
6.927157194805739771e-01
6.962041844931500245e-01
6.955039631869833761e-01
6.944568207681435235e-01
6.832329822315146295e-01
6.836994033694655526e-01
6.836166646100597655e-01
6.733076123966650339e-01
6.697242329232739877e-01
6.711758226133557326e-01
6.703496362750469562e-01
6.657908794809286324e-01
6.755414896645597356e-01
6.757194334907573596e-01
6.719666429098035687e-01
6.704546143971797934e-01
6.715349728773013505e-01
6.696074824586373264e-01
6.690211956873477472e-01
6.609516754631238333e-01
6.567322822761277878e-01
6.338982695948571777e-01
6.363565636571075768e-01
6.351974416160057757e-01
6.484883697761270049e-01
6.609804483438475042e-01
6.696842872616226572e-01
6.786549742306572375e-01
6.875859183113657291e-01
6.764317768099163963e-01
6.657447427329694634e-01
6.593428527421811847e-01
6.485386326873882057e-01
6.552613262250767123e-01
6.586533210413304529e-01
6.679454108540203716e-01
6.737456975034166184e-01
6.748369196035786111e-01
6.721758512050091117e-01
6.750603937125067011e-01
6.740853846091904300e-01
6.688869711313627509e-01
6.609793500915140951e-01
6.592622919082696820e-01
6.524926554755221542e-01
6.406056453603383716e-01
6.384557389846778896e-01
6.390124241197572275e-01
6.479278310935027152e-01
6.560262368421492241e-01
6.603635846438020707e-01
6.644356973080040030e-01
6.700665401414757083e-01
6.758268892215024692e-01
6.789392254608409560e-01
6.732408145616221029e-01
6.640325311082375670e-01
6.567831473797371977e-01
6.533271712708036416e-01
6.468522988456066880e-01
6.408388984425752444e-01
6.378233364877851086e-01
6.341989364928078965e-01
6.414724550760987354e-01
6.434581339813294498e-01
6.379965481471999711e-01
