2.250000000000000056e-01
0.000000000000000000e+00
0.000000000000000000e+00
0.000000000000000000e+00
0.000000000000000000e+00
4.046913448846973238e-01
5.038343637098329220e-01
4.997013090381133282e-01
5.509234107163517580e-01
6.711587273401399267e-01
6.793522670198196556e-01
9.981138777515360383e-01
1.226915719554235062e+00
1.401868554755290930e+00
1.412256507916261894e+00
1.397235676871197096e+00
1.414004614511528146e+00
1.564977363706649527e+00
1.627223241429737177e+00
1.662777021954398915e+00
1.686445408530918399e+00
1.704358999185274115e+00
1.694523031754864517e+00
1.679172601063737780e+00
1.657563562695611781e+00
1.646929489988749218e+00
1.640526568099939464e+00
1.627352001757238931e+00
1.592398059694969836e+00
1.604638255647281353e+00
1.604048379097467780e+00
1.602336882454873601e+00
1.615370572861145604e+00
1.617356356635456960e+00
1.630631159336304314e+00
1.595202594516714534e+00
1.620050749059636086e+00
1.632433641369383626e+00
1.630329650543385078e+00
1.610903239811930732e+00
1.592537225294036851e+00
1.559355430927087394e+00
1.531818077426299940e+00
1.515760075014753960e+00
1.501486891884274311e+00
1.490651790342741645e+00
1.498358618698577116e+00
1.523723102180273736e+00
1.554952519320108362e+00
1.555414957433281176e+00
1.552294432009980962e+00
1.554542755378462315e+00
1.566100637850530219e+00
1.577142716922066423e+00
1.582744534938640202e+00
1.591767387509822385e+00
1.587029475410256518e+00
1.581625214758574094e+00
1.574142572408306018e+00
1.574337319642711064e+00
1.564274466052226087e+00
1.560512513569838111e+00
1.547941041260495698e+00
1.537823586297979439e+00
1.526822530028776770e+00
1.522195111951715862e+00
1.518901557445739625e+00
1.514813040822942991e+00
1.520265034902910539e+00
1.521215900792754816e+00
1.541910032957416243e+00
1.552423845373591682e+00
1.552456558554214716e+00
1.540336463545388890e+00
1.535325010345319985e+00
1.537221941089893074e+00
1.528773055618310117e+00
1.528674583059041803e+00
1.519551109551845025e+00
1.509654449343197591e+00
1.514709953704503675e+00
1.519512667013203977e+00
1.517136240757410715e+00
1.522930484174316534e+00
1.537006782698356222e+00
1.557738677231723878e+00
1.577115423186747689e+00
1.586002266805355942e+00
1.594960340369363960e+00
1.592148900492993180e+00
1.596861489723169658e+00
1.594299200828730223e+00
1.596528440899535717e+00
1.598016474820822763e+00
1.595248463989053622e+00
1.585743626354868319e+00
1.574632335664139848e+00
1.574478066529404918e+00
1.574708265395079021e+00
1.564221308957282286e+00
