2.250000000000000056e-01
0.000000000000000000e+00
3.717478025447086276e-01
4.647955005960764385e-01
4.713052470668361305e-01
4.993243246831204352e-01
5.384035139998586406e-01
5.717471924529221594e-01
6.058578781836601035e-01
6.628891997977580663e-01
7.123417428589745581e-01
7.433973802964002342e-01
7.935313744635430488e-01
9.012454876713237306e-01
9.289017194614860307e-01
9.390668799975494530e-01
9.128397565336682229e-01
9.280984115925556832e-01
9.302170556242320698e-01
9.183877383077294621e-01
9.314705769028616134e-01
9.245240048127958410e-01
9.261872478215463778e-01
9.073949090773384407e-01
9.457097963108348493e-01
9.755777964014170633e-01
1.005058174697173401e+00
9.984952198164234183e-01
1.002911205439627640e+00
1.008569650329876666e+00
1.021107216021341246e+00
1.025188184029457439e+00
1.029584718306017610e+00
1.039037476264532911e+00
1.056550429393283030e+00
1.056511085807271932e+00
1.063435519719249545e+00
1.068660177867461814e+00
1.079116840137957389e+00
1.073664468922947757e+00
1.068659445185294210e+00
1.074719842999506625e+00
1.083588339970851466e+00
1.093533938934614591e+00
1.087241217050715747e+00
1.078496466690609390e+00
1.086596624272791578e+00
1.100752231246169943e+00
1.102173570777525091e+00
1.089518903883303746e+00
1.085890848490877802e+00
1.086734475471451189e+00
1.091395749073436505e+00
1.093830698545540159e+00
1.088170823846960067e+00
1.085679627427542648e+00
1.089207495522976243e+00
1.092435463788176797e+00
1.086906763471719328e+00
1.085681549896269971e+00
1.083139997621699990e+00
1.094031513459840399e+00
1.096350154637519170e+00
1.092515358618217691e+00
1.097112796581387384e+00
1.094096989536558429e+00
1.092780352762255047e+00
1.095686515377826797e+00
1.090396643666605270e+00
1.085495543154233467e+00
1.087012357302633125e+00
1.087640555776882678e+00
1.103134680635490250e+00
1.111195121733521196e+00
1.115879340540619991e+00
1.123247643677981467e+00
1.119346220412769322e+00
1.128580054787013509e+00
1.126605241337185870e+00
1.128010711813066447e+00
1.125512334332651410e+00
1.127338170551644536e+00
1.128702873634629844e+00
1.129245480784356381e+00
1.132166416781742679e+00
1.138781059204908130e+00
1.138966211253534810e+00
1.145841633617403321e+00
1.143593701617816594e+00
1.138028919131623073e+00
1.140054044562370139e+00
1.140037154868594582e+00
1.139546471701555319e+00
1.138513739652195822e+00
1.139077277498312224e+00
1.133855304405535724e+00
1.129478456615368831e+00
1.126819895334044697e+00
1.128421818876842009e+00
1.126983959037406224e+00
