2.250000000000000056e-01
0.000000000000000000e+00
1.319504511293939197e+00
1.319504511293939197e+00
1.362609224691718302e+00
1.345787340105649488e+00
1.310055365083875767e+00
1.308868634336566084e+00
1.292510121221139618e+00
1.291034702377371390e+00
1.308312563545291907e+00
1.275110103024918562e+00
1.273673486116470022e+00
1.481943334245705346e+00
1.566662254341748328e+00
1.827251225771582277e+00
1.832269202971051891e+00
1.840810951694584974e+00
1.847604129256316785e+00
1.841649231246581087e+00
1.843946559083965875e+00
1.848162821491249774e+00
1.872607554454144951e+00
1.890964521229020701e+00
1.865762300517557204e+00
1.860054432942868763e+00
1.833540493513471592e+00
1.840543526472212310e+00
1.834832189030412675e+00
1.839946848688025494e+00
1.828865624080020513e+00
1.852498907246460380e+00
1.873334618467107804e+00
1.923289101677986501e+00
1.920867379475938996e+00
1.909798360469254996e+00
1.905570529585831396e+00
1.903680230703139964e+00
1.909055920988220745e+00
1.897411072135008592e+00
1.874117130864176639e+00
1.813002343869648092e+00
1.790674042597931059e+00
1.759031548413082291e+00
1.707677278119707820e+00
1.693005273458219273e+00
1.637206935071392033e+00
1.582642726387104348e+00
1.543191214107808573e+00
1.455339029986420174e+00
1.380249492067244788e+00
1.374935175057551362e+00
1.346206247130209865e+00
1.354114131855105763e+00
1.334157990665759463e+00
1.301683764268525501e+00
1.278576080608422760e+00
1.236039446213781812e+00
1.232113205932130695e+00
1.198974600958350401e+00
1.167347747912695022e+00
1.130634808210075892e+00
1.115074115685089184e+00
1.141394256934306517e+00
1.143237796497003300e+00
1.159681632920846805e+00
1.137259550658009433e+00
1.188885513251265680e+00
1.237689471425013066e+00
1.240561118484413194e+00
1.251080719962360366e+00
1.242573795875614229e+00
1.240432035398872701e+00
1.193615915577213915e+00
1.199411180383473274e+00
1.168571751829397654e+00
1.146494727446011552e+00
1.150805179429043257e+00
1.171476623109190873e+00
1.202474276666848585e+00
1.249147348875725871e+00
1.252902762709763751e+00
1.279865505225040945e+00
1.298355439697052915e+00
1.321590106885951910e+00
1.328421999560541078e+00
1.318742109928359163e+00
1.313962781838959870e+00
1.314236831368382985e+00
1.333056469334268357e+00
1.317352275617672541e+00
1.281861238904971723e+00
1.288378595816028538e+00
1.301642624400865866e+00
1.285120888616940071e+00
1.295098853801494476e+00
1.305209503674513494e+00
1.305078729754370670e+00
1.304041818614405823e+00
1.281172155265122958e+00
