2.250000000000000056e-01
0.000000000000000000e+00
0.000000000000000000e+00
0.000000000000000000e+00
0.000000000000000000e+00
0.000000000000000000e+00
0.000000000000000000e+00
0.000000000000000000e+00
0.000000000000000000e+00
0.000000000000000000e+00
0.000000000000000000e+00
0.000000000000000000e+00
0.000000000000000000e+00
0.000000000000000000e+00
0.000000000000000000e+00
0.000000000000000000e+00
2.032367389732641916e-01
1.952108389649634679e-01
2.267464733157352752e-01
2.537578973599064480e-01
2.574479173481902805e-01
2.884364489799581266e-01
2.928720266539206474e-01
3.182975146629409280e-01
3.254615632810713421e-01
3.520508101433403869e-01
3.670976425956121725e-01
3.701898326614432300e-01
4.095957231641041973e-01
4.353274324809950357e-01
4.582877533487693666e-01
4.878991739662159044e-01
5.001259914457885092e-01
5.377093203972647117e-01
5.439320438919474920e-01
5.534335389656054316e-01
5.760450740029311456e-01
5.753733764812336560e-01
6.007893243700266339e-01
6.045635738108732227e-01
6.989463678605593033e-01
7.596257706403803933e-01
7.838184735868023445e-01
8.411364011967289445e-01
8.541972471913700238e-01
8.822705005387483368e-01
9.138357501436712438e-01
9.155769861627822692e-01
9.450808826557952624e-01
9.792755471259018130e-01
1.050679688866148487e+00
1.064178094918999173e+00
1.086896851859391111e+00
1.147223425093970128e+00
1.162568202858687672e+00
1.193026108183008471e+00
1.234466190181017886e+00
1.307263536297053275e+00
1.311822737903733049e+00
1.303462410125588500e+00
1.279322247509960819e+00
1.283111337626674731e+00
1.275474863868501618e+00
1.309356760640938422e+00
1.287946102201761089e+00
1.286180143286628663e+00
1.293177795209179415e+00
1.267592899372713910e+00
1.246994396150602036e+00
1.237610563408543696e+00
1.211767344427438164e+00
1.188922221996139283e+00
1.175142990270029220e+00
1.138793255370196045e+00
1.136729402682286283e+00
1.152442757054166211e+00
1.164308867056775165e+00
1.161612254351083173e+00
1.138056331351035455e+00
1.121052496375001706e+00
1.134255855364644239e+00
1.115754028062699854e+00
1.114449117560684765e+00
1.114794279765151996e+00
1.114777893400457742e+00
1.110815518156193171e+00
1.100571960401456106e+00
1.130445320893846306e+00
1.129827064190914054e+00
1.188670295686797385e+00
1.207687865653909842e+00
1.205307953827689849e+00
1.220326735820071118e+00
1.234646341480667653e+00
1.242432149496265126e+00
1.266076894228464811e+00
1.270169172214086206e+00
1.257654938596003413e+00
1.240295407382012716e+00
1.237196975306960267e+00
