2.250000000000000056e-01
0.000000000000000000e+00
0.000000000000000000e+00
0.000000000000000000e+00
0.000000000000000000e+00
0.000000000000000000e+00
2.102457927656632641e+00
2.073199811860964914e+00
2.045141204142925773e+00
1.993642277016720143e+00
1.954969458599309595e+00
2.004386256966387059e+00
1.970267393864693073e+00
1.993424213545905932e+00
1.941887360117276806e+00
1.709871190141031505e+00
1.672936201603715256e+00
1.644032585912282407e+00
1.665566610520935908e+00
1.683588333712899621e+00
1.741145933825727354e+00
1.745487757432580223e+00
1.710387427213284184e+00
1.702409899232740775e+00
1.676839305081593290e+00
1.664865789381588801e+00
1.581557631842227529e+00
1.534682155554525584e+00
1.507845659145291561e+00
1.471947165587496942e+00
1.508970313501754257e+00
1.523640431824858199e+00
1.537381031724960989e+00
1.523670835092752807e+00
1.542310102443528619e+00
1.507272162724024422e+00
1.539498596622955295e+00
1.532628277694761731e+00
1.517418050500443538e+00
1.516142119306768343e+00
1.554709015940780370e+00
1.553711073099372397e+00
1.572878232158128720e+00
1.580449180352063721e+00
1.573598484791656649e+00
1.564063760306165118e+00
1.542875408686596561e+00
1.536397442383888201e+00
1.547800837089770010e+00
1.539257641934940191e+00
1.490745163883266722e+00
1.479465852417549909e+00
1.488020051202764815e+00
1.498617809186435945e+00
1.503431216802125547e+00
1.532601726903757289e+00
1.519385808729031062e+00
1.526831061156137537e+00
1.540489793212922232e+00
1.536894707957773498e+00
1.553695806438330163e+00
1.546911876914255579e+00
1.552593693980329981e+00
1.553818902303330196e+00
1.601249091767440680e+00
1.617944511312467748e+00
1.619277007911342769e+00
1.621686771025858453e+00
1.611436909351686042e+00
1.607546925579305563e+00
1.585522880349425900e+00
1.585968555803805025e+00
1.576534593833437636e+00
1.562889247343129950e+00
1.557451860052457615e+00
1.541274898747934774e+00
1.509881818289610544e+00
1.506523313277344123e+00
1.490594967104561075e+00
1.468104025092766829e+00
1.475789826774277058e+00
1.494328191283472496e+00
1.534189041568839729e+00
1.590811733772793168e+00
1.588541607000890865e+00
1.618151414118872200e+00
1.627446778037063613e+00
1.626885931883960579e+00
1.620591606471718071e+00
1.611727704000326611e+00
1.613676078981929995e+00
1.601678657539136630e+00
1.609576554572984985e+00
1.611013847697938983e+00
1.613657639790184950e+00
1.616772600561484197e+00
1.615804616224589152e+00
1.645137935607979829e+00
1.646885746664761729e+00
1.654946877968787478e+00
