2.250000000000000056e-01
0.000000000000000000e+00
1.183201603712579431e+00
1.053303815947802535e+00
9.704808412867056422e-01
9.462103200100627776e-01
9.104048782784467386e-01
8.413944213405946115e-01
7.152691988452772875e-01
8.955459642097656214e-01
9.020584816692480690e-01
9.853121468003576133e-01
1.179811804429098165e+00
1.193315430826962009e+00
1.205352129356503932e+00
1.209595494545845140e+00
1.198554220731668618e+00
1.191884070489919623e+00
1.157324650482104866e+00
1.106940030222861582e+00
1.022720028814021465e+00
1.016036932249891667e+00
9.610515222355789922e-01
1.078076354008421500e+00
1.070723528295941307e+00
1.037941127341701408e+00
1.021654656342765088e+00
1.065649654747530262e+00
1.081676159732762876e+00
1.116133233614957421e+00
1.109476546047447609e+00
1.125611434067561145e+00
1.127099536914256017e+00
1.158775558240383141e+00
1.158340740084345288e+00
1.163250632870085344e+00
1.156322662765523424e+00
1.141811299183538742e+00
1.144032360626707545e+00
1.149215292452800519e+00
1.160877162497668591e+00
1.143596943638211627e+00
1.158721126811603330e+00
1.193628430711127786e+00
1.216162413153295097e+00
1.215464436533765902e+00
1.231169157952562321e+00
1.217397404177892772e+00
1.204936698597238509e+00
1.199368746607572200e+00
1.186576831738192617e+00
1.167477339094828981e+00
1.140459238786392326e+00
1.109507880635400179e+00
1.112778453162442061e+00
1.090747166168108739e+00
1.085909109322807709e+00
1.097380638234580763e+00
1.104585148654799065e+00
1.111649654355091110e+00
1.133463177083348539e+00
1.151766197678004477e+00
1.189919368310791592e+00
1.209291767390932915e+00
1.251738954628879075e+00
1.266074945062362067e+00
1.252823763139181645e+00
1.206618581918423860e+00
1.117956330810197407e+00
1.130788741697191790e+00
1.119278153989188729e+00
1.118710270221941583e+00
1.136337451854763980e+00
1.183783720507217474e+00
1.189414596883606734e+00
1.219248395717482003e+00
1.228283987995545834e+00
1.228323710379554345e+00
1.213598871273482205e+00
1.203937773858408722e+00
1.186016030674088118e+00
1.172049807916816455e+00
1.143981002476406328e+00
1.161866797365199044e+00
1.171607747262253030e+00
1.226190626118017768e+00
1.192903174841842828e+00
1.188829283826980276e+00
1.164505899593009985e+00
1.160781132057209009e+00
1.214707515519365399e+00
1.202687212208768841e+00
1.180861895689094165e+00
1.188824339682106546e+00
1.199803461078611244e+00
1.187124091944408599e+00
1.194421688381150926e+00
1.183970111424413885e+00
1.166785286157324020e+00
1.157767447907367853e+00
