2.250000000000000056e-01
0.000000000000000000e+00
0.000000000000000000e+00
1.909946279844497719e-01
1.888207152659241994e-01
1.893304137225719774e-01
2.495568839752615453e-01
2.508088636689877471e-01
2.694957181666882695e-01
3.007615950008571959e-01
3.023495855696703427e-01
3.037470817225280117e-01
2.702911353267276606e-01
2.780065265645216277e-01
2.742712805825849864e-01
2.693901219704088468e-01
3.049150906589936372e-01
2.871911107712173949e-01
3.038820998497725467e-01
3.418149660722857308e-01
3.416937589096766814e-01
3.470727588037106348e-01
3.682677606334642251e-01
3.553180807407991249e-01
3.752664764183740176e-01
3.739698213755564549e-01
3.972228988132082139e-01
4.108623867748350533e-01
4.410600679207617447e-01
4.747429033606711535e-01
5.200061257211154864e-01
5.389521491219778637e-01
6.280554500868150702e-01
9.070286492712824611e-01
1.061361400899976548e+00
1.072731437334748517e+00
1.167530763793747317e+00
1.185600767955571566e+00
1.157937095706356390e+00
1.134964749040092036e+00
1.120988519828907126e+00
1.102410225477739703e+00
1.069937170200790710e+00
1.050950813041781950e+00
1.027293763570769958e+00
9.813334828972875012e-01
9.794861236947732808e-01
9.682585190773687067e-01
9.601592262881494255e-01
9.698267125180607406e-01
9.608748728433765818e-01
9.638680402844514994e-01
9.868896508135136525e-01
1.053412298926437840e+00
1.208733557098014666e+00
1.325250557075582813e+00
1.344223951285409058e+00
1.329385422939699746e+00
1.332221063543184814e+00
1.303246943327817320e+00
1.277324443233514462e+00
1.253658684083962305e+00
1.244825427715914978e+00
1.237720902829606340e+00
1.234845716559023421e+00
1.251234797116004938e+00
1.263396488457033673e+00
1.274099852911662722e+00
1.345759922261042796e+00
1.413515544176240146e+00
1.442708858354437851e+00
1.428754562999913436e+00
1.421121847411726424e+00
1.408364987370525956e+00
1.377963583781037560e+00
1.359905661223482998e+00
1.372790136102309377e+00
1.417475900176688786e+00
1.401929244268154129e+00
1.378549775011755685e+00
1.363451590095516641e+00
1.402251285662220459e+00
1.432248904717859928e+00
1.454600496507330920e+00
1.461485586515028912e+00
1.453346461762941022e+00
1.432712070008419492e+00
1.415967120499532106e+00
1.396646073522916254e+00
1.385231402931744293e+00
1.370554603262873483e+00
1.448153811041789307e+00
1.441268680312610906e+00
1.405860685769255269e+00
1.371141058456188500e+00
1.336359136849662121e+00
1.310788271417852924e+00
1.282402323795480914e+00
1.298155442081054822e+00
1.301552178492575207e+00
