2.250000000000000056e-01
0.000000000000000000e+00
1.852229628434125530e-01
2.306411694799896106e-01
2.214399114014517778e-01
2.770858543145465203e-01
2.782374216951680745e-01
3.301296686027905825e-01
3.369379710099671410e-01
3.396431373883453397e-01
4.033363631833629670e-01
3.495787295433792630e-01
3.966116674155997779e-01
3.733442301585353507e-01
3.856450391305499825e-01
4.212561325128081902e-01
4.324577117027736950e-01
4.792788600626328166e-01
5.048749988761399576e-01
5.325331420857817299e-01
5.672413131461553348e-01
6.560589787201897005e-01
7.451098107773400647e-01
8.431380273485524768e-01
8.814786831925996990e-01
9.188490053340502284e-01
9.608393707540837658e-01
1.004676727935240654e+00
1.045842145023669900e+00
1.126129062246926216e+00
1.200523358770439142e+00
1.274016177287118579e+00
1.334612920365811028e+00
1.365738048812543459e+00
1.395733452533185259e+00
1.443306121056987967e+00
1.452020606217397702e+00
1.464198088882495918e+00
1.491064794243069480e+00
1.493611134773181526e+00
1.530472204097385491e+00
1.551519935713709275e+00
1.544153592091676241e+00
1.538613336475268323e+00
1.533251112514363301e+00
1.517821448181776001e+00
1.505566561200726738e+00
1.490094567013929838e+00
1.486961839886399961e+00
1.487000436110872847e+00
1.478574162297750405e+00
1.456890326972858363e+00
1.440002478946056597e+00
1.411009762165344128e+00
1.394102573873902795e+00
1.377018691964284391e+00
1.359861295079113352e+00
1.335328756553995078e+00
1.314490046865472550e+00
1.293740591242897642e+00
1.265532288779904091e+00
1.244983145635272459e+00
1.216912966249714900e+00
1.220437411455701948e+00
1.224220917501301242e+00
1.261391137845414567e+00
1.275942307950674648e+00
1.296451648214191676e+00
1.333841251608561373e+00
1.354049374608264911e+00
1.381686145890634432e+00
1.394603744703825976e+00
1.404669313280160425e+00
1.412216574400130709e+00
1.426621408129320923e+00
1.446478373099525871e+00
1.467933959138175704e+00
1.477661311951808276e+00
1.474289131617338100e+00
1.476765582999189030e+00
1.482659755328323170e+00
1.487384911331744330e+00
1.483032115853790911e+00
1.488751824742460705e+00
1.486532261281700906e+00
1.484019210727389293e+00
1.476433581406680684e+00
1.469966103428055337e+00
1.466368701877967418e+00
1.455598381631501015e+00
1.437793086708333279e+00
1.430470910571921328e+00
1.430311304150330809e+00
1.420444700829144535e+00
1.416088883200185444e+00
1.408418330019828080e+00
1.396442586914824702e+00
1.383002464486216887e+00
1.379982656378948347e+00
1.371731778464865492e+00
