2.250000000000000056e-01
0.000000000000000000e+00
0.000000000000000000e+00
0.000000000000000000e+00
2.485797168415628533e-01
2.060426221248669587e-01
2.062965115010934603e-01
2.278232536303689271e-01
2.437756249354018634e-01
2.450232065736672182e-01
2.744615573393097696e-01
2.595862642686123101e-01
2.794239305258925388e-01
2.479055534547224549e-01
2.483068601519485830e-01
4.168909705104476005e-01
5.366314683261383944e-01
5.408410067390128084e-01
5.854875378705478584e-01
6.384249212981211175e-01
6.319099080496793919e-01
6.712467213548465317e-01
6.671574068033975236e-01
6.718257965213901839e-01
6.712548520228732718e-01
6.661613289215763123e-01
6.620257172126670087e-01
6.491979087351783528e-01
6.373501246019117605e-01
6.292069127436904497e-01
6.329275801468967622e-01
6.421907106216505623e-01
6.447184059097349484e-01
6.377547863465127254e-01
6.460605898994230545e-01
6.569264087133438457e-01
6.763871381039893160e-01
6.843356375213645038e-01
6.845102178706717888e-01
6.869614674062555215e-01
6.874430580837241900e-01
6.907938107933939698e-01
6.841309255513539078e-01
6.859934042262588738e-01
6.848447199598426405e-01
6.788337727011404255e-01
6.730912658565365581e-01
6.763802118931223628e-01
6.713840351189493960e-01
6.735571723130088229e-01
6.792072247517030315e-01
6.860478628637112219e-01
6.876223722605894206e-01
6.905942627517218657e-01
6.985063638344958248e-01
7.047419405498178691e-01
7.055517741498468220e-01
7.093012601774597581e-01
7.110649749996853508e-01
7.172211157189998243e-01
7.187999664699902258e-01
7.207170384805808849e-01
7.218689414358113732e-01
7.198047538832919034e-01
7.159977198669900122e-01
7.123889266586388436e-01
7.111051844573248459e-01
7.069967576327068626e-01
7.051252295797767466e-01
7.044626143931415063e-01
7.058611865278424657e-01
7.040532244987492971e-01
7.074193639282140289e-01
7.118397860355714091e-01
7.127174327113027230e-01
7.110487064620438780e-01
7.109839949155142280e-01
7.162480363328633803e-01
7.165525859601404868e-01
7.193623678716777325e-01
7.202333698492712211e-01
7.218648485236369705e-01
7.206099819625599867e-01
7.193332750528445008e-01
7.184146483046777165e-01
7.186743781163611455e-01
7.177922314045185326e-01
7.149087944387007010e-01
7.099965053541386073e-01
7.097335219637618264e-01
7.110738944306540521e-01
7.078483983622270159e-01
7.070414664356611256e-01
7.075603374166877790e-01
7.022319509771007828e-01
6.987893042332423699e-01
6.958463265049825708e-01
6.942290786317163453e-01
6.952994737380109314e-01
6.991465322766212687e-01
