2.250000000000000056e-01
0.000000000000000000e+00
0.000000000000000000e+00
0.000000000000000000e+00
0.000000000000000000e+00
0.000000000000000000e+00
0.000000000000000000e+00
2.744198739320626856e-01
3.214187955285913167e-01
3.297526679325987198e-01
3.601352444150247578e-01
3.749774566038328594e-01
4.079515742714753257e-01
4.171955598077929928e-01
4.581674963003547485e-01
4.916304256431676678e-01
5.341868341529051323e-01
5.421055727612161812e-01
6.063340801997936236e-01
6.441670658738605226e-01
7.558410781504895093e-01
1.018827479654949908e+00
1.041906626579558459e+00
1.033867596899359143e+00
1.026015089504783262e+00
1.021687441239928384e+00
1.021372927830151989e+00
1.020801626176175647e+00
1.039360988942958475e+00
1.114339013037604964e+00
1.159999213727210599e+00
1.159327974843533671e+00
1.139284583580303378e+00
1.128937737680202114e+00
1.116145663342650751e+00
1.160286965426523986e+00
1.170813357275163336e+00
1.146966302705994201e+00
1.129529634080971956e+00
1.137850457691085504e+00
1.130168187218944853e+00
1.150092028124448218e+00
1.139180047246636240e+00
1.139257292816559408e+00
1.135563289276658061e+00
1.131422353939435022e+00
1.099625174533780170e+00
1.084448006089265393e+00
1.056492458272039192e+00
1.079820464667411439e+00
1.097134609837186359e+00
1.120464454965042655e+00
1.128508023302250862e+00
1.130727660945374469e+00
1.125022800056765471e+00
1.117421512255461824e+00
1.123275473451575746e+00
1.114876336851007066e+00
1.105919460371048713e+00
1.113661528653040467e+00
1.115733435410086072e+00
1.119218754585987963e+00
1.118320696547225879e+00
1.112622034430519102e+00
1.116019955324152324e+00
1.126008872121047943e+00
1.136332254942726605e+00
1.140750195593780880e+00
1.143176277988952494e+00
1.148757682108395795e+00
1.150830684637283774e+00
1.152925958995035138e+00
1.148671059086362467e+00
1.141955594441762978e+00
1.146232651939589120e+00
1.147540690787162143e+00
1.154847934097499085e+00
1.150168174724281345e+00
1.138498811625197060e+00
1.134830724909622779e+00
1.139597797602831308e+00
1.138294128243758419e+00
1.133943485172050236e+00
1.131029757573120964e+00
1.130702015178229436e+00
1.130620490223992691e+00
1.130619342758621970e+00
1.128771804555779967e+00
1.131141195146765366e+00
1.132198924883344615e+00
1.128374023945743820e+00
1.126381366913562498e+00
1.126381941053094859e+00
1.129741314329872015e+00
1.124753407401530403e+00
1.130755458284574244e+00
1.140990968217829638e+00
1.148682986219337288e+00
1.147633994200718544e+00
1.149921241888735457e+00
