2.250000000000000056e-01
0.000000000000000000e+00
0.000000000000000000e+00
0.000000000000000000e+00
0.000000000000000000e+00
0.000000000000000000e+00
7.248989111287648668e-02
1.180375347411080633e-01
1.186083570414413618e-01
1.508570055988852354e-01
1.503614581474772838e-01
1.859117332935899258e-01
2.014206288102055320e-01
2.145767705557274641e-01
2.437765079115315758e-01
2.616968185326490337e-01
2.866390026756305276e-01
3.010763673129193130e-01
2.967840425963599316e-01
3.178456653054403391e-01
3.166674831190633421e-01
3.261532027200201855e-01
3.334913508019216599e-01
3.660797760212899377e-01
3.662789640733145058e-01
3.590329006763131603e-01
3.827335375425814923e-01
3.969063551502551856e-01
3.999413998718969188e-01
4.006852743980964249e-01
4.358058811650001863e-01
4.337143810872980398e-01
4.509694025146268048e-01
4.733199747792721790e-01
4.880246818702609346e-01
4.982905409758300874e-01
5.841015625537424594e-01
6.151813442871345572e-01
6.988494237693420041e-01
7.278531613467975614e-01
7.764454803730818089e-01
7.995062952294585967e-01
8.024940104436302235e-01
7.970789973286870334e-01
7.943169138308494581e-01
7.911350713324940553e-01
7.866160311260768090e-01
7.936516664231755280e-01
7.797044440580797042e-01
8.066296076816760197e-01
8.149532022053043168e-01
6.662436247527524502e-01
6.587288254683726363e-01
6.615161376657172632e-01
6.877206238989278519e-01
7.066385773997784225e-01
7.210406235827875321e-01
7.342592594362170599e-01
7.454436949787404121e-01
7.533092837915185136e-01
7.420803024424493799e-01
7.447189089696278907e-01
7.223811549122128861e-01
7.039221419308706595e-01
6.875001896492904940e-01
6.739495677621140102e-01
6.668051070334172215e-01
6.720972779393814545e-01
6.798668249292987298e-01
6.919075520510155064e-01
7.003861154726117588e-01
7.060024011687290324e-01
7.088246716074863008e-01
6.941428097065908132e-01
6.978931228454353652e-01
6.964050791137893492e-01
6.947453854995960798e-01
7.050836037996328631e-01
6.999953981577821116e-01
6.937774096930966472e-01
6.883852815853518381e-01
6.901196440999451953e-01
6.958145277206254642e-01
6.956411810449008026e-01
7.057639217646081153e-01
7.297447378833286091e-01
7.446103321556132304e-01
7.407157829242886349e-01
7.419191755387769538e-01
7.423499879855374184e-01
7.439181368664585792e-01
7.454460546888469485e-01
7.486900013424930833e-01
7.525051894437477795e-01
7.493776468213717568e-01
7.557828097862380190e-01
7.571417287578886546e-01
7.612506948097064186e-01
7.596411138606455893e-01
7.643555545726923306e-01
