2.250000000000000056e-01
0.000000000000000000e+00
0.000000000000000000e+00
9.620377920560205798e-01
9.232148886783700936e-01
9.005040617233783795e-01
9.143873400241889771e-01
9.381801992488970621e-01
9.387645394397891030e-01
9.395800881923828118e-01
9.405655008008177997e-01
9.414521203373579228e-01
9.422286276625386758e-01
9.428932219688507255e-01
9.434512086248874052e-01
9.439123740900933202e-01
9.442887100727065386e-01
9.445927266033132819e-01
9.448363625815121569e-01
9.450303853359646178e-01
9.451841387029028541e-01
9.453055129242400323e-01
9.454010399979828616e-01
9.601135139499262783e-01
9.952701966249170029e-01
9.737710134120047822e-01
9.390815888251505816e-01
9.396230747516312043e-01
9.355742030782533414e-01
9.349692658236898879e-01
9.506782025954074733e-01
9.515316033690303099e-01
9.164509089862722391e-01
9.296276632034458087e-01
9.236978091184827599e-01
9.319915129588214331e-01
9.235306084012292471e-01
9.362238763899055627e-01
9.368478325105839000e-01
9.370801122366351210e-01
9.376581795723168966e-01
9.381909634597316305e-01
9.386666223613922000e-01
9.390800519741048236e-01
9.394314800740213300e-01
9.397248048712526503e-01
9.399660490334230678e-01
9.401621348387629862e-01
9.403200342702727754e-01
9.404462530014969790e-01
9.405465683049059056e-01
9.406259386384540067e-01
9.406885174523591520e-01
9.407377226991208152e-01
1.068776029645942094e+00
9.806624930203434731e-01
9.130747450613619920e-01
8.918873827906592666e-01
8.909493755787100122e-01
9.236029740565613322e-01
9.377496151667003010e-01
9.402426691942066261e-01
9.427389282034414064e-01
9.451255989954231440e-01
9.473215311901431734e-01
9.492785048480549825e-01
9.509770952451924719e-01
9.524198067704249260e-01
9.536237307043270439e-01
9.546141347293020107e-01
9.554195840622720093e-01
9.560686356166321342e-01
9.565878564378298421e-01
9.570008246855431500e-01
5.512077346574104642e-01
5.841274357953258889e-01
8.079363790653126820e-01
8.519872104637008503e-01
8.837729138165998366e-01
9.526336287154761884e-01
9.502400182438954790e-01
9.523175714012426241e-01
9.275851750843363552e-01
9.267330768961995480e-01
9.360325446491536416e-01
9.245685435482687842e-01
9.166742409304355910e-01
9.095270523600874624e-01
8.935994836243595918e-01
8.831245012164892216e-01
8.673311069128667450e-01
8.471755065652839534e-01
8.311724186229982880e-01
8.228557595469464525e-01
8.152894209414663917e-01
8.162388701028626681e-01
8.882662268474711409e-01
9.795323596544780465e-01
1.006116482752459795e+00
9.847509955282691685e-01
