2.250000000000000056e-01
0.000000000000000000e+00
0.000000000000000000e+00
0.000000000000000000e+00
0.000000000000000000e+00
0.000000000000000000e+00
0.000000000000000000e+00
0.000000000000000000e+00
0.000000000000000000e+00
0.000000000000000000e+00
0.000000000000000000e+00
0.000000000000000000e+00
0.000000000000000000e+00
0.000000000000000000e+00
0.000000000000000000e+00
0.000000000000000000e+00
0.000000000000000000e+00
0.000000000000000000e+00
0.000000000000000000e+00
0.000000000000000000e+00
0.000000000000000000e+00
0.000000000000000000e+00
0.000000000000000000e+00
0.000000000000000000e+00
0.000000000000000000e+00
0.000000000000000000e+00
0.000000000000000000e+00
0.000000000000000000e+00
0.000000000000000000e+00
1.475813602572999317e+00
1.475813602572998873e+00
1.475813602572999095e+00
1.475813602572998873e+00
1.475813602572999761e+00
1.475813602572999761e+00
1.475813602572998873e+00
1.475813602572999761e+00
1.475813602572999317e+00
1.475813602572999317e+00
1.475813602572999317e+00
1.475813602572998873e+00
1.475813602572999761e+00
1.475813602572998873e+00
1.475813602572999761e+00
1.485333943573332816e+00
1.499510727469399507e+00
1.452752222745207655e+00
1.542575528945996366e+00
1.537329326483281022e+00
1.557686518193414082e+00
1.604341480832140343e+00
1.627781017492188731e+00
1.629400667842002770e+00
1.636158118094789504e+00
1.614736469034837141e+00
1.596243327147791602e+00
1.569210385937515717e+00
1.583092124424701375e+00
1.603180511452910517e+00
1.647862913823127551e+00
1.648652844329347777e+00
1.643037270329742672e+00
1.642256143425786741e+00
1.618953988484637119e+00
1.600656401679107610e+00
1.600560951624570016e+00
1.610819115311476146e+00
1.606735632302247918e+00
1.629965409203973481e+00
1.655804680417123143e+00
1.668207099409322325e+00
1.716317497458794694e+00
1.740606273632431034e+00
1.745521713848172896e+00
1.736543884880598743e+00
1.715706178264232662e+00
1.689888183333393412e+00
1.655393467333924340e+00
1.649291774447956938e+00
1.647485604531472747e+00
1.656207739310199933e+00
1.655017244500746720e+00
1.664695867141490870e+00
1.692584310639213108e+00
1.715861250425330997e+00
1.730527905549539502e+00
1.720351811202872838e+00
1.722539295629573752e+00
1.720947728976867319e+00
1.725850455414397189e+00
1.691527949275958287e+00
1.678644158683532561e+00
1.669205596121173141e+00
1.685467034183254720e+00
1.678397228245126271e+00
1.685130840004754438e+00
1.680280802301031162e+00
1.674352601801852858e+00
1.660120974894281565e+00
1.640114454624417295e+00
