2.250000000000000056e-01
0.000000000000000000e+00
4.467476601594841390e-02
4.467476601594841390e-02
4.467476601594841390e-02
6.240926049813303594e-02
7.638019438540198658e-02
7.310741431703481064e-02
7.320406112046247415e-02
7.641517882816839524e-02
1.102888513148457261e-01
1.154463408564962296e-01
1.248419519396751914e-01
1.266371761104887750e-01
1.589282999232743687e-01
1.635146198823194674e-01
1.657676985027227712e-01
1.676577449032822797e-01
1.704986686649818672e-01
2.235458842273393976e-01
2.273349692764635999e-01
2.222470118410528328e-01
2.237375987250312115e-01
2.739959926559873971e-01
2.776171383821814387e-01
2.811847563667999039e-01
2.152729788792633880e-01
3.182858970890022343e-01
3.521171867438963599e-01
4.112489183741034893e-01
4.752232840356415133e-01
5.636180586646306612e-01
5.540416490128461380e-01
6.370018178024816624e-01
6.974003306365127441e-01
6.978629992079419253e-01
7.184314559629529917e-01
7.638417617579706942e-01
7.477172822177012845e-01
7.771773016390309818e-01
7.709941281656300660e-01
7.853067211059587827e-01
7.745609921585808744e-01
8.252986519062774917e-01
8.322457037621460163e-01
8.960230900162445833e-01
9.123523149861068049e-01
9.437735104589155544e-01
9.401201393838489739e-01
9.392131147553206549e-01
9.463852945072152023e-01
9.337992097290154225e-01
9.400385401128726892e-01
9.627513388410670059e-01
9.894938585523550545e-01
9.727712161287468406e-01
9.680405871811418317e-01
9.706969263709712692e-01
9.632074781268558095e-01
9.570645775394173160e-01
1.019142250679795136e+00
1.034904038526190728e+00
1.038321858430838462e+00
1.035085370336889854e+00
1.027455969336193986e+00
9.783598809988375278e-01
9.428009311041607443e-01
9.039602005394037354e-01
9.087471081698927922e-01
9.128407881218618680e-01
9.110526314629722178e-01
9.062523417581943574e-01
9.030858328522816114e-01
8.992533392816864923e-01
9.018529797131779047e-01
9.150618335811007142e-01
9.344898309657293511e-01
9.381806976748493510e-01
9.396499065385258698e-01
9.490066563668656530e-01
9.692606194756326898e-01
9.755378101259726265e-01
9.844538394512281076e-01
9.854309494591133589e-01
1.002568270883607005e+00
1.001987739023877388e+00
9.908763738741425131e-01
9.808894073909744105e-01
9.751241169569992984e-01
9.675786932023568987e-01
9.773446773806383492e-01
9.639046908864525864e-01
9.518963747785713636e-01
9.276302390578121670e-01
9.014086509042628093e-01
8.816467788910968828e-01
8.868001244773426883e-01
8.949816859572641281e-01
9.014329964901470760e-01
9.208688663994555323e-01
