2.250000000000000056e-01
0.000000000000000000e+00
0.000000000000000000e+00
0.000000000000000000e+00
0.000000000000000000e+00
0.000000000000000000e+00
0.000000000000000000e+00
0.000000000000000000e+00
0.000000000000000000e+00
0.000000000000000000e+00
0.000000000000000000e+00
0.000000000000000000e+00
0.000000000000000000e+00
0.000000000000000000e+00
0.000000000000000000e+00
0.000000000000000000e+00
1.626556559575499383e+00
1.562481213315585427e+00
1.533797152056029844e+00
1.488671034219556599e+00
1.443748454129408554e+00
1.427540352163653603e+00
1.380028090806308727e+00
1.338200573431840068e+00
1.281729568185406398e+00
1.227570974732239639e+00
1.139191541017395393e+00
1.111448977229507307e+00
1.079481664635970839e+00
1.009698837371880042e+00
9.714071804686492673e-01
9.533732481432207750e-01
9.310839354609872220e-01
9.312285703474920684e-01
9.205241931333542071e-01
8.849666102271838142e-01
8.971904716113204836e-01
8.991956070934221668e-01
9.137102233221713332e-01
9.115576007501924316e-01
9.365226086879716583e-01
9.677915697790748784e-01
1.014383920364338554e+00
1.085151044121845709e+00
1.128516386348492162e+00
1.171542739209919359e+00
1.211831650403423444e+00
1.243245724936943075e+00
1.258957579347229849e+00
1.284031711590540192e+00
1.285460745458780307e+00
1.281750022766806607e+00
1.273094666821752430e+00
1.254121312768695873e+00
1.240880732031413247e+00
1.209463621790039634e+00
1.129185187488203512e+00
9.924983357804213480e-01
9.136302634477556639e-01
8.847011068319866611e-01
9.109223387702483077e-01
9.208269589106822250e-01
9.020764190191109533e-01
8.928823194921734485e-01
8.774110799777581349e-01
8.912543680763533871e-01
9.132192024567569177e-01
9.699950747890278002e-01
9.865755927021451210e-01
9.890452926179706949e-01
9.909171831781082851e-01
9.961746104149593606e-01
1.007453517187204550e+00
1.020566861108094692e+00
1.014198806567393474e+00
1.001696263317448432e+00
9.928174441850253773e-01
9.943397523968702245e-01
1.000739381400176597e+00
1.012280697630809856e+00
1.033639046040760956e+00
1.050765490244119249e+00
1.068641598319320263e+00
1.090141541146186999e+00
1.085744739486603105e+00
1.091214228844845424e+00
1.110470723258200731e+00
1.104567552460961277e+00
1.108201234429590176e+00
1.114568479646849797e+00
1.124551388239122041e+00
1.136679227803297554e+00
1.155759974927526912e+00
1.169449913374646766e+00
1.185983452333346122e+00
1.219149407626993309e+00
1.234525265602675725e+00
1.250310243246115505e+00
1.268264545620526151e+00
1.277803176190745571e+00
