2.250000000000000056e-01
0.000000000000000000e+00
0.000000000000000000e+00
0.000000000000000000e+00
0.000000000000000000e+00
2.841775442058780410e-01
2.940738560220086395e-01
2.940353725517134142e-01
3.329059907448785882e-01
3.493072673607188761e-01
3.616014976256579083e-01
3.450136254630466470e-01
3.845369753185857165e-01
3.859010706850259931e-01
4.061955291231769682e-01
4.261380465566497744e-01
4.403545657046131767e-01
4.352995002568589289e-01
4.505814744783130932e-01
4.620255718751540841e-01
4.946370531258532655e-01
4.980296278760890094e-01
5.033360147162672105e-01
5.366081939649198773e-01
5.511148000758320231e-01
5.772682155865720421e-01
5.752098361472672838e-01
6.136648861175710845e-01
6.259200638299446950e-01
6.290894977004601873e-01
6.324090331801032194e-01
6.793393481525269451e-01
6.946551768601051391e-01
7.376241669540224422e-01
7.654168145387746369e-01
8.138365206743602975e-01
8.304117078624366766e-01
8.772804544480506950e-01
9.228852782854169989e-01
9.464464221262343102e-01
9.631442801323298886e-01
9.822768372011554394e-01
1.015409592720110110e+00
1.017834638081505982e+00
1.051677703085151849e+00
1.082769584332085921e+00
1.116754038532772331e+00
1.116394933957245206e+00
1.145162350021048603e+00
1.149923960039251902e+00
1.170220616287290794e+00
1.194857444183961004e+00
1.203245508666638708e+00
1.209490971884932708e+00
1.219272019495565962e+00
1.220564111107884431e+00
1.240638431615224357e+00
1.230854699123806073e+00
1.216133685746117354e+00
1.224489373709787055e+00
1.219832086762619561e+00
1.218989720316969949e+00
1.203652060799939694e+00
1.184506869975447518e+00
1.185291392635302588e+00
1.184120384642308510e+00
1.169272555519147216e+00
1.170599180144679785e+00
1.148983679639884015e+00
1.133448424335702587e+00
1.132063112602000654e+00
1.128846844736148824e+00
1.117194938118163838e+00
1.104603411364182719e+00
1.089186580615365330e+00
1.081429180007094537e+00
1.072416788914654084e+00
1.057589110562889845e+00
1.055638975469695318e+00
1.048900873628805464e+00
1.055346942909180852e+00
1.063433001987015736e+00
1.069256178452736350e+00
1.064666178863152624e+00
1.064107452612020221e+00
1.063123005342169858e+00
1.053112381288913824e+00
1.044176291570927395e+00
1.029948802476583269e+00
1.026503684430984276e+00
1.027045233595504259e+00
1.029491912236686124e+00
1.027350985769235781e+00
1.034749193904638709e+00
1.040646222019521838e+00
1.052740967400481731e+00
1.064229308308495492e+00
1.061559308259780066e+00
1.057476294007047235e+00
1.056542427121009542e+00
