2.250000000000000056e-01
0.000000000000000000e+00
0.000000000000000000e+00
0.000000000000000000e+00
0.000000000000000000e+00
0.000000000000000000e+00
0.000000000000000000e+00
0.000000000000000000e+00
0.000000000000000000e+00
0.000000000000000000e+00
0.000000000000000000e+00
0.000000000000000000e+00
0.000000000000000000e+00
0.000000000000000000e+00
6.901831192040002172e-01
6.550010865224465961e-01
6.546801881414250346e-01
6.736808854089419984e-01
6.276862054591999529e-01
5.518426720702505062e-01
8.108219168436715529e-01
1.109685283608833339e+00
1.154599167914826863e+00
1.155702766888109689e+00
1.152952017895189307e+00
1.131207342080168043e+00
1.114812427803434591e+00
1.114780542599913771e+00
1.158451403348716768e+00
1.160873160877501586e+00
1.152468172024407655e+00
1.143972546392106882e+00
1.133888065613245733e+00
1.142388187534342237e+00
1.143865494162685792e+00
1.151362376665797660e+00
1.138180907217271942e+00
1.145109376042402483e+00
1.148743229583465197e+00
1.122386901273243254e+00
1.104488859946445078e+00
1.108755403178186993e+00
1.134017369456102209e+00
1.160237541189266253e+00
1.131813499414085822e+00
1.160871564346446894e+00
1.147684883491549401e+00
1.138393295008528039e+00
1.115859731577320879e+00
1.097278329723535562e+00
1.077748845884183515e+00
1.099079956284728432e+00
1.088247779612580235e+00
1.086507877565024538e+00
1.079065972616192637e+00
1.074452178819775838e+00
1.061618777954922210e+00
1.057219827894872344e+00
1.044802698753145132e+00
1.044368317319228190e+00
1.035015387758939420e+00
1.021793767215892101e+00
1.009195710470663920e+00
1.001912292524537396e+00
1.001198652708923387e+00
9.992455927768018054e-01
1.021151752892192732e+00
1.056754009733877231e+00
1.062942618335001477e+00
1.061190275685012452e+00
1.060013052765090835e+00
1.056825863013544309e+00
1.056708365697122787e+00
1.054358687058893906e+00
1.052002295271652121e+00
1.051960445384484411e+00
1.069010271143974844e+00
1.052826790771112409e+00
1.040698224485406387e+00
1.023104207988988712e+00
1.010412730729848496e+00
1.030785433600327927e+00
1.037113168901856675e+00
1.068627609365638165e+00
1.065868912008965497e+00
1.063048557053464016e+00
1.057670873072509066e+00
1.069486843456059599e+00
1.061653311293951907e+00
1.055530967563520051e+00
1.073977069861705713e+00
1.084260007701495665e+00
1.069041960251747803e+00
1.064045177246281781e+00
1.060280311591712099e+00
1.051457150310498578e+00
1.070933289086510642e+00
1.070918366873021332e+00
1.060557541224109057e+00
1.084841747383646915e+00
