2.250000000000000056e-01
0.000000000000000000e+00
0.000000000000000000e+00
0.000000000000000000e+00
0.000000000000000000e+00
0.000000000000000000e+00
0.000000000000000000e+00
0.000000000000000000e+00
2.712076248118510113e-01
2.712983167268008811e-01
3.188350736166840615e-01
3.335186386171197781e-01
3.404313748255144989e-01
3.820294214787960940e-01
3.774204473743208998e-01
3.859329433314976909e-01
4.150243123042750559e-01
4.339050421513379052e-01
4.382734478680856971e-01
4.589313278270529817e-01
4.851977286712091941e-01
4.962293090503893667e-01
4.942753460640322283e-01
5.091974103189838008e-01
5.126932412517528626e-01
5.380037592208731789e-01
5.405573632491353919e-01
5.412494559507622371e-01
5.551757608175293957e-01
5.881694528396790300e-01
5.831229345194515190e-01
5.893351357226944698e-01
6.095392557554031310e-01
6.310570568096344202e-01
6.338153738391778536e-01
6.486043247231837450e-01
6.679395341052550839e-01
6.785034405915814082e-01
6.966176621094644084e-01
7.142205679852174915e-01
7.196305021935057722e-01
7.380356602244099173e-01
7.669667674199279750e-01
7.815020046349633320e-01
7.990630508468277160e-01
8.264571719397143523e-01
8.363599580841815095e-01
8.077033680125951243e-01
7.881204564973355309e-01
8.034450321727035771e-01
7.994072856848701836e-01
7.989616172284579321e-01
8.175984160617016938e-01
8.466176297017712349e-01
8.249458773215788687e-01
8.157036012243089607e-01
8.280027407786058058e-01
8.515862267546943087e-01
8.723563554953858157e-01
8.942115873510694257e-01
8.838632139684369227e-01
8.559718884303766373e-01
8.403101380457240754e-01
8.554259160644245297e-01
8.528417019602967386e-01
8.460017146884802886e-01
8.502537146000370694e-01
8.500159951751758980e-01
8.489457870501775361e-01
8.312397145593627412e-01
8.331735831799150782e-01
8.360990848248557317e-01
8.507010222007928002e-01
8.704459091348428768e-01
8.833800145671601989e-01
8.959385998862444689e-01
8.806071568040694242e-01
8.712199778794857963e-01
8.491097830903039378e-01
8.585808804638894731e-01
8.724922434317589071e-01
8.782289931674336358e-01
8.875870823486526895e-01
8.764164240735590194e-01
8.901544634452830396e-01
9.022229031764072982e-01
9.010502664629637115e-01
9.035154074358385801e-01
9.119428901433398460e-01
8.860215307201126933e-01
8.772645305521783454e-01
8.836916478217294868e-01
8.935111251850289538e-01
8.962195892550903764e-01
8.989461831710496842e-01
8.931012314519194417e-01
8.889174495968785727e-01
9.044480718928005203e-01
8.960286840296838307e-01
8.884936662353634107e-01
