2.250000000000000056e-01
8.433122572057502597e-02
2.443219161898390335e-01
4.734165157945758318e-01
4.464822357065978964e-01
4.424844185974764477e-01
4.466274772765656542e-01
4.127570183132770465e-01
4.316984573397798508e-01
4.262444571040622243e-01
4.819787530671535980e-01
5.111391899203296951e-01
5.232369557085068124e-01
5.333945285652841317e-01
6.106401826985746739e-01
6.309448090089768701e-01
6.655495669062034825e-01
6.876606135777346696e-01
6.942862160613401112e-01
7.156982815335264370e-01
7.324590912310092738e-01
7.353837514689676169e-01
7.519778534423352534e-01
7.784496850866839956e-01
9.237765031341770294e-01
9.682253404019555143e-01
1.004582630717167691e+00
1.020724256636629468e+00
1.080101862777163912e+00
1.109206816733867340e+00
1.118130117769119636e+00
1.122406514496420371e+00
1.135051645535433362e+00
1.146972040549562255e+00
1.121595680801383832e+00
1.107058224973467064e+00
1.087686496726857133e+00
1.086257959839022291e+00
1.078996783108243207e+00
1.050930490091208647e+00
1.043861108494812173e+00
1.039342186044311722e+00
1.024365658130860890e+00
1.020549722925963687e+00
1.018695728668366884e+00
1.012514847536881257e+00
1.008094431148919279e+00
1.008351578242239199e+00
1.005854795222124620e+00
1.010722640914150983e+00
1.015178922527827599e+00
1.021649889751323315e+00
1.027478459247076925e+00
1.043709665406031828e+00
1.053281103606495961e+00
1.042452478207606337e+00
1.036019282105361983e+00
1.024703092252130299e+00
1.012452667471084977e+00
1.028032389269589064e+00
1.000163857059932715e+00
9.701627610792966649e-01
9.494582588532859413e-01
9.369317778173834599e-01
9.239936977291089981e-01
9.082949192115176151e-01
8.943358974223387658e-01
8.941653968692493404e-01
8.867228034768978029e-01
8.794611984711737662e-01
8.872796099885863486e-01
9.287139967087126857e-01
9.624270623250618106e-01
9.804834705701938047e-01
9.834500182601295659e-01
9.942508068951044775e-01
9.987528031328385403e-01
1.006619076652779166e+00
9.797052828188956841e-01
9.756583401270578770e-01
9.725029986984209396e-01
9.900621452205700113e-01
9.889019184516911753e-01
1.002698950899054919e+00
1.000109821209419714e+00
1.002484973976420557e+00
1.007062319194441891e+00
1.014643045734714200e+00
1.018887249699881536e+00
1.032737180651295716e+00
1.038003034204548980e+00
1.029001117149011213e+00
1.026959216194760272e+00
1.037435242715464945e+00
1.046193502729235725e+00
1.054512156101698128e+00
1.053594688786994915e+00
1.054556800511178283e+00
1.056464531303124454e+00
1.054790674192028099e+00
