2.250000000000000056e-01
0.000000000000000000e+00
0.000000000000000000e+00
1.487383760585517800e+00
1.487629210203239349e+00
1.487859691630355252e+00
1.420664287692907202e+00
1.394292830390511106e+00
1.374084014744599624e+00
1.390676090347781280e+00
1.405289195203835995e+00
1.434137055735939636e+00
1.436512497869453231e+00
1.365648947775361277e+00
1.385564652711198885e+00
1.373071974510864823e+00
1.371540937504959201e+00
1.403562681731104211e+00
1.386308977359448580e+00
1.386501044949410844e+00
1.412616276733315468e+00
1.382920309011565596e+00
1.407027302748641295e+00
1.372271337642551270e+00
1.426580023694059562e+00
1.411531185458760662e+00
1.393508609460053060e+00
1.396081857668002968e+00
1.375494611666525202e+00
1.353590034330636183e+00
1.334430337040928727e+00
1.316861881797589229e+00
1.263734591234179527e+00
1.253312090406769830e+00
1.243894140417482364e+00
1.235584505170731706e+00
1.187230912105979197e+00
1.200529194569482927e+00
1.162389879000463200e+00
1.192417689579447826e+00
1.255973812005703794e+00
1.264808844653106501e+00
1.260311973848978750e+00
1.287595952512445185e+00
1.274282218641658249e+00
1.295284855261151780e+00
1.269976348930922150e+00
1.304457896597124966e+00
1.272744523737421973e+00
1.245625336699417440e+00
1.285439217517506227e+00
1.289474574615560032e+00
1.288577289511370294e+00
1.280118931653837278e+00
1.266429941519691349e+00
1.271304427844605289e+00
1.262064936906141410e+00
1.292248850139950056e+00
1.299634441605121316e+00
1.290066875975859340e+00
1.314573385500345415e+00
1.310222115979959412e+00
1.278012273484473438e+00
1.213526469897219906e+00
1.155746947544362246e+00
1.112108425853787219e+00
1.085334829444565274e+00
1.052605176761724382e+00
1.036326684300328482e+00
1.043308349108431843e+00
1.031105614409846272e+00
1.032511350104589498e+00
1.010304204480965584e+00
1.000513961594571732e+00
9.737798026846031796e-01
9.797188095779348904e-01
9.745147683507662251e-01
9.913419563479378693e-01
9.852334884919388136e-01
9.655053517949537811e-01
9.497795710781928857e-01
9.340712971270780374e-01
9.428094532474747824e-01
1.006416555400867718e+00
1.030472235580371931e+00
1.044863109035224502e+00
1.099809849600081879e+00
1.114302884097863489e+00
1.116789183642907135e+00
1.134285520765568656e+00
1.123387076059454426e+00
1.122519115659095679e+00
1.116446348155260671e+00
1.074817166716831585e+00
1.053624241697616926e+00
1.034676177276097953e+00
1.007696822588893815e+00
9.874136059537740318e-01
1.001039201503381326e+00
1.002421076152952839e+00
