2.250000000000000056e-01
0.000000000000000000e+00
0.000000000000000000e+00
0.000000000000000000e+00
0.000000000000000000e+00
0.000000000000000000e+00
6.389366760530565958e-01
7.075981002375917317e-01
8.836444882212025620e-01
8.355834830554629278e-01
8.248850567481973428e-01
8.215033741844163240e-01
8.318372391672528288e-01
8.152017508210624985e-01
8.201789798608514204e-01
7.947956635705524242e-01
7.682356363239515318e-01
7.689032615704624041e-01
7.675183640354243941e-01
7.907539717094014264e-01
8.208729611951086635e-01
8.194906060475378728e-01
8.253775539257819371e-01
8.228684407432783621e-01
8.270822667021908714e-01
8.281060953043174466e-01
8.379299205153695196e-01
8.338630220576280783e-01
8.412623635134360844e-01
8.235744666892211852e-01
8.203878455313615703e-01
8.129545596541958297e-01
8.022746315954317753e-01
7.878656198084846851e-01
7.830296913321235230e-01
7.966201733789171069e-01
8.101795176716474201e-01
7.988342984811196423e-01
8.052498741884938083e-01
7.930580016373198760e-01
7.954835643651089194e-01
7.953546270975923038e-01
7.941195671908694020e-01
7.899755132215067199e-01
7.876347757917254722e-01
7.961423689023897632e-01
7.978745888559889421e-01
7.986723659283901933e-01
7.903483600180459812e-01
8.050027517552900136e-01
7.998341267808523058e-01
7.984703496219596186e-01
7.990767547078242439e-01
8.057912804996159029e-01
8.074583431674006162e-01
8.046082526445863525e-01
8.002512199615540167e-01
7.714560569345995100e-01
7.817831924594408344e-01
7.938807049759419865e-01
7.968471828976926297e-01
7.951425154089860614e-01
7.906678527828707725e-01
7.906399684021296892e-01
7.899365022122890601e-01
7.845885334182673976e-01
7.851914044167087603e-01
7.830866347133399463e-01
7.833274026458202366e-01
7.838062831822059096e-01
7.816445799742087752e-01
7.751148044332640819e-01
7.636880864605639641e-01
7.589128189186074014e-01
7.577341836657832674e-01
7.654335115259257583e-01
7.705764461428296075e-01
7.727062639643700326e-01
7.685798226704478875e-01
7.760194180019169830e-01
7.792594196767177461e-01
7.813992566167973219e-01
7.762073218555876064e-01
7.746504111157231920e-01
7.711185851550879100e-01
7.643363624679794244e-01
7.572348994296018709e-01
7.612055057269511149e-01
7.639224279713285881e-01
7.600723308618358987e-01
7.616231493931376884e-01
7.613274567795889070e-01
7.589737538626111224e-01
7.587484628129363973e-01
7.686342200709580519e-01
7.662988059645317040e-01
7.692495908394165749e-01
7.741729326702729841e-01
7.764640708205184927e-01
7.808705597486335082e-01
