2.250000000000000056e-01
0.000000000000000000e+00
0.000000000000000000e+00
1.140016444761540737e-01
1.137621010142535471e-01
1.020796044886488479e-01
9.400966158357682012e-02
1.734716478281136121e-01
1.762546581559167325e-01
1.717760768318090658e-01
1.732771286537289068e-01
1.676873017591754278e-01
1.678349277444119159e-01
2.636747730725236827e-01
2.552783253356123994e-01
2.531585183380298809e-01
2.553606385998394845e-01
2.491915167317535207e-01
2.494402561777952498e-01
3.301698164155131843e-01
3.084772030830668643e-01
2.855089941750029170e-01
4.218258400420379917e-01
4.637550383428217238e-01
4.479960853049493874e-01
5.729660393240517680e-01
5.893643156559714713e-01
5.623345319695175482e-01
6.303422281285333550e-01
6.419980735230367275e-01
6.818437205468378393e-01
6.863207422435001481e-01
7.124950553342860315e-01
8.184518925179129489e-01
8.251165810184983851e-01
8.432937605621309007e-01
8.968588428504289389e-01
9.092313066453616699e-01
9.315205478815600237e-01
9.384741551429104378e-01
9.326376130886284699e-01
9.404909430669735615e-01
9.626214388435023750e-01
9.567739741245857577e-01
9.559660671369281104e-01
9.579398815476579676e-01
9.465130407965761661e-01
9.509928754513724547e-01
9.727043047598209480e-01
9.854502756670101560e-01
9.851780557096924129e-01
9.699241141857481985e-01
9.649377790257153142e-01
9.560164081833060212e-01
9.613458737966161793e-01
9.738497295587736913e-01
9.773831876866054813e-01
9.832541902904602393e-01
9.892844916077074835e-01
9.898983912375201033e-01
9.841379064509135910e-01
1.010744833639425355e+00
1.011949614188815127e+00
1.020705720685777473e+00
1.024058073864289931e+00
1.025550228383411255e+00
1.028737657626600965e+00
1.022765382890377994e+00
1.020831420298321968e+00
1.030442556389870479e+00
1.025726676777749979e+00
1.018141858705733593e+00
1.020447094661868004e+00
1.012119257374449521e+00
1.012495672669620150e+00
1.003175545560301751e+00
9.972346118929321657e-01
9.942304741148058067e-01
9.890839455743984932e-01
9.844205426306157358e-01
9.925087761812653175e-01
9.967035908504682240e-01
1.001310104070379126e+00
1.006341423433536608e+00
9.886809459103982345e-01
9.853920231349111436e-01
9.778791395439845324e-01
9.774654557300909152e-01
9.656947022298467687e-01
9.547446001894601686e-01
9.418946607580512831e-01
9.355170466705879928e-01
9.300088722898472993e-01
9.220713563653241129e-01
9.211291433923785021e-01
9.144852978501809559e-01
9.051815474008024776e-01
8.947321128318037609e-01
8.896428927413654320e-01
8.903899269127837357e-01
