2.250000000000000056e-01
6.738926856742526450e-01
6.907480936395390403e-01
6.722752565319299878e-01
7.931977596362961291e-01
7.242674970736330264e-01
7.186959660911046432e-01
7.404868667858799380e-01
7.412526094153145673e-01
7.420462098615447921e-01
7.707270032352638855e-01
8.079433624711253037e-01
7.698169294343374380e-01
7.972886141630798340e-01
7.895089439327341863e-01
7.785344312336672790e-01
7.847600721447461902e-01
7.852076631649150817e-01
7.856159499805893676e-01
7.947928264447431390e-01
8.072633939972359007e-01
8.072635456446313196e-01
8.094693044288694406e-01
8.229250678300448207e-01
8.417668798250798057e-01
8.396269149978209390e-01
8.425785361682984753e-01
8.557004037969795363e-01
8.769963660235289282e-01
8.689439240860452607e-01
8.899722154097694515e-01
8.933807641414491796e-01
8.791714026610020216e-01
9.024722221490310003e-01
9.043158812524989543e-01
9.060727536591312026e-01
8.908779470874212958e-01
9.073253399652039253e-01
9.208176657786786290e-01
9.300336388608808624e-01
9.362463638769777940e-01
8.908984249090647900e-01
8.425358805971107090e-01
8.185252365469223301e-01
7.871964085918008447e-01
7.744631604555765048e-01
7.529121494699289041e-01
7.668081232625911792e-01
7.711466556240477166e-01
7.779004345044367996e-01
7.906887521524957885e-01
7.950907439577127311e-01
7.931260997088092068e-01
7.561397340377372656e-01
7.730580947892052857e-01
7.589418069403550682e-01
7.645729804470464686e-01
7.637119521291797497e-01
7.700577989437605853e-01
7.964976781524774063e-01
7.828873593961941380e-01
7.883951430930683513e-01
7.954289449743056073e-01
7.935771954910829651e-01
7.819320348547245114e-01
7.898894116492907180e-01
7.991466961890062448e-01
8.082060111383959633e-01
8.069450988507089750e-01
8.036934121144612142e-01
7.869616037918861773e-01
7.954344537045170416e-01
7.817849379908650143e-01
7.729872846444371115e-01
7.671723476934112496e-01
7.730602078986217318e-01
7.708833886878427855e-01
7.816742441130607455e-01
7.821050436477209322e-01
7.800849631110369220e-01
7.809031593561032158e-01
7.760575892785142038e-01
7.693797914961119089e-01
7.618657272039488504e-01
7.567403142691642159e-01
7.520453916388066817e-01
7.607372953215933986e-01
7.512389708745862427e-01
7.472228434377394812e-01
7.551867822686474385e-01
7.559688820716796709e-01
7.644538696565761349e-01
7.683632301028643363e-01
7.658209195691215720e-01
7.686506536391840561e-01
7.829916863868623400e-01
7.870586626611331127e-01
7.816567468315581690e-01
7.825827280232483529e-01
7.953674839784860007e-01
