2.250000000000000056e-01
0.000000000000000000e+00
0.000000000000000000e+00
0.000000000000000000e+00
5.018486745192243109e-02
5.018478163749878762e-02
5.018768714262260983e-02
5.934111634369503702e-02
7.115225213567569207e-02
7.869615814915140173e-02
8.738586406847735633e-02
1.029188430655099545e-01
1.072315574649773257e-01
1.103028491783732690e-01
1.190078741423716557e-01
1.354113205708845635e-01
1.478752865959593876e-01
1.524130053865867807e-01
1.490147853483825557e-01
1.538506840658289965e-01
1.740507051922924597e-01
1.780592846434974619e-01
1.801136566238789039e-01
1.849999389714162557e-01
1.958377920131515737e-01
1.826933104314244216e-01
1.652972063204768971e-01
1.741951370382401054e-01
1.632724914043596209e-01
1.692601865245030035e-01
1.792178404992897101e-01
1.777355895565583266e-01
1.883856093834130330e-01
1.980220632233252454e-01
2.165133340215305846e-01
2.436874454618376262e-01
3.094560453250232990e-01
5.047525412746056706e-01
7.082784664098424887e-01
7.689617140034020748e-01
7.764958442755720558e-01
7.910327813755608783e-01
8.077043637745301430e-01
8.182151049694291745e-01
8.375982821759428987e-01
8.268022105263670429e-01
8.192447549175732036e-01
7.942221319041303795e-01
7.996896999399032424e-01
8.001911780706190136e-01
7.809668562412328541e-01
7.534077201712153782e-01
7.330498049240403713e-01
7.131919976150207230e-01
6.982498525836809966e-01
6.837233753548962456e-01
6.778480063137977130e-01
6.666535753849336388e-01
6.588473620789618845e-01
6.764561293594949509e-01
6.746197667034262713e-01
6.745438491697196559e-01
6.936915326375092672e-01
7.009201434322145374e-01
7.139755782822483354e-01
7.400086937239864771e-01
7.594964534774796272e-01
7.849146950581947779e-01
8.239847370679110883e-01
8.443538676208759419e-01
8.618204579925573539e-01
8.605968515540992625e-01
8.714264054843682272e-01
8.827045966493601847e-01
8.890265874982647976e-01
8.831258630973671808e-01
8.758010214988490860e-01
8.865748077663789806e-01
8.965260461484576560e-01
8.987420845928266733e-01
9.057586220595984505e-01
9.055427176056736194e-01
9.001552037289349828e-01
8.841605748110091811e-01
8.737739443379255455e-01
8.711389766225157150e-01
8.690891673535958706e-01
8.669988377496175014e-01
8.549522661772567256e-01
8.712036182116157379e-01
8.696154839265344272e-01
8.723397846113783993e-01
8.687833038224589410e-01
8.686947290870116190e-01
8.730398457833641324e-01
8.777422316418048709e-01
8.793778261776671323e-01
8.815349196074009352e-01
8.879294017446530685e-01
8.893104654838691614e-01
