2.250000000000000056e-01
0.000000000000000000e+00
0.000000000000000000e+00
0.000000000000000000e+00
0.000000000000000000e+00
0.000000000000000000e+00
1.255467984441700713e+00
1.255467984441700713e+00
1.153235784425407529e+00
1.151734908831684834e+00
1.093898845278672871e+00
1.060668669067014402e+00
1.028865921636618497e+00
1.014488266118463766e+00
9.818097311764169000e-01
9.423565508944697910e-01
9.033587848362829575e-01
9.271618157900408663e-01
9.382739848059902243e-01
9.244892980937247096e-01
9.038583086000452349e-01
9.148724368090564996e-01
8.960291899536804161e-01
8.871386765904530902e-01
8.498341507641254955e-01
8.396580713217920433e-01
8.407846313379722103e-01
8.477532272538528257e-01
8.219829253600791086e-01
8.197733478859269285e-01
8.217266011597318398e-01
8.129018389097761865e-01
8.027253886494605251e-01
7.995387286357040768e-01
7.983486722198605001e-01
7.987108463141076031e-01
7.967428548549838618e-01
7.809587548361552889e-01
7.705537727804087078e-01
7.685010558067633113e-01
7.582592423105068979e-01
7.678293046155257873e-01
7.694492888929407304e-01
7.791111416277708424e-01
7.781111235236026769e-01
7.805431542516813037e-01
7.794501382348073548e-01
7.968599227589079348e-01
7.937703591617526477e-01
8.006550579328832740e-01
8.141983360772222511e-01
8.113646432332514147e-01
8.110281934872819454e-01
8.062181429541610544e-01
7.987450738137166217e-01
7.932378144462677305e-01
8.248805620091006485e-01
8.220977816000700766e-01
8.217882756093146668e-01
8.218219664069322805e-01
8.247429896214684142e-01
8.238991952714297407e-01
8.246665101100966178e-01
8.377007322845367865e-01
8.473676362317719146e-01
8.422062195919551852e-01
8.390862535827994240e-01
8.356330941725554906e-01
8.352031618044075678e-01
8.324568661882241205e-01
8.233360313015831711e-01
8.203922795154083847e-01
8.142613118384182114e-01
8.149208908509192328e-01
8.132287089062361085e-01
8.156928087384243131e-01
8.175948162586778034e-01
8.118413183355404072e-01
8.146227737441055217e-01
8.235519671505111550e-01
8.292446459408572279e-01
8.351182711271637471e-01
8.437727534150032405e-01
8.420374160477902548e-01
8.425356772626469981e-01
8.435108476140504852e-01
8.462457433401144868e-01
8.439546873002462535e-01
8.418145312679241599e-01
8.341706382673467202e-01
8.310121086932812373e-01
8.291731768260506286e-01
8.288706874869449237e-01
8.235285500524781588e-01
8.139203910484750226e-01
8.082119203406413765e-01
8.112031154740968475e-01
8.083207140343010577e-01
8.102213803387355862e-01
8.148012881067880908e-01
