2.250000000000000056e-01
0.000000000000000000e+00
0.000000000000000000e+00
0.000000000000000000e+00
0.000000000000000000e+00
0.000000000000000000e+00
0.000000000000000000e+00
0.000000000000000000e+00
0.000000000000000000e+00
0.000000000000000000e+00
0.000000000000000000e+00
0.000000000000000000e+00
0.000000000000000000e+00
0.000000000000000000e+00
0.000000000000000000e+00
0.000000000000000000e+00
1.361490052126279604e+00
1.353998962513615956e+00
1.086991481181637687e+00
1.229142335305774214e+00
1.189526416647207263e+00
1.155673091842930322e+00
1.189736304189057625e+00
1.163422666187340138e+00
1.186936491889577283e+00
1.135756326166696084e+00
1.137729571317659838e+00
1.100888824330722660e+00
9.958676804984688546e-01
9.613104660636498933e-01
9.518290024356793610e-01
9.754340715904209480e-01
9.954248858169115755e-01
9.910897996479988148e-01
1.019311335612085312e+00
1.020322228166732348e+00
1.044624755142464556e+00
1.084825649225026778e+00
1.091101313788098048e+00
1.105748142084781893e+00
1.105074365215175547e+00
1.120052791525046221e+00
1.125439385705219175e+00
1.141916923568262909e+00
1.135408578842089566e+00
1.129289476266497338e+00
1.160918934486216081e+00
1.148866294701099910e+00
1.145775028711562449e+00
1.134074597573609955e+00
1.113931783839274825e+00
1.082916461193825564e+00
1.062443840139534856e+00
1.095140520676522122e+00
1.082437161081593047e+00
1.064658767031014142e+00
1.043367103043022714e+00
1.024507278137241739e+00
9.731277118536980630e-01
9.635460375321991400e-01
9.623000906202426874e-01
9.663520763825463877e-01
9.640129164235007320e-01
9.767877705413722245e-01
9.930995683629924020e-01
1.005749733999464546e+00
1.026101453483254433e+00
1.042756970607726874e+00
1.061501357899688358e+00
1.104194523222503221e+00
1.121002670557766923e+00
1.121496393096126809e+00
1.122336386522316820e+00
1.114348918010011902e+00
1.089728806286426543e+00
1.088154360342961091e+00
1.095774521138723312e+00
1.059650139987235784e+00
1.054566937668431903e+00
1.054665945895195911e+00
1.045750224294715425e+00
1.053824217249070161e+00
1.055768458718904013e+00
1.036535987065389186e+00
1.030253702856239295e+00
1.023992986847614972e+00
1.024969535726946823e+00
1.016303537849991612e+00
1.024149247442211808e+00
1.037891818088187312e+00
1.050471370001050175e+00
1.065118455182137769e+00
1.070504197095493382e+00
1.074882126669080451e+00
1.061996984748000861e+00
1.054504277479908492e+00
1.054094871911227527e+00
1.064964315167018505e+00
1.063621576507257860e+00
1.060617911322966789e+00
