2.250000000000000056e-01
0.000000000000000000e+00
0.000000000000000000e+00
0.000000000000000000e+00
0.000000000000000000e+00
0.000000000000000000e+00
1.177441424126682623e+00
1.157200095103860349e+00
1.127576666367771541e+00
1.103915316010932068e+00
1.028509766959932126e+00
9.759074884192830979e-01
8.723296382935687987e-01
8.541234766774327136e-01
8.195126295100952918e-01
7.954682057006747797e-01
8.649041926506890743e-01
8.981863907066267583e-01
9.032894691603431392e-01
9.005623171450209963e-01
9.048884925453524186e-01
9.084703658316624075e-01
9.111625997234638064e-01
9.058713306947293598e-01
9.065586858087447686e-01
8.793234639672847797e-01
8.735124631489181724e-01
8.398490035748398252e-01
8.582837084600780653e-01
8.738546812937654229e-01
8.712090883302012756e-01
8.868937781055237224e-01
8.861362007582367362e-01
9.127628878098869025e-01
9.180338273455264098e-01
9.326262798324107539e-01
9.465121987879463461e-01
9.775937381846802054e-01
9.900880329176108274e-01
1.000281260568942399e+00
1.010550678934406976e+00
1.017936233462281015e+00
1.022887363327595889e+00
1.038075047264265027e+00
1.032429005276561673e+00
1.051144225468722659e+00
1.066375784094120593e+00
1.072937324498626888e+00
1.072746966882110575e+00
1.071184366407348376e+00
1.076943387417030440e+00
1.078915643030340821e+00
1.066951172486144239e+00
1.055761636774735779e+00
1.038656509619446222e+00
1.027385286695142286e+00
1.008862626303090648e+00
1.003610437273338096e+00
1.004153904275401521e+00
1.000894513527801122e+00
1.006651425091199092e+00
1.011239397877083279e+00
1.009989526696079887e+00
1.002030637482777875e+00
9.732028461722820323e-01
9.630507640889133247e-01
9.668945059307604284e-01
9.649491987542125893e-01
9.782895780700300303e-01
1.002543753998644815e+00
1.012341180647802874e+00
1.020085792974688266e+00
1.008295386789405113e+00
1.002844828038793379e+00
1.001094291038278516e+00
1.002250602990379491e+00
9.945962800048575581e-01
9.947885494013676277e-01
9.973149689659337458e-01
1.008209608560059589e+00
1.000167756192100965e+00
1.000094543941834946e+00
1.001543825469163984e+00
1.001607034631035953e+00
9.966082402730358503e-01
9.892507565893925436e-01
9.877345439347601230e-01
9.918572061061090572e-01
9.895766203206766143e-01
9.933371119257455861e-01
9.876787165727601847e-01
9.936021458380245308e-01
9.927729844490197353e-01
9.892347295833933130e-01
9.751807387259913140e-01
9.729374760651540166e-01
9.664970593152776290e-01
9.679685460535593089e-01
9.785104425341166756e-01
9.854495062735759703e-01
