2.250000000000000056e-01
0.000000000000000000e+00
0.000000000000000000e+00
0.000000000000000000e+00
0.000000000000000000e+00
2.999860696240354008e-01
5.664942113894996245e-01
7.756660316741083028e-01
1.528658595579412527e+00
1.537680282233293116e+00
1.668366146279336659e+00
1.675060176509748588e+00
1.684513778686383745e+00
1.686752119531299998e+00
1.714057586330473670e+00
1.735899885860786362e+00
1.765332318088731256e+00
1.809818222244497177e+00
1.868188389545229366e+00
2.074408995310260906e+00
2.201320805203632602e+00
2.259809773481102901e+00
2.282797353306265986e+00
2.239089788430975503e+00
2.118309537213417304e+00
2.029639628694142495e+00
1.975173932162677115e+00
1.923302125678885588e+00
1.878714203209115308e+00
1.858904156026687016e+00
1.903341682801423351e+00
2.009478533242406773e+00
2.055877418066847984e+00
2.028450985907797044e+00
2.039672739918691580e+00
2.051984093181220992e+00
2.081120501545528079e+00
2.069697633726814257e+00
2.049516076905672612e+00
2.033340800735600862e+00
2.010648410682157827e+00
2.014631038416404785e+00
2.094417911798459819e+00
2.132424244170467720e+00
2.129388342398135237e+00
2.119373414279513312e+00
2.155994300431013588e+00
2.159106082949311833e+00
2.151879551891886511e+00
2.139519671579686921e+00
2.110221914950769495e+00
2.057623671890350892e+00
2.015811012873277797e+00
1.989854821638250559e+00
1.965344668620817137e+00
1.951623813884543646e+00
1.930145777153546405e+00
1.923038900278036811e+00
1.910594672517371917e+00
1.958812287966145593e+00
1.988654035329560754e+00
2.042037737473558323e+00
2.083053468045549472e+00
2.119440646411546059e+00
2.177586858633694167e+00
2.163965785445263634e+00
2.140060960343466157e+00
2.110967340478477450e+00
2.101818886218958848e+00
2.085607766252025819e+00
2.076173597154795214e+00
2.061974627994750175e+00
2.050402593825045638e+00
2.136981917511564966e+00
2.182692948182974213e+00
2.207939865649502398e+00
2.242549840468115452e+00
2.222796911989518787e+00
2.220785362822909281e+00
2.178412687376488410e+00
2.189419929300625789e+00
2.169078210371942816e+00
2.148983591180381403e+00
2.139755685922171136e+00
2.136730186620407590e+00
2.177773816394780404e+00
2.201757774753728025e+00
2.201945229849230579e+00
2.233684093294231232e+00
2.228975119401189531e+00
2.226650640215086963e+00
2.222294158158315991e+00
2.256977769201649497e+00
2.219830734508648540e+00
2.237088667719689727e+00
2.229598814756291514e+00
2.213335939098257210e+00
2.194334901233038870e+00
2.161397371611329721e+00
2.159857287278927007e+00
