2.250000000000000056e-01
0.000000000000000000e+00
0.000000000000000000e+00
1.744959025355734994e+00
1.779100014512067895e+00
1.797465129131720296e+00
1.791417373055480322e+00
1.844860613276771977e+00
1.802839038336112143e+00
1.802118911402070589e+00
1.849900560196671817e+00
1.852653794073974014e+00
1.855096080107391021e+00
1.905945790198543710e+00
1.851277588255433981e+00
1.849670826286232694e+00
1.905849362075382469e+00
1.886662318049441067e+00
1.888991006722902322e+00
1.891131385222911687e+00
1.893054171443315781e+00
2.087217633860599886e+00
2.199150715397116596e+00
2.128706301800321388e+00
2.257535489154050445e+00
2.243013133510334711e+00
2.304091548009626234e+00
2.293007773144251082e+00
2.259176334815019338e+00
2.315395671994909144e+00
2.371526775445170543e+00
2.358454732134788845e+00
2.424166725423963609e+00
2.355495645394023008e+00
2.362448623831466143e+00
2.441844982916401285e+00
2.369137180797241449e+00
2.319799008224422643e+00
2.315004955755943339e+00
2.297527882826194467e+00
2.333427721343897421e+00
2.363222973519164771e+00
2.357468702619608170e+00
2.340749796030787255e+00
2.315433214302943910e+00
2.353115239749878018e+00
2.345308537665328430e+00
2.284732560430745352e+00
2.251618183447620769e+00
2.272716581610076059e+00
2.335620431024255872e+00
2.328605313717913461e+00
2.297007766045803479e+00
2.301034738968386062e+00
2.268227679339029912e+00
2.224314330844084697e+00
2.240019901600097008e+00
2.231109184321668604e+00
2.216167606346878038e+00
2.188135510554513719e+00
2.220245420352963350e+00
2.261499322109115973e+00
2.257086805360800863e+00
2.261889771410241057e+00
2.234282369590802730e+00
2.330011753454599877e+00
2.292807952790071546e+00
2.291116914341127853e+00
2.272971923884501422e+00
2.193820467271393682e+00
2.125979834040514937e+00
2.024825818488280138e+00
1.873791283551796027e+00
1.920867794025662878e+00
1.915030644718298758e+00
1.969109846481697845e+00
2.009614622929055905e+00
2.017634396762218785e+00
2.045785074178813723e+00
2.095268562455293360e+00
2.104990841138634661e+00
2.111225179426479137e+00
2.113475463998596204e+00
2.118321338091465389e+00
2.165117074653235996e+00
2.236283506448679237e+00
2.248613600207781449e+00
2.243896844559730042e+00
2.242861002965542028e+00
2.225193282005213824e+00
2.232542775440260030e+00
2.234445999781607295e+00
2.251972716182981671e+00
2.273401858855522484e+00
2.307274264402315200e+00
2.276837915950643776e+00
2.245786181519491720e+00
2.218561827504596629e+00
2.185040698475250842e+00
2.155395315085149921e+00
