2.250000000000000056e-01
4.594936705889785533e-01
4.594936705889785533e-01
4.594936705889785533e-01
5.554118255848536911e-01
6.100799941303421958e-01
6.941980358866338685e-01
6.892479391320522897e-01
6.906002088082595636e-01
6.925985912469933004e-01
6.943228345844395522e-01
7.672290702586370692e-01
7.518875357339832588e-01
6.974820190806485520e-01
7.279569143342110582e-01
7.385347641964906673e-01
7.272100252001960641e-01
7.642956961507724190e-01
7.858154317719177051e-01
7.699052936788585155e-01
7.924530173574630965e-01
8.036507966010508763e-01
8.112742943102355664e-01
8.220748865262111904e-01
8.061395888879460125e-01
8.150680106008044712e-01
7.887096459398589277e-01
7.924393232151688560e-01
7.903335576426435694e-01
7.749646481978377244e-01
7.684940332154296394e-01
7.648998406637946834e-01
7.500132182732538455e-01
7.493958260921950165e-01
7.400681044862624791e-01
7.417616509819341397e-01
7.487790970477937735e-01
7.491697278100540869e-01
7.379913552353989381e-01
7.419371327612258593e-01
7.488781160198291209e-01
7.327311514752850030e-01
7.353589445478319053e-01
7.362051817329525738e-01
7.348209254012505465e-01
7.478054267050090465e-01
7.588682964629372973e-01
7.556585234196495637e-01
7.520018833489676702e-01
7.472730693029617788e-01
7.308406326087274474e-01
6.879656654779564562e-01
6.717898361601575274e-01
6.552681844873000649e-01
6.529097181866565514e-01
6.654645016102808119e-01
6.598431103168878042e-01
6.773488114092180989e-01
6.994796525435464929e-01
7.115619715413091795e-01
7.069902164800363487e-01
6.906360565118814243e-01
6.812424450091721928e-01
6.806348506262465126e-01
6.784291525021831637e-01
6.823335376902093241e-01
6.756079410743932590e-01
6.497434535428494584e-01
6.375988967358099391e-01
6.334861426721338784e-01
6.367101199026807823e-01
6.356487323691971669e-01
6.534427557406959908e-01
6.856596374117995829e-01
6.841873962481033189e-01
6.926227705575734861e-01
7.098457788176794070e-01
7.293301603543249634e-01
7.515144058568240526e-01
7.644668610845259948e-01
7.573943211583282764e-01
7.610600836926952883e-01
7.621702015060581870e-01
7.649650763837356759e-01
7.582954824590366627e-01
7.610679346296401748e-01
7.641134133610528734e-01
7.635720738164502031e-01
7.605148487238844179e-01
7.683331762337092252e-01
7.520921947050400735e-01
7.514544214492946406e-01
7.436989810501817288e-01
7.411282835836050520e-01
7.429686493956447757e-01
7.539044922958286765e-01
7.557186532470689944e-01
7.535567297516104768e-01
7.473135751051734887e-01
7.426718796657941768e-01
