2.250000000000000056e-01
0.000000000000000000e+00
0.000000000000000000e+00
1.061439929915180880e+00
1.220478159850082012e+00
1.247393988870345582e+00
1.033743820459017249e+00
7.486111553246767025e-01
7.659028247366198583e-01
7.233274585583127081e-01
7.283087452394337857e-01
7.226502801271503795e-01
7.300876454579301456e-01
7.016310720379990151e-01
7.024257803188792559e-01
7.151605477035690717e-01
7.206647741294508469e-01
6.936739093219373986e-01
6.908646057093739135e-01
7.166739076801023067e-01
7.433687243688077428e-01
7.268763790530436975e-01
7.266663542586393465e-01
7.507935670912834203e-01
7.483304238911703266e-01
7.287440923701868911e-01
7.417861069575653055e-01
7.451711980424906567e-01
7.413812455093115039e-01
7.296968270290224989e-01
7.212485282857679092e-01
7.231230206537133665e-01
7.168259177354638911e-01
7.089514278416376714e-01
7.076849723317057972e-01
7.110155259258247318e-01
7.209319979415143020e-01
7.234718150452086327e-01
7.281940751322415473e-01
7.169889499230939212e-01
7.233899555831788675e-01
7.187871789822415369e-01
7.260928079979349636e-01
7.193216315127786142e-01
7.286753221158072114e-01
7.167168040467958301e-01
7.160264154483485521e-01
7.245013669993043415e-01
7.190698677317020060e-01
7.118348680873612944e-01
7.136662414024719236e-01
7.147146586690585890e-01
7.288463319062469248e-01
7.138160608071630886e-01
7.170217724173922891e-01
7.221483135046049551e-01
7.251532009681740387e-01
7.156526716301010449e-01
7.217349660999885508e-01
7.170101605089134189e-01
7.269796278627929098e-01
7.171237629725096818e-01
7.245588991779076116e-01
7.240861019788428221e-01
7.220714827022509663e-01
7.156300579761671887e-01
7.096364387962817988e-01
7.059492888463841931e-01
7.055683962991886604e-01
6.997621735403946053e-01
7.000563327296108751e-01
6.985363766110859185e-01
6.947673208265706668e-01
6.929835529501114921e-01
6.953139951857326695e-01
7.042202941142825523e-01
6.984670332797489056e-01
7.068318100189435738e-01
7.108603314365653514e-01
7.130090403895531503e-01
7.078220048330865488e-01
7.117723621012136404e-01
7.059563703712317118e-01
7.157271536671251377e-01
7.083893088942707639e-01
7.142502061263751312e-01
7.130935231144359676e-01
7.099039367427341096e-01
7.068977867480692456e-01
7.126273165229052298e-01
7.143056712934481300e-01
7.179039220908766117e-01
7.174500632478395534e-01
7.190595180769621120e-01
7.165926963863615828e-01
7.214107135848505381e-01
7.218127843949257993e-01
7.211764858155474966e-01
7.193988784571038186e-01
7.233155112265449160e-01
