2.250000000000000056e-01
0.000000000000000000e+00
0.000000000000000000e+00
0.000000000000000000e+00
0.000000000000000000e+00
1.384186040826503206e+00
1.356495505716214467e+00
1.332743250121675826e+00
1.344075687509291628e+00
1.332837287847985497e+00
1.323492043165972687e+00
1.329549659819486473e+00
1.306321495930019561e+00
1.293167106356770013e+00
1.230113410271955532e+00
1.206858634835489275e+00
1.162587092148599899e+00
1.083949063137677360e+00
1.031287787710333692e+00
9.578510061329221781e-01
9.093382946873811434e-01
9.035427698964734189e-01
9.053280671375034672e-01
9.002480740091913791e-01
8.978235923893641557e-01
8.978069251212936752e-01
8.875495397016958110e-01
8.698652679748202221e-01
8.981008743685742202e-01
9.695787358900684882e-01
9.843433409726201067e-01
9.876193646551923999e-01
1.010817677972255746e+00
1.019422738792736371e+00
1.020694721439787900e+00
1.003653143036914663e+00
9.742337992273710778e-01
9.321029925520735171e-01
9.064191074780957313e-01
8.899596464536716489e-01
8.835438782183475670e-01
8.651081204653462420e-01
8.502401177528350340e-01
8.263499990168476916e-01
8.014548367576374011e-01
7.877001911575040038e-01
7.951205001933157046e-01
8.144999899278200228e-01
8.301707427299332975e-01
8.300406512932119174e-01
8.218335330127941596e-01
8.240608971223486456e-01
8.304215953523362836e-01
8.370615615164166412e-01
8.536464281605810056e-01
8.628653994106588732e-01
8.680477906694361590e-01
8.662840637313883319e-01
8.716820148838435589e-01
8.812504682284160173e-01
8.800445123727357322e-01
8.695352123062251026e-01
8.692234791356293622e-01
8.535199960177024536e-01
8.530357254141538448e-01
8.472019877848736558e-01
8.534587710708482211e-01
8.623476389354488569e-01
8.664228061525934832e-01
8.712164594535056761e-01
8.682170106135838061e-01
8.625878601847104532e-01
8.572457064704599450e-01
8.586158500048177711e-01
8.588314368489750050e-01
8.566252222674999306e-01
8.566642174698216872e-01
8.559477094603008540e-01
8.478758210534729223e-01
8.373658173250134729e-01
8.398336232036786031e-01
8.442419741431202995e-01
8.389026557979523124e-01
8.465972785943228773e-01
8.550984817463944676e-01
8.552375328367557428e-01
8.457628088811708356e-01
8.455759618527015631e-01
8.469603486101302536e-01
8.418920212082663390e-01
8.449702171742797807e-01
8.573420283258040842e-01
8.582849765364377603e-01
8.604395151354502502e-01
8.727869020956219304e-01
8.845010221026436970e-01
8.814588940524240579e-01
8.873424874873944157e-01
8.998294286361457894e-01
9.061433876387615660e-01
