2.250000000000000056e-01
0.000000000000000000e+00
0.000000000000000000e+00
0.000000000000000000e+00
1.136182031036576889e+00
1.275450260500808675e+00
1.138093295676177785e+00
1.095860038238578360e+00
1.055550334436757387e+00
1.040027181188453831e+00
1.028098952556025125e+00
1.076975600575277081e+00
1.060288487641977140e+00
1.031148115697817724e+00
1.041375760794974958e+00
1.041880709068047972e+00
1.038273666414058161e+00
1.028480510308135365e+00
1.008854689091158496e+00
9.968940567243433915e-01
9.793803477929803325e-01
9.769601783538230944e-01
9.575178111394776481e-01
9.375024942299446939e-01
9.299422245374826534e-01
9.210296843457180804e-01
9.146146012127286395e-01
9.097383382058248369e-01
9.180921964119627132e-01
9.204552032213666468e-01
9.255272779398155958e-01
9.292730481268096643e-01
9.400176950894589822e-01
9.454873865337980465e-01
9.511192454476832259e-01
9.531479602538444063e-01
9.556830944598105892e-01
9.545641077185051948e-01
9.533371971399783318e-01
9.521798697049873583e-01
9.505087719970584104e-01
9.484265078728307818e-01
9.471213502701398834e-01
9.442428404776779249e-01
9.412057004444637220e-01
9.391399092671672832e-01
9.355758852652863444e-01
9.350281414526042667e-01
9.337290726088549597e-01
9.345204583720501113e-01
9.419772579308196558e-01
9.472500222957943583e-01
9.460054877724498601e-01
9.507747986735543000e-01
9.530870251591483377e-01
9.551820375718578227e-01
9.556784762795724752e-01
9.520545963926864141e-01
9.520300135378357842e-01
9.490102017783320631e-01
9.466012279838905696e-01
9.461280892678054499e-01
9.448034325398962929e-01
9.453953498620167872e-01
9.448001235540366416e-01
9.453885097014177452e-01
9.480405504557157803e-01
9.536962628469169978e-01
9.548130087511089714e-01
9.556971596840942995e-01
9.551845244616280484e-01
9.553797346999437501e-01
9.575372323573253519e-01
9.562429184281039385e-01
9.570374893756290469e-01
9.582931865869651622e-01
9.616924463689793257e-01
9.569683787413529874e-01
9.576078528258115119e-01
9.558033538823824671e-01
9.558429613107557454e-01
9.502139457982635706e-01
9.603615639105831381e-01
9.593503291391880516e-01
9.615966115052172469e-01
9.603427395936521282e-01
9.568587976784264093e-01
9.634787906625273957e-01
9.638586094476483401e-01
9.635561419640499281e-01
9.601638421758965647e-01
9.540550530383641314e-01
9.477839730466764978e-01
9.422177620665808107e-01
9.350132797771776305e-01
9.324213838719407343e-01
9.290043775851184460e-01
9.297311410413326982e-01
9.305949099143712155e-01
9.356078340033840979e-01
