2.250000000000000056e-01
0.000000000000000000e+00
5.963186526062103088e-01
5.672692979741051911e-01
5.077201616367245096e-01
5.568611281562023674e-01
5.784303584176518909e-01
6.013685330669819029e-01
5.834496789599052935e-01
5.910080495460532379e-01
6.423548626162289832e-01
6.444051508152277563e-01
6.079349737362830242e-01
6.020896014390083595e-01
5.784352306182606318e-01
5.728958380583579757e-01
5.634031409098969601e-01
6.253931303521633733e-01
6.090514598811627156e-01
6.035847574377538605e-01
5.942241216316025421e-01
5.877882876042921367e-01
5.876969263754052708e-01
5.847344867923621736e-01
5.742826151377943278e-01
5.819069226412205698e-01
5.772609407864698339e-01
5.800165061611564088e-01
5.774918674317317535e-01
5.854159881585889735e-01
5.972629884712835624e-01
5.938636880186255462e-01
5.956529129150589519e-01
5.930019329227030900e-01
6.007155098638895518e-01
6.026943662861619089e-01
5.956085395784382897e-01
5.914660805054804404e-01
6.004892978965316042e-01
5.901355129686044476e-01
5.786322111887477471e-01
5.780906517668544797e-01
5.803368407288910236e-01
5.792735561307931214e-01
5.778125943624121685e-01
5.774404355500154518e-01
5.788614762121021551e-01
5.822632737480936127e-01
5.792537654410966352e-01
5.768374840060140896e-01
5.794789916200387969e-01
5.808052875608262777e-01
5.853235504193995409e-01
5.837997918412052289e-01
5.891251559243847469e-01
5.921590591509373613e-01
5.879471183578309779e-01
5.932864488338249753e-01
5.868707825171716186e-01
5.888895564049766440e-01
5.938787295475604910e-01
5.897829720656760921e-01
5.859168114679350614e-01
5.858924667793037333e-01
5.759023086954022652e-01
5.749811426915036883e-01
5.800443403228769945e-01
5.752227563663580012e-01
5.789989122512330111e-01
5.825708991616287413e-01
5.852427183585481307e-01
5.784874052323464300e-01
5.829326719498172382e-01
5.825610647872307979e-01
5.713812642574128686e-01
5.702916372220356855e-01
5.764544500293042883e-01
5.758483267209441037e-01
5.611896986858679881e-01
5.474847912934396321e-01
5.437152544897408957e-01
5.404879620679172714e-01
5.489776197429810933e-01
5.694567135942125713e-01
5.641184041237956581e-01
5.889534290523442683e-01
5.882431303032639169e-01
5.828990241621441193e-01
5.833821994924365262e-01
5.742583276903753253e-01
5.670268419521902192e-01
5.863279205146132433e-01
5.735244439031014219e-01
5.584371845998590267e-01
5.456047728535208252e-01
5.490008027234566379e-01
5.592243614208742830e-01
5.811633100556575782e-01
5.822518236014841975e-01
5.717227841498482288e-01
