2.250000000000000056e-01
0.000000000000000000e+00
0.000000000000000000e+00
0.000000000000000000e+00
0.000000000000000000e+00
0.000000000000000000e+00
0.000000000000000000e+00
0.000000000000000000e+00
0.000000000000000000e+00
0.000000000000000000e+00
0.000000000000000000e+00
0.000000000000000000e+00
0.000000000000000000e+00
0.000000000000000000e+00
0.000000000000000000e+00
0.000000000000000000e+00
0.000000000000000000e+00
4.950257603988120203e-02
2.800353813865996133e-01
3.393753723011018186e-01
3.675564721801873325e-01
3.844423828129927001e-01
4.034002786569900745e-01
9.758152802769456402e-01
1.057950908439787341e+00
1.113118381547590685e+00
1.128966981321056107e+00
1.158454738418077445e+00
1.161655853498389845e+00
1.164564737157204544e+00
1.177965335780040590e+00
1.249306598521334077e+00
1.314443534832853810e+00
1.347486475332113409e+00
1.282423091011354543e+00
1.219697807581152871e+00
1.196904780893805809e+00
1.155183247055350693e+00
1.077147391743943583e+00
1.032906223048041472e+00
1.036807426758354911e+00
1.078215496432985310e+00
1.118797279392185873e+00
1.161187845098905935e+00
1.205113065848889775e+00
1.215648426050563113e+00
1.216848896166493610e+00
1.214346931986274969e+00
1.193650806736388237e+00
1.191125823262431105e+00
1.205670108074373914e+00
1.211567339404497012e+00
1.240008238371842486e+00
1.211749569260346382e+00
1.194588988132488039e+00
1.187040750950959955e+00
1.170775638698784205e+00
1.151216911000808363e+00
1.141052099688533605e+00
1.149509330386496275e+00
1.175930358371083173e+00
1.223871339708849648e+00
1.233681649589233542e+00
1.256751414499672759e+00
1.275391572387777783e+00
1.286472314365845859e+00
1.310180890719818914e+00
1.325253585056107353e+00
1.319428791585754990e+00
1.308377386900053008e+00
1.318909349733092151e+00
1.326041264654170382e+00
1.315319340374833335e+00
1.313165859235420729e+00
1.329323212284513112e+00
1.340984293351271450e+00
1.332336182825331283e+00
1.309930772392756904e+00
1.289153649476859398e+00
1.262053430331633086e+00
1.258980381937512272e+00
1.263105873644924104e+00
1.246234679759072428e+00
1.243941622627506405e+00
1.246379909281178255e+00
1.275320341077955444e+00
1.297573394864358853e+00
1.315211597874108795e+00
1.350752556774510005e+00
1.375282333884680019e+00
1.386638418826530161e+00
1.389015636368992945e+00
1.387798121853924149e+00
1.385178982014812821e+00
1.381041307761860182e+00
1.359849565285086159e+00
1.338048746102266318e+00
1.314208646629178245e+00
1.297566697644012779e+00
1.301944847550634332e+00
