2.250000000000000056e-01
0.000000000000000000e+00
0.000000000000000000e+00
0.000000000000000000e+00
0.000000000000000000e+00
0.000000000000000000e+00
0.000000000000000000e+00
0.000000000000000000e+00
0.000000000000000000e+00
0.000000000000000000e+00
0.000000000000000000e+00
0.000000000000000000e+00
9.015535541265658204e-02
1.003464070629587895e-01
1.135905360742648362e-01
1.288995328776786908e-01
1.391599431189738945e-01
1.501573636211130380e-01
1.622185758210562267e-01
1.737237772605528252e-01
1.863183614500121821e-01
1.908444149574242410e-01
1.899790709287359214e-01
1.952457317314229279e-01
2.036530577386969354e-01
2.126908856060837905e-01
2.238547203789015561e-01
2.311373147203135137e-01
2.396956004748141966e-01
2.528949281401111082e-01
2.666212601090910961e-01
2.744988697515816645e-01
2.874491041264443103e-01
3.029201305771044850e-01
3.119035991789740891e-01
3.280574425592790444e-01
3.413799780565756059e-01
3.549075226606309696e-01
3.671496602055535075e-01
3.782081989622161355e-01
3.945776289651349300e-01
4.068843942042501549e-01
4.180830309263750544e-01
4.349621937327441956e-01
4.437848372021295229e-01
4.572400706584528463e-01
4.713947732174257332e-01
4.832560524193880158e-01
4.956626836691100380e-01
5.074162206128532970e-01
5.230964261681941840e-01
5.336126092262067910e-01
5.471108184432021959e-01
5.593602462886098081e-01
5.692019825571040803e-01
5.822937078079457596e-01
5.978815527547053366e-01
6.055612558506546783e-01
6.217421286619821963e-01
6.305223588836622595e-01
6.437801993223261077e-01
6.579034219164717756e-01
6.654662094320270560e-01
6.829616489374480404e-01
6.929890456452539871e-01
7.039377510547935035e-01
7.175691015809281259e-01
7.277568545413897194e-01
7.390685498697010525e-01
7.541058264591011806e-01
7.640686058857073526e-01
7.772129801947366134e-01
7.858535371122999935e-01
8.002188441080364534e-01
8.126425914002215478e-01
8.217193532440133508e-01
8.322227564687544321e-01
8.476698484588738314e-01
8.603596773493338290e-01
8.702683147328051927e-01
8.869169427489919100e-01
8.953103600075255075e-01
9.069388094817070201e-01
9.251163527296384359e-01
9.311851544680714854e-01
9.463118057487194257e-01
9.611216669094200249e-01
9.775654701610738684e-01
9.817434929216576345e-01
1.000255224414255073e+00
1.003048385311362978e+00
9.700556680007146326e-01
9.476649832573930121e-01
1.607095643414990338e+00
1.682491017656395860e+00
1.698043901676387080e+00
1.704039280411996149e+00
1.704890416256435559e+00
1.699296202094301877e+00
1.680940843608386581e+00
