2.250000000000000056e-01
0.000000000000000000e+00
1.785057489298547129e+00
1.771641929434833562e+00
1.720442100936561136e+00
1.732935358158214978e+00
1.789126487798770926e+00
1.692860127532663128e+00
1.676901906031281531e+00
1.679984119365978579e+00
1.558729067029364312e+00
1.540970875143616192e+00
1.576416872540850056e+00
1.576722378065790853e+00
1.493130951069638002e+00
1.458018973181304023e+00
1.432356892981023977e+00
1.389260566388633267e+00
1.290045309142406449e+00
1.207685128145602027e+00
1.187886182430756499e+00
1.176168405877958900e+00
1.150600498455763843e+00
1.116416955587393511e+00
1.113331858823532139e+00
1.116080891447657431e+00
1.111301816211970106e+00
1.107693050610726093e+00
1.105017385307977440e+00
1.103063097141742555e+00
1.101651578886588823e+00
1.100639330323298859e+00
1.100740131392862864e+00
1.113200289078447813e+00
1.140024865686076305e+00
1.288193119435152800e+00
1.385688567241881719e+00
1.431796832086415838e+00
1.425119439086821149e+00
1.456746861515046065e+00
1.453306703896510621e+00
1.456127734733546397e+00
1.453394693124344439e+00
1.437199078877880121e+00
1.417419089647776520e+00
1.395357203219382169e+00
1.376870315892022800e+00
1.369461496529241762e+00
1.326932027953679594e+00
1.302430022879911053e+00
1.284089689931635636e+00
1.272401999793268512e+00
1.273423763077495385e+00
1.257633375082592098e+00
1.252469214776597228e+00
1.227175086270484217e+00
1.184373160793440238e+00
1.163272409217891656e+00
1.160136906057928963e+00
1.159698562428838509e+00
1.180302582252492627e+00
1.201815378876434748e+00
1.187101413064866495e+00
1.192116324394305371e+00
1.198552775927329339e+00
1.218831058048120086e+00
1.249895828178357648e+00
1.267613907869383105e+00
1.273380484370282506e+00
1.272070856480492340e+00
1.276915634182282266e+00
1.276845779623338117e+00
1.285964254039254406e+00
1.276775562292481903e+00
1.263612457651331455e+00
1.238422641998869755e+00
1.231413417916554565e+00
1.221712917129428089e+00
1.231736101698690744e+00
1.217177967622176338e+00
1.215419679964389488e+00
1.189174924626769325e+00
1.168461207790823408e+00
1.128829373264527813e+00
1.129817197819873886e+00
1.107235943458089400e+00
1.106945944006217042e+00
1.082109749460062220e+00
1.096814974573755208e+00
1.158233646959005991e+00
1.175777368041646120e+00
1.115882364567587715e+00
1.099665525081521267e+00
1.113259262208210032e+00
1.149561598088035375e+00
1.204236296825751396e+00
1.258140161848357197e+00
1.272914744402321663e+00
1.289102304679359046e+00
1.299336657958119146e+00
