2.250000000000000056e-01
0.000000000000000000e+00
0.000000000000000000e+00
1.662968117648170763e+00
1.650515011025122547e+00
1.645410982187435422e+00
1.624057835712314102e+00
1.637220186411185718e+00
1.625127558395329963e+00
1.617005052194297576e+00
1.612214788428497858e+00
1.599034399958412900e+00
1.570712472514477875e+00
1.549097348413242869e+00
1.499982573415133524e+00
1.467097144775145745e+00
1.420219841571281227e+00
1.373762778471055102e+00
1.388656991018754949e+00
1.390500113987487074e+00
1.412469439858054399e+00
1.399885658065335159e+00
1.385862897449068765e+00
1.338915862150851899e+00
1.313690194336041062e+00
1.270108156649824016e+00
1.237902106520153866e+00
1.193908446066909823e+00
1.183658963404560671e+00
1.134400084712256840e+00
1.131895372904720753e+00
1.132711621332887164e+00
1.132049446570691842e+00
1.124501954139610183e+00
1.126213773813415031e+00
1.126169755374436310e+00
1.117348143336866162e+00
1.063161737570980092e+00
9.900701643987034339e-01
9.440241954871355645e-01
9.309174241718427556e-01
9.080570241415770738e-01
8.917276550245214484e-01
8.913648896414804179e-01
8.846932099907852676e-01
8.739940690368679377e-01
8.718787555883070750e-01
8.758652330242998607e-01
8.748735121717974295e-01
8.753263302829089598e-01
8.701021773716733909e-01
8.750587379839109836e-01
8.773951139593384463e-01
9.005184232919132281e-01
9.417690846620635492e-01
9.598476061165628348e-01
9.659086067395638020e-01
9.985070038113506019e-01
9.920228964535242611e-01
9.907914442343792594e-01
9.874244963593592495e-01
9.963831574008005232e-01
9.849415706806239346e-01
9.793362542595390741e-01
9.756894962941151661e-01
9.749716842498250546e-01
9.835374095774613856e-01
9.786132298531776685e-01
9.830344160074379056e-01
9.795364410112991083e-01
9.933282455364877972e-01
9.930132317705639977e-01
1.009780962120474745e+00
1.017159160924672623e+00
1.021122386811899041e+00
1.002432770021622677e+00
9.980076167964617717e-01
1.002938674253396334e+00
1.032738364850311230e+00
1.058857793427881111e+00
1.076221813157715257e+00
1.089066194161620427e+00
1.096031177878476370e+00
1.100053156392738263e+00
1.112057951854375393e+00
1.119588753436084660e+00
1.125066560950175543e+00
1.123706769894293300e+00
1.121153866183878245e+00
1.125567333152700966e+00
1.138271887384562975e+00
1.146811653221910365e+00
1.154922548537463456e+00
1.166179690084826470e+00
1.172910589755174371e+00
1.165710170039259141e+00
1.150474085310171368e+00
1.141695518413560206e+00
1.130611369564131552e+00
1.127159099341700221e+00
