2.250000000000000056e-01
0.000000000000000000e+00
5.867971683802682969e-01
7.316019857567555018e-01
5.765997321691680444e-01
5.627881787645271361e-01
6.115484787793770138e-01
7.156511992418994605e-01
7.626955141924174342e-01
8.328400485495862648e-01
8.582904821281603924e-01
8.621948250339237507e-01
8.827555045401419553e-01
8.810101003746295678e-01
8.922582290125057325e-01
8.864516474118184775e-01
9.010261887692877503e-01
9.096157977419440099e-01
9.455794492938799367e-01
9.604799137490418470e-01
9.674949147617062373e-01
9.700666263326561678e-01
9.465715398994077878e-01
8.545744985122184501e-01
7.830136410786669998e-01
7.427637290898156941e-01
7.379833372517008439e-01
7.580622196234638732e-01
7.311408835258147443e-01
7.490313842097967578e-01
7.523988924818849622e-01
7.888333782681054007e-01
8.025729119219872087e-01
7.788122257847429619e-01
7.984040257056984613e-01
8.098645733002460823e-01
8.226459767965911274e-01
8.386131469322791743e-01
8.434664123869090036e-01
8.573114874361845716e-01
8.533569551116889640e-01
8.645314327822837264e-01
8.685116750608358194e-01
8.665625042906900388e-01
8.645366140647575692e-01
8.611020507792098710e-01
8.642356121268974789e-01
8.726942202832634887e-01
8.343405901710049255e-01
8.144570113455804616e-01
8.089247585486983860e-01
8.064966005440677987e-01
7.904193812306231637e-01
7.985059957277578224e-01
7.976144489070287058e-01
7.987121658418576686e-01
8.019835138350449588e-01
8.021346937553265333e-01
7.889192529700342904e-01
7.923750389900774405e-01
7.917779661403036018e-01
7.975525152403674101e-01
7.948470831325289421e-01
7.999943048105572219e-01
8.005179265438403524e-01
8.019607276959879183e-01
8.026329814213215563e-01
8.088808372193243557e-01
8.146775111767902144e-01
8.199863758551546589e-01
8.323898083689071914e-01
8.288505767428301363e-01
8.262172218099236298e-01
8.388580307714550433e-01
8.346870296979463921e-01
8.413353996842855009e-01
8.305839398407113272e-01
8.186481413378835503e-01
8.110983220792984394e-01
8.051640404520816752e-01
8.073807297615870349e-01
7.989230389779518049e-01
8.084887361311059450e-01
8.114927524029523775e-01
8.105541646987295401e-01
7.962296594439444153e-01
7.856227177236961845e-01
7.864543833531276729e-01
7.868339485493971441e-01
7.935730032697738690e-01
8.001834736865467423e-01
8.038862267367029579e-01
8.006192274888497273e-01
7.995065112568960908e-01
7.859532522881855776e-01
7.789033410801009527e-01
7.753293596395648413e-01
7.779618342249173812e-01
7.890560707390705808e-01
7.905117579926062010e-01
