2.250000000000000056e-01
0.000000000000000000e+00
0.000000000000000000e+00
0.000000000000000000e+00
0.000000000000000000e+00
0.000000000000000000e+00
1.636067064343571242e-01
1.820102037208608803e-01
4.104638264587897600e-01
5.362445926371142146e-01
4.866255762271580743e-01
4.833404456451018683e-01
5.241641447791740571e-01
5.025462919163938835e-01
5.346089173576805686e-01
5.467203951349177693e-01
5.501349129471569954e-01
6.384525284322972727e-01
6.196666048533691074e-01
6.242991101475009463e-01
6.357064535277575645e-01
6.266349389487148036e-01
6.498883232423505740e-01
6.333460339797094552e-01
6.376916266145125078e-01
6.317428141343347514e-01
6.372551356970163061e-01
6.343135765449102736e-01
6.361900342856011692e-01
6.354098438248407810e-01
6.326369502390762900e-01
6.350554059662812945e-01
6.386907788805969988e-01
6.409423084264022075e-01
6.432619046750562841e-01
6.498994354076412794e-01
6.588197415614234220e-01
6.651508206103221577e-01
6.616107890410030112e-01
6.553997711581174279e-01
6.504284956761152703e-01
6.557126974915513662e-01
6.629741889700482282e-01
6.661744738817297895e-01
6.719646684665825376e-01
6.666506042704227752e-01
6.617050761835717720e-01
6.582512199036374412e-01
6.491525389040203597e-01
6.407046779875515963e-01
6.288672568420674569e-01
6.230937790069132065e-01
6.135547238427476735e-01
6.201542030036715225e-01
6.241054234523338851e-01
6.320733959788141787e-01
6.408988879412164108e-01
6.400247629830986273e-01
6.432381678184428964e-01
6.449541267023667368e-01
6.504469448831777800e-01
6.447937442294892074e-01
6.621070846790109155e-01
6.699289947302741188e-01
6.714557423248782575e-01
6.724180912805207688e-01
6.660570757102431960e-01
6.597637624337395756e-01
6.484415418705539169e-01
6.389036712011666452e-01
6.336132387440253089e-01
6.276192582465972558e-01
6.305172514871866252e-01
6.308972750632180215e-01
6.251449500478591936e-01
6.152564274783931531e-01
6.036363811058279571e-01
5.913406704097402544e-01
5.842247127497979253e-01
5.889767884722001412e-01
6.006400895550236818e-01
6.226828729819290364e-01
6.209920638785841884e-01
6.249666475812374333e-01
6.206837676363946565e-01
6.180539211596663973e-01
6.204219331523302960e-01
6.205989400804529099e-01
6.254557487551584138e-01
6.296883409573981183e-01
6.267230130671427313e-01
6.285889047904619220e-01
6.342083836149206011e-01
6.320455577125808633e-01
6.273032876706149397e-01
6.185330574380988322e-01
6.129023780708267033e-01
6.272505786904516434e-01
6.413998992510658859e-01
6.405640106983189197e-01
