2.250000000000000056e-01
0.000000000000000000e+00
0.000000000000000000e+00
1.426503273858827636e-01
1.923784103890409380e-01
2.105199014695540438e-01
2.310122532972908316e-01
2.491971196325447058e-01
2.909576084800135076e-01
2.931441091166461232e-01
3.040487184254990760e-01
3.257269414049068224e-01
3.563602964473662205e-01
5.207019486982505940e-01
8.382652408498557639e-01
8.974302862071561471e-01
1.064990206214980084e+00
1.075512533728439246e+00
1.065040244498875355e+00
1.041960450984678044e+00
1.009291588343679935e+00
1.181504709499893613e+00
1.282106597935596781e+00
1.286016042471788356e+00
1.280139036350637305e+00
1.299643282493742724e+00
1.473193737164773864e+00
1.503188818038128538e+00
1.491718360580491787e+00
1.466778312493443037e+00
1.457609454170507357e+00
1.488019473076527266e+00
1.517625276881724217e+00
1.500242659613193030e+00
1.483010668066669924e+00
1.476049685566780401e+00
1.480908332821038176e+00
1.500850794338154826e+00
1.498272523122888611e+00
1.482937012574450986e+00
1.465852209009878226e+00
1.443466701737790459e+00
1.465154946625447430e+00
1.460234231138222372e+00
1.444205960668769384e+00
1.420415959048339394e+00
1.407040553851351516e+00
1.412544956753339909e+00
1.434324807137814517e+00
1.426149900155796013e+00
1.415039335671694376e+00
1.401162869596497496e+00
1.387128499022846961e+00
1.373730870537222648e+00
1.367511619600958683e+00
1.350307675433013888e+00
1.342575191320255490e+00
1.321952388332310546e+00
1.300315346673500461e+00
1.284656531309238847e+00
1.265737802585392036e+00
1.241095130833521187e+00
1.223655209623578211e+00
1.201194935563514754e+00
1.192863154226106337e+00
1.186224617217580990e+00
1.174892939018810756e+00
1.190905315167883671e+00
1.189696826667785645e+00
1.209021202932939465e+00
1.221963513985608207e+00
1.253974759513937443e+00
1.273029975431186900e+00
1.288222353145106691e+00
1.284606465957540244e+00
1.338810755531773200e+00
1.345092336896575924e+00
1.371523042154495053e+00
1.368640688165390085e+00
1.362394258125078084e+00
1.397066824132213503e+00
1.399873167151545861e+00
1.411021678936773105e+00
1.426117071235325051e+00
1.413156853468533702e+00
1.409915388962400984e+00
1.408768200120900760e+00
1.403844467476494495e+00
1.393188219950828088e+00
1.382881294085935187e+00
1.378460174871785737e+00
1.358192989127363415e+00
1.362838763546704746e+00
1.376394819841632478e+00
1.370451020585112811e+00
1.372855840490562640e+00
1.381035764288757628e+00
1.378689970026689915e+00
1.382852221617530741e+00
1.385883375679498819e+00
