2.250000000000000056e-01
0.000000000000000000e+00
0.000000000000000000e+00
0.000000000000000000e+00
0.000000000000000000e+00
0.000000000000000000e+00
0.000000000000000000e+00
0.000000000000000000e+00
0.000000000000000000e+00
9.416589617586146321e-02
9.359235413391379932e-02
9.359284865841933920e-02
1.591643177417246813e-01
1.706890667239042425e-01
1.757959494931335409e-01
1.744838711415391541e-01
1.605148570692520038e-01
1.634591209698735004e-01
1.659764655398139888e-01
1.890406383867553330e-01
2.073569322804507953e-01
2.199787730917132089e-01
2.023764699815808477e-01
2.087770109941539387e-01
2.276868169775796424e-01
2.557222732043760161e-01
2.492872898806648418e-01
2.695776659214669246e-01
2.850610740280677957e-01
3.692101997042617212e-01
4.011989142044019574e-01
4.221007920479447617e-01
4.428223642193530041e-01
4.596728700308694293e-01
4.688846602561238530e-01
5.807186019960540735e-01
6.148509352925083382e-01
6.304914168030644195e-01
6.249915265986284441e-01
6.142419434979354831e-01
6.572079710511061768e-01
6.574559477789596595e-01
6.698911662813965551e-01
7.123206637801111629e-01
7.033724093628638263e-01
1.100514887625194449e+00
1.094026489263585145e+00
1.108566241536127484e+00
1.104974889707197372e+00
1.113562045940233558e+00
1.122273737628923795e+00
1.138113931628174536e+00
1.133824094361643553e+00
1.129630040931167478e+00
1.140863602658675369e+00
1.215590383924010309e+00
1.341530693313789158e+00
1.424191148372458526e+00
1.446678181873453983e+00
1.509951095576045343e+00
1.522770334640537682e+00
1.536255270607010281e+00
1.538128237016131994e+00
1.539686199529531008e+00
1.530186029199548381e+00
1.517675424111874838e+00
1.509285044095697970e+00
1.499430188773498207e+00
1.495031012195957132e+00
1.482973734164134472e+00
1.464274724161307217e+00
1.460402207426471088e+00
1.485141372866762843e+00
1.543861288062763126e+00
1.538259123154839481e+00
1.541687279857059112e+00
1.542038174633310055e+00
1.536419597000328707e+00
1.540642152333450365e+00
1.537227164507811938e+00
1.548138981705472927e+00
1.545919089312359773e+00
1.522890816599067110e+00
1.513209879429664451e+00
1.512119075751166442e+00
1.507667667800660416e+00
1.505294987313337662e+00
1.512359782227300720e+00
1.516782620489002475e+00
1.503074133995376593e+00
1.492039494270688049e+00
1.471820456170095825e+00
1.480304509536830126e+00
1.483174690268556084e+00
1.467120073797565594e+00
1.448833883199939665e+00
1.433157993060625079e+00
1.423422576860713828e+00
1.396798003875726835e+00
1.374143229891699125e+00
