2.250000000000000056e-01
0.000000000000000000e+00
0.000000000000000000e+00
0.000000000000000000e+00
0.000000000000000000e+00
0.000000000000000000e+00
0.000000000000000000e+00
0.000000000000000000e+00
0.000000000000000000e+00
0.000000000000000000e+00
0.000000000000000000e+00
0.000000000000000000e+00
0.000000000000000000e+00
1.124807249098211809e-01
8.673333131961249443e-01
1.035929946905019383e+00
9.967213447972368412e-01
1.057610746984711136e+00
1.096665511451257791e+00
1.086869242138729152e+00
1.083235480207412893e+00
1.082424928655682406e+00
1.057015328345062954e+00
1.283797327317939496e+00
1.331390868862144083e+00
1.345988397110441159e+00
1.354543444687676512e+00
1.495088596233050016e+00
1.558648388606651558e+00
1.561505758071331185e+00
1.571514299955423244e+00
1.532821002235919217e+00
1.509132963675286820e+00
1.490477493333814074e+00
1.509584068445291027e+00
1.631491897907641819e+00
1.740446728654980513e+00
1.713112831904984645e+00
1.715064618288120402e+00
1.662519560952892883e+00
1.685282090031376523e+00
1.756451072187154017e+00
1.775596256545618035e+00
1.813792262420963253e+00
1.829602715496486676e+00
1.824047688290364455e+00
1.843320257222274883e+00
1.869583990965288489e+00
1.837416013664207703e+00
1.816167774809487989e+00
1.781190717400446211e+00
1.758330089633922455e+00
1.776479938598976460e+00
1.802717772332772084e+00
1.791967760700425849e+00
1.783499116969871956e+00
1.809117580086203825e+00
1.825567946759074189e+00
1.852997249239855870e+00
1.902049740304670555e+00
1.941251879327176244e+00
1.949694673330913286e+00
1.958447851922330285e+00
1.958282848615423566e+00
1.952265493717686207e+00
1.938930008928646309e+00
1.907327100871059278e+00
1.881173286483113438e+00
1.880643447813153291e+00
1.870944460765461059e+00
1.872836065936836381e+00
1.881657373288423640e+00
1.873927392510344125e+00
1.890628069689041624e+00
1.884576196401266612e+00
1.885952086472946210e+00
1.879724362637536839e+00
1.855323811060195505e+00
1.823254333103994762e+00
1.796905512928806514e+00
1.809800827655302591e+00
1.826705550957142821e+00
1.837754704970259834e+00
1.853031591694709102e+00
1.871958457213013238e+00
1.887225443538669056e+00
1.913657582849970229e+00
1.907646138164362126e+00
1.892543484537840159e+00
1.872465551427408226e+00
1.869442418989862631e+00
1.862538116840037450e+00
1.867408370151534935e+00
1.880257710749417832e+00
1.886170643646809086e+00
1.887822194649786844e+00
1.905221630707939484e+00
1.931734454749597596e+00
1.935011022051084772e+00
1.938355296804314287e+00
