2.250000000000000056e-01
0.000000000000000000e+00
1.745198917650176762e+00
1.733560458690508232e+00
1.726052679740994300e+00
1.721549008218399957e+00
1.708981338787718407e+00
1.696588448907678126e+00
1.694857142839669484e+00
1.690693921768019914e+00
1.672225839702053518e+00
1.656476053929851977e+00
1.653214852423956494e+00
1.650372765150308840e+00
1.628684365115555588e+00
1.624934245234250341e+00
1.609251122613046592e+00
1.606036796844288128e+00
1.233166740803033123e+00
9.481812685585951916e-01
7.558802000620071793e-01
7.944823928364705967e-01
9.375763690415048757e-01
9.613301563736407207e-01
9.655123110699034283e-01
9.101159260090631031e-01
9.904872364986312405e-01
1.005653519255518047e+00
1.079380288490149109e+00
1.100031796369181691e+00
1.061477200252025188e+00
1.044069058824413032e+00
1.036303330539319223e+00
1.061263463634058990e+00
1.065559555362795008e+00
1.069270238708327936e+00
1.038441840239413105e+00
9.700410579055799287e-01
9.570507363771394438e-01
9.509789335063206783e-01
9.334353257438967599e-01
9.443643496829471351e-01
9.032953953873363862e-01
9.205052226067238497e-01
9.435137147542743685e-01
9.783151658605316880e-01
9.678294862121740172e-01
9.400196369143619668e-01
9.254767870007175601e-01
9.355779628840270590e-01
9.570342538971085000e-01
9.464938988589776114e-01
9.614823696144518816e-01
9.909148090810071530e-01
1.017901157116680944e+00
1.033022732956585976e+00
1.058235269483747798e+00
1.078062630264699839e+00
1.091630264333107281e+00
1.087575997780499959e+00
1.076284407587150938e+00
1.058958108748345728e+00
1.003079792708297946e+00
9.910773059516426731e-01
9.609786628214999071e-01
9.585524002506315977e-01
9.549255626788817342e-01
9.515391492603761936e-01
9.476243634332801591e-01
9.524596276791977845e-01
9.653196496838414298e-01
1.019981557175456910e+00
1.063091732135878598e+00
1.075322927271961104e+00
1.063243563237617817e+00
1.047813648968281441e+00
1.043924784752348955e+00
1.023814012517580752e+00
1.063577810083166542e+00
1.067601365811927439e+00
1.066975209178011585e+00
1.059863737552242391e+00
1.050818911665394761e+00
1.058881446627484069e+00
1.055054784419795721e+00
1.065869951510565405e+00
1.091019277227198270e+00
1.105221978335539701e+00
1.106808456251420880e+00
1.132355405843294527e+00
1.152519091841290866e+00
1.151637345252441325e+00
1.154086326549967456e+00
1.155347868139404488e+00
1.168970288383577749e+00
1.170447489088275450e+00
1.179420403910440340e+00
1.193489001145518813e+00
1.198107465041931885e+00
1.205507484317918099e+00
