2.250000000000000056e-01
0.000000000000000000e+00
0.000000000000000000e+00
0.000000000000000000e+00
0.000000000000000000e+00
0.000000000000000000e+00
0.000000000000000000e+00
0.000000000000000000e+00
0.000000000000000000e+00
0.000000000000000000e+00
0.000000000000000000e+00
0.000000000000000000e+00
0.000000000000000000e+00
0.000000000000000000e+00
0.000000000000000000e+00
0.000000000000000000e+00
0.000000000000000000e+00
6.970407385752309670e-01
5.807002501961282537e-01
5.868223056934642745e-01
5.966092359183667870e-01
6.100150269884159204e-01
7.409558886756104634e-01
7.702017026516299048e-01
8.050969170244873796e-01
8.175021494957328549e-01
8.403274247861229895e-01
8.107942158645871089e-01
8.116953554133002902e-01
8.462705012957997264e-01
8.663334792788792704e-01
8.841259249175773549e-01
8.946112871159260793e-01
9.109334841132923355e-01
9.306216374103599698e-01
9.402208282194749467e-01
9.343058537689070686e-01
9.288281825109474532e-01
9.443865776327805550e-01
9.523730035209736489e-01
9.492191760812696000e-01
9.502964450171512700e-01
9.568963252047180124e-01
9.734412028802224004e-01
9.809517325305709967e-01
9.809243614809952660e-01
9.797698105902155064e-01
9.754769165757680716e-01
9.686448218898657814e-01
9.672214990742524776e-01
9.657934503701907092e-01
9.718582394974406569e-01
9.643998982714369061e-01
9.620305264052988470e-01
9.589229872802041976e-01
9.532541226623862940e-01
9.602597345281952412e-01
9.613742375080173153e-01
9.655355050209529777e-01
9.683940948297889983e-01
9.699749902342332808e-01
9.709947590192739009e-01
9.740969221825740432e-01
9.725541812699012301e-01
9.736918354963524092e-01
9.678247797938982488e-01
9.649163958395352569e-01
9.632214898604869457e-01
9.659615195170681012e-01
9.636221612657683844e-01
9.670237986394909502e-01
9.641850441065067390e-01
9.648616510551011327e-01
9.634561301422457369e-01
9.619934781721917183e-01
9.586036048596608961e-01
9.589886699481482424e-01
9.631115502759882707e-01
9.611426630862726084e-01
9.585651516089916946e-01
9.610190254452688485e-01
9.589429910445886884e-01
9.643188122473923540e-01
9.688484993625142705e-01
9.665535595001074620e-01
9.706277339906931312e-01
9.721402852799099215e-01
9.657581286244202312e-01
9.660027768048523589e-01
9.652021342481964528e-01
9.674525516473283515e-01
9.672666842552419819e-01
9.635757489402807519e-01
9.649470318128261503e-01
9.609046990556819878e-01
9.598651876661533633e-01
9.587735293741191933e-01
9.569626600817541240e-01
9.582827990460193179e-01
9.574775315550625443e-01
