2.250000000000000056e-01
0.000000000000000000e+00
0.000000000000000000e+00
0.000000000000000000e+00
0.000000000000000000e+00
0.000000000000000000e+00
0.000000000000000000e+00
9.146039466457334122e-01
9.094740593087703440e-01
9.377187838347974536e-01
9.450230015658568350e-01
9.607944916466862884e-01
1.003007665733169462e+00
1.001960112897811728e+00
1.001593928506489428e+00
1.001717979365465805e+00
9.942646203201442878e-01
1.015725129023600015e+00
1.020858834186976427e+00
1.025063996687778367e+00
1.027200438758658407e+00
1.026248926446117204e+00
1.005894701352997744e+00
1.004547085419299712e+00
1.020403677981118529e+00
1.032718181235219301e+00
1.037230849116723252e+00
9.797893701067440508e-01
9.678689909550760584e-01
1.005109892092560298e+00
1.003865935456697001e+00
9.937615498226447519e-01
9.881368502271130616e-01
9.863364221422785683e-01
9.860857336869727208e-01
9.780867374149565530e-01
9.856784230681484571e-01
9.928806226859167028e-01
1.013707039885407335e+00
1.024815404677605235e+00
1.013824400318555918e+00
1.018350109170306217e+00
1.005757769043105876e+00
1.003944034734693957e+00
9.901046518925443740e-01
9.841700970040123675e-01
9.748953679844534204e-01
9.726128091031027711e-01
9.959157175595920730e-01
9.827747717360266755e-01
9.762550103234283183e-01
9.969944500060974324e-01
9.882287974797288044e-01
9.989414982933526588e-01
1.027265110669145054e+00
1.046168578391728499e+00
1.012841276988665218e+00
9.998763904644171197e-01
9.966602232672913120e-01
9.773396506869368450e-01
9.672237672983079459e-01
9.393049542473490554e-01
9.231754015814771508e-01
9.173680518415943119e-01
9.112771514667060702e-01
9.193214302367019863e-01
9.507068166140889565e-01
9.913144212647916342e-01
1.010027708154799475e+00
1.038050306996662231e+00
1.048742440243620511e+00
1.047174953954411070e+00
1.041052864770642961e+00
1.030266753151259707e+00
1.022870708951760577e+00
1.005489669351339321e+00
1.001697803638646800e+00
9.914499778102402461e-01
9.697857921693381344e-01
9.626116624697516055e-01
9.626824161386311474e-01
9.531504491825130154e-01
9.503462163364343462e-01
9.555632985911097776e-01
9.716823729428427647e-01
9.671545423854664980e-01
9.706486032643779627e-01
9.697118463728846560e-01
9.727852825641767343e-01
9.679421569557759009e-01
9.662216241234486969e-01
9.619342378530612026e-01
9.587580407757485546e-01
9.671940504266847149e-01
9.683429291193876853e-01
9.714516910036519182e-01
9.908115048577038619e-01
9.840924536437857251e-01
9.819053980632903578e-01
9.709921278292740210e-01
