2.250000000000000056e-01
0.000000000000000000e+00
0.000000000000000000e+00
0.000000000000000000e+00
0.000000000000000000e+00
0.000000000000000000e+00
1.965590279048256006e-01
3.501965673767428178e-01
3.984185741578234463e-01
4.390228183049112443e-01
4.931614312672222278e-01
4.563184487196560446e-01
5.378194691715006970e-01
5.520134805591568883e-01
6.068446598905203881e-01
5.852281060621000730e-01
6.127580941172781070e-01
6.481506547164066490e-01
5.787650871313513301e-01
7.828743591400350033e-01
8.968563459980595232e-01
9.125003974701207943e-01
1.027768032805125520e+00
1.175188518333565746e+00
1.184815439454219632e+00
1.222298493685964438e+00
1.329557765793139668e+00
1.438388409675005919e+00
1.484425047166671119e+00
1.545701752356026359e+00
1.549978226240489532e+00
1.551861333629357187e+00
1.564046894502260754e+00
1.536153596777181107e+00
1.544419679140703661e+00
1.553811094346920330e+00
1.574321133602638367e+00
1.596411916607641146e+00
1.622960450505544605e+00
1.635639027660305223e+00
1.634785854355082613e+00
1.614692666429685453e+00
1.617785482113771378e+00
1.599366725355785279e+00
1.577224275271737808e+00
1.563450184449870051e+00
1.553378005454634669e+00
1.546483041273784886e+00
1.542681325833746397e+00
1.542743882189879789e+00
1.551610676812468448e+00
1.548698774790503885e+00
1.538812656203369267e+00
1.518531630195654625e+00
1.508770015935962050e+00
1.500667775635838641e+00
1.492475716629428018e+00
1.499879791107973981e+00
1.501814281515062355e+00
1.518075329112058558e+00
1.522890181773390195e+00
1.526455177243196015e+00
1.522659361433207570e+00
1.515817328185429247e+00
1.518460888799822328e+00
1.520303777469049766e+00
1.527930413660700815e+00
1.531107165138132720e+00
1.541125913788457868e+00
1.544497895005395804e+00
1.541177933914405829e+00
1.549168773366278451e+00
1.551594852640954647e+00
1.554207471219004599e+00
1.565018046787747030e+00
1.569599223072397853e+00
1.563296647613533930e+00
1.559619999760630149e+00
1.553571026643423059e+00
1.557319990001249543e+00
1.550025992248820872e+00
1.559080860609175279e+00
1.561527910886307602e+00
1.561080965034443047e+00
1.560787564419490181e+00
1.561853431973749595e+00
1.566428143405285356e+00
1.572258933961094840e+00
1.567046964314360746e+00
1.569991255649219042e+00
1.566706498914732792e+00
1.560730394162208379e+00
1.548435651300385407e+00
1.534776018346091231e+00
1.536909938909487128e+00
1.541251578838579661e+00
1.542028344674647000e+00
1.539197718608289467e+00
1.542063130205615362e+00
1.536481415010809037e+00
