2.250000000000000056e-01
0.000000000000000000e+00
0.000000000000000000e+00
0.000000000000000000e+00
0.000000000000000000e+00
0.000000000000000000e+00
0.000000000000000000e+00
0.000000000000000000e+00
0.000000000000000000e+00
0.000000000000000000e+00
0.000000000000000000e+00
0.000000000000000000e+00
0.000000000000000000e+00
0.000000000000000000e+00
0.000000000000000000e+00
0.000000000000000000e+00
0.000000000000000000e+00
0.000000000000000000e+00
0.000000000000000000e+00
0.000000000000000000e+00
0.000000000000000000e+00
0.000000000000000000e+00
0.000000000000000000e+00
0.000000000000000000e+00
0.000000000000000000e+00
0.000000000000000000e+00
0.000000000000000000e+00
0.000000000000000000e+00
0.000000000000000000e+00
0.000000000000000000e+00
0.000000000000000000e+00
0.000000000000000000e+00
0.000000000000000000e+00
4.398226268752575968e-02
6.256649119288247574e-02
7.058487467989395248e-02
8.894260323674660351e-02
8.744574527612873627e-02
8.951645153199050409e-02
1.030989439032384131e-01
1.079549829131648264e-01
1.177532525800743107e-01
1.287587757370305674e-01
1.407778203249793192e-01
1.305304810147439043e-01
1.360540610596670530e-01
1.482256877387308491e-01
1.453537329158717528e-01
1.431195091565191646e-01
1.556872750410079609e-01
1.608010149181807735e-01
1.657856103298022410e-01
1.694890712225823326e-01
1.727575762718713270e-01
1.743805977902030957e-01
1.771658450117170880e-01
1.998315243710533096e-01
2.069562238985297176e-01
2.782253527877059929e-01
3.237938856580062641e-01
3.557414056156673055e-01
3.691812115542501549e-01
4.351200894331215263e-01
4.412979816805820965e-01
4.401608676245294394e-01
4.452395178732098113e-01
4.218870726904496715e-01
4.320087451104662746e-01
4.181685427280888989e-01
4.181081979432701989e-01
4.373428301937060669e-01
4.727556176391841669e-01
4.988706100477810490e-01
4.984241964311558748e-01
5.023364941860638533e-01
4.818463286697701187e-01
4.695278877733329859e-01
4.935397892785005070e-01
5.129060529034294991e-01
5.312263527682871134e-01
5.478722216871968476e-01
5.694610932495216549e-01
5.810495522951957259e-01
5.845122710106481767e-01
5.855570684990258901e-01
5.967945160961021234e-01
5.985431932117999398e-01
5.887069478474938888e-01
5.870634241734452585e-01
5.794663124367751550e-01
5.714462248423697321e-01
5.553517155289469098e-01
5.495085964443912063e-01
5.401671256519752218e-01
5.578914348842056725e-01
5.431020107808347541e-01
5.394852147240118967e-01
5.387176737069070409e-01
5.326877248381893803e-01
5.249175893240350943e-01
