2.250000000000000056e-01
0.000000000000000000e+00
0.000000000000000000e+00
2.232414256900723537e-01
2.925086535746861394e-01
3.102105977556821603e-01
3.297703738016199426e-01
3.807307139503027238e-01
3.908155146029639870e-01
4.105105434205882919e-01
4.625018334002151676e-01
4.612580381010670250e-01
4.684974963772133849e-01
4.991153287980590325e-01
4.929231368442385519e-01
4.998937107618061093e-01
5.176133850236521727e-01
5.365283168456365104e-01
5.468027746141675971e-01
5.547482634697074033e-01
5.875918886541940944e-01
6.057912710006952972e-01
6.183369679342327618e-01
6.354110152505244580e-01
6.717081081950710963e-01
6.994004957566726244e-01
7.343796082294379302e-01
7.424836400376026990e-01
7.730805246852241464e-01
7.783191016579217303e-01
7.927205350297857889e-01
8.247745493566182029e-01
8.384385707373643859e-01
8.754803312024327377e-01
1.022742665779895033e+00
1.048947518751391250e+00
1.053480954218815047e+00
1.038375924609849621e+00
1.084701872239150600e+00
1.069633950685676460e+00
1.059908296612942280e+00
1.057274873839852081e+00
1.073268128583271253e+00
1.058585140287730875e+00
1.093648896317037655e+00
1.124818255881987472e+00
1.145298391029929475e+00
1.135539598897442159e+00
1.139148732654869489e+00
1.148862044709851649e+00
1.156924719823747782e+00
1.177856691386951260e+00
1.194719509246843447e+00
1.212459357465380139e+00
1.242886090542521194e+00
1.249775709248259314e+00
1.239765124578809496e+00
1.219430792766318161e+00
1.229017791104847879e+00
1.222594183275628854e+00
1.209362541626479048e+00
1.194187475200955362e+00
1.188640500907776509e+00
1.186466681545251367e+00
1.198722056908142264e+00
1.204126344071001720e+00
1.199296933929318243e+00
1.230910122370921567e+00
1.252858757899354858e+00
1.268972925116131023e+00
1.279312435359030165e+00
1.295776600521459709e+00
1.315750224444823369e+00
1.316061241822307437e+00
1.303107187319289206e+00
1.309262207028038860e+00
1.314070747194512556e+00
1.314177501449128371e+00
1.316362205618208714e+00
1.315244579091923161e+00
1.310967374785905193e+00
1.294388394547750343e+00
1.288074133949102418e+00
1.273369888443856235e+00
1.270401909080816294e+00
1.254151127946121047e+00
1.257515399372941545e+00
1.259972830379825437e+00
1.266354171805759821e+00
1.274585199647428446e+00
1.267385343626553196e+00
1.264085737289910361e+00
1.267205708243852813e+00
1.266522925333809502e+00
1.244592329315044488e+00
1.226038494877621288e+00
1.216054295183941258e+00
1.205589108711502488e+00
1.191666372643912508e+00
1.185419694172916705e+00
