2.250000000000000056e-01
0.000000000000000000e+00
0.000000000000000000e+00
0.000000000000000000e+00
2.617978403846337732e-01
2.626139399106566241e-01
2.914358697075283278e-01
3.104470009596594360e-01
3.177769963844986334e-01
3.417111558397474824e-01
3.495912321339738060e-01
3.560592677072059176e-01
3.783499064848794280e-01
3.773516964979252708e-01
4.050148743073592184e-01
4.280910461109108112e-01
4.188309390626731021e-01
4.278635315461793431e-01
4.487223889178655889e-01
4.749262568554231678e-01
4.740967747218208239e-01
4.731385749438559163e-01
4.980133046425090915e-01
5.167930529124880046e-01
5.190695247659895539e-01
5.162270297101486660e-01
5.195095260680269167e-01
5.388637800912874365e-01
5.577305637323382026e-01
5.560617091630509767e-01
5.655274088905949403e-01
5.885738710294886600e-01
5.978698955830213935e-01
6.248639650008002144e-01
6.387024745892710964e-01
6.679077426517628924e-01
6.830556477822375960e-01
6.885286164284029065e-01
6.995057195293234997e-01
7.172520280251057923e-01
7.327759983048223180e-01
7.364624488232601740e-01
7.526004918183988313e-01
7.739534211471995606e-01
7.768208503155873412e-01
7.924743328074673743e-01
7.998600440201185657e-01
8.132025533320418331e-01
8.026343046299042605e-01
8.068107291125176106e-01
8.005218243317746563e-01
8.020323477611601692e-01
8.068054607372868725e-01
8.117153721862048199e-01
7.932028136459099432e-01
7.781014927285390126e-01
7.673375478930626326e-01
7.903108225726467317e-01
7.931625106260743463e-01
8.005731107136758729e-01
8.031669184381546867e-01
7.951146849907966274e-01
8.039494718759804259e-01
8.278748022780000326e-01
8.114225375367858373e-01
8.259838801476603320e-01
8.468577559750628536e-01
8.517723881057081003e-01
8.156840100729674248e-01
7.999244655864796716e-01
8.114349948041319482e-01
8.097352870544354264e-01
8.214109267372863288e-01
8.369126474870778321e-01
8.264388408988490031e-01
8.235558941073506389e-01
8.295522086491112779e-01
8.356212369369607762e-01
8.559960826992255578e-01
8.690470792310338588e-01
8.642808072238352679e-01
8.522150387714642061e-01
8.546188679807631416e-01
8.618103205601623795e-01
8.591988642577119695e-01
8.652684916185700015e-01
8.773109150295519409e-01
8.937137806745724111e-01
8.706877154200474145e-01
8.568523541101499275e-01
8.502719342969219385e-01
8.586929431647603028e-01
8.614398527905673397e-01
8.630974689463845051e-01
8.527166517409981994e-01
8.562193976652868743e-01
8.672138937876884279e-01
8.705219227349355604e-01
8.692497163663853721e-01
8.769347217602035949e-01
