2.250000000000000056e-01
0.000000000000000000e+00
0.000000000000000000e+00
1.543463430536759773e-01
1.740653905035575710e-01
1.870547148978314866e-01
2.163376209814353579e-01
2.169002661051464276e-01
2.431628289592761283e-01
2.710440042866664734e-01
2.619531912147368136e-01
2.782502317465418984e-01
2.969594544234845368e-01
3.094059900549966935e-01
3.160369975618975147e-01
3.235119506653421628e-01
3.476053811974654240e-01
3.538435475859959545e-01
3.601140621571613520e-01
3.726909147918092136e-01
3.818128930485086836e-01
4.125103655284659276e-01
4.222002965233088156e-01
4.269907945758952272e-01
4.243130282099136230e-01
4.468562711942418164e-01
4.670044681916601936e-01
4.674819200122800056e-01
4.790231772770436880e-01
4.870422902678161470e-01
5.086721992279633620e-01
5.202556016709621867e-01
5.301604753721603780e-01
5.557389141093787011e-01
5.576618675591262786e-01
5.730688922472184643e-01
5.742511422822028644e-01
5.911002125937504514e-01
5.978568926736534950e-01
6.125134514141191699e-01
6.194091383876558776e-01
6.356555886856429805e-01
6.426167090259502501e-01
6.611220126547653342e-01
6.697711187895065699e-01
6.745911685817547188e-01
6.855144955191382339e-01
6.965359074005558204e-01
6.982449663690372121e-01
7.176500163476987604e-01
7.280844382770396139e-01
7.519413606338521960e-01
7.648191908385472138e-01
7.668290024425690188e-01
7.831064876416762299e-01
8.166262730376864232e-01
8.446363860863494999e-01
8.330556230296751741e-01
8.235691468247442470e-01
8.216063931861503633e-01
8.159275617124684965e-01
8.071476771567562825e-01
8.077277298593887878e-01
8.208134503258125436e-01
8.117156654497351687e-01
7.948429880586117546e-01
7.976097205314055527e-01
7.969109034761808763e-01
8.051739495103911182e-01
8.083388954644451507e-01
8.069489318020106605e-01
8.123503579290161092e-01
8.235853062443261319e-01
8.358348391240725261e-01
8.413022313906561855e-01
8.465033200056322205e-01
8.417147606065363830e-01
8.372186421303093873e-01
8.400703459458899180e-01
8.298106735982293536e-01
8.269814051846267056e-01
8.140136198426031200e-01
8.074562080321326940e-01
8.028109443486234342e-01
7.976902597580084464e-01
8.011228097065662412e-01
7.964360520885738204e-01
7.916782153117452037e-01
7.761985823105933546e-01
7.786933949536601896e-01
7.790100692161172624e-01
7.823225369542566865e-01
7.904797756502038864e-01
7.932067454384075234e-01
8.036195084188785254e-01
8.053538454784371359e-01
8.073099397841726477e-01
8.113256174794654108e-01
8.065024587906699516e-01
8.008342535742052348e-01
