2.250000000000000056e-01
0.000000000000000000e+00
0.000000000000000000e+00
0.000000000000000000e+00
0.000000000000000000e+00
0.000000000000000000e+00
0.000000000000000000e+00
0.000000000000000000e+00
0.000000000000000000e+00
0.000000000000000000e+00
0.000000000000000000e+00
0.000000000000000000e+00
0.000000000000000000e+00
0.000000000000000000e+00
0.000000000000000000e+00
0.000000000000000000e+00
0.000000000000000000e+00
0.000000000000000000e+00
0.000000000000000000e+00
0.000000000000000000e+00
0.000000000000000000e+00
0.000000000000000000e+00
0.000000000000000000e+00
0.000000000000000000e+00
0.000000000000000000e+00
0.000000000000000000e+00
0.000000000000000000e+00
8.388665247650697321e-01
7.575207593428499031e-01
7.127946358613129751e-01
7.694152499746036433e-01
7.799417426970757239e-01
7.608544685286291465e-01
7.708961094422273064e-01
7.843649463766543262e-01
8.210475701002504234e-01
8.200064971810430148e-01
8.546920675339346740e-01
8.704413945891217308e-01
8.612089924426570287e-01
8.675869728243137402e-01
8.628870345440184941e-01
8.675313252361110949e-01
8.775330231550584337e-01
8.938553467353684834e-01
8.934264584158426725e-01
8.980006535044154914e-01
9.144038640969586185e-01
9.058878654584674450e-01
9.115993825074014678e-01
9.216157878232078549e-01
9.194111414209594768e-01
9.211679984470572125e-01
9.174555654128679905e-01
9.205841358967141730e-01
9.243600379678873491e-01
9.260954259027924795e-01
9.281749164753684278e-01
9.287347559233800620e-01
9.289819419896518937e-01
9.260662547931943767e-01
9.205237748875378934e-01
9.125014949488199356e-01
9.103281368776803273e-01
9.075141460061151299e-01
8.970094484345531027e-01
8.951447684024181894e-01
8.922563000752455897e-01
8.897089149807427821e-01
8.805006758782254472e-01
8.778102055205072585e-01
8.779751843389861365e-01
8.709915204334138794e-01
8.674802532948353573e-01
8.714964752250032864e-01
8.679636430518093970e-01
8.713739746350985804e-01
8.729278056922921136e-01
8.708221851888707787e-01
8.779210050371882845e-01
8.740644592288190351e-01
8.746188082738195479e-01
8.780238650051073179e-01
8.768465323683845014e-01
8.793858252769994888e-01
8.836018905528529865e-01
8.898156911109665890e-01
8.936882850210222662e-01
8.925778594290302292e-01
9.003036124976824262e-01
9.019925937055842668e-01
9.069587704185051447e-01
9.077767725222434247e-01
9.090323247480631697e-01
9.055875885844484330e-01
9.118176784849884031e-01
9.183861006208682287e-01
9.135748580370559591e-01
9.115022649155367640e-01
9.132512629877815868e-01
