2.250000000000000056e-01
0.000000000000000000e+00
7.570591283129461668e-02
7.570695224628623543e-02
7.570748968977057680e-02
1.129096968111582971e-01
1.259893758822735188e-01
1.278227491897000467e-01
1.145695269734625377e-01
1.184010544086303435e-01
1.321225387543313867e-01
1.354192700060579402e-01
1.468784242845752597e-01
1.410691701332376091e-01
1.416968305932467254e-01
1.682780140207662811e-01
1.657620370126322296e-01
1.705098446052075167e-01
1.755538443975517282e-01
1.780463990620177461e-01
1.795695167029697226e-01
1.900561945659162699e-01
1.902354666877004719e-01
1.937877739616652439e-01
1.900963837766427855e-01
2.032191304386128383e-01
2.048125721730960636e-01
2.058711806577009085e-01
2.002055129470171613e-01
2.019819611694698147e-01
2.135683224238587585e-01
2.166469961878081385e-01
2.182673286621137354e-01
2.171340034479325165e-01
2.250162357282610437e-01
2.273132261616406802e-01
2.380002675043454974e-01
2.456647858374278737e-01
2.565059693897010495e-01
2.603669303534226209e-01
2.700437831508073483e-01
2.757420725958489305e-01
2.931093352571600974e-01
3.249403049033470769e-01
4.122622781173487239e-01
4.444893670050855672e-01
5.006265485122682879e-01
5.218060030643832947e-01
5.674520707476419235e-01
6.315259077509566277e-01
6.714070155897108316e-01
7.108890164459097383e-01
7.654293762093440368e-01
7.796865118505769132e-01
8.047929895324217320e-01
8.289761113369028545e-01
8.467693170447578854e-01
8.814254698139467603e-01
9.151506958803350411e-01
9.343557594287724699e-01
9.490131791400128192e-01
9.690818913366424647e-01
9.911298838927290467e-01
1.003129669094633192e+00
1.009732986442141378e+00
1.012151138433254882e+00
1.021507130601377877e+00
1.046187203439309377e+00
1.062317630312803685e+00
1.072296480720426715e+00
1.083262142910788484e+00
1.087748701003057983e+00
1.094725877627544586e+00
1.103952850165257793e+00
1.109294079589412618e+00
1.112402657678252194e+00
1.117199802398227471e+00
1.123795065312788388e+00
1.137209529028167410e+00
1.142371142455885114e+00
1.138637474991107457e+00
1.131685317683875258e+00
1.126403241091952223e+00
1.123201581462826892e+00
1.112252765395117304e+00
1.106568683852642954e+00
1.094705747515786864e+00
1.083204159947674494e+00
1.077669262542829021e+00
1.074245445343420480e+00
1.064646711544163349e+00
1.052978687879296160e+00
1.045780177156470980e+00
1.036734698102604213e+00
1.020718272607449295e+00
1.009776855130910533e+00
9.981665205476715208e-01
9.882843295565471031e-01
9.816593610435192518e-01
9.687507304044576939e-01
