2.250000000000000056e-01
2.960581137778188765e-01
3.175337038872430573e-01
4.324506244652953635e-01
5.005115769591056418e-01
5.860346677390878556e-01
6.430152822471154606e-01
9.368453120490705111e-01
1.203656089227174597e+00
1.159098327064925105e+00
1.097437717375380872e+00
1.155179148486759511e+00
1.183630714793533212e+00
1.207537378176398724e+00
1.285328422674215432e+00
1.362740755451078645e+00
1.392178452952277601e+00
1.408031898648650415e+00
1.415538206271949928e+00
1.422008517260850757e+00
1.427494179988819445e+00
1.432077988517355793e+00
1.435860441433014278e+00
1.438948417792603518e+00
1.414127666953200579e+00
1.389864648874546971e+00
1.358599576860137104e+00
1.339995840841527341e+00
1.266986098168885855e+00
1.227630704264784267e+00
1.143656399559941139e+00
1.079510018790052595e+00
1.028755126458692049e+00
9.834501853353105894e-01
9.336687655565751864e-01
9.168626489868421103e-01
8.860262954682460723e-01
8.664498028007181496e-01
8.554038998166533236e-01
8.366286085978780207e-01
8.267894348464922549e-01
8.241674311611599801e-01
8.229965163470677192e-01
7.006521024714129631e-01
8.529923828850313194e-01
1.130842319101545312e+00
1.206416009878519047e+00
1.313343363220865534e+00
1.321134055680231789e+00
1.303880250133140573e+00
1.289657826981253308e+00
1.288972403566769787e+00
1.313108115629876727e+00
1.287169541970586417e+00
1.295945877526995860e+00
1.281250864592358374e+00
1.249962535926018692e+00
1.235996366912383460e+00
1.227507422291148620e+00
1.228713847251674096e+00
1.263706198168612627e+00
1.313195454819974461e+00
1.322845065242434170e+00
1.317728620903589887e+00
1.320863256083265380e+00
1.327127770858484324e+00
1.322642932035932084e+00
1.320218013853564631e+00
1.327717545767770790e+00
1.342104934950357320e+00
1.374172754179972866e+00
1.397552076753240113e+00
1.389182151471347826e+00
1.397553704672316321e+00
1.364396497457977198e+00
1.355753658904875536e+00
1.345136998304347298e+00
1.337147299898354458e+00
1.333266292324348123e+00
1.337551622879956437e+00
1.348062671393466028e+00
1.362349213910425183e+00
1.374620507221826715e+00
1.378357811561242707e+00
1.394818988095000822e+00
1.391752907341496481e+00
1.379767143141153340e+00
1.358510633894852937e+00
1.343587685291802725e+00
1.320216442053262274e+00
1.280388781003765075e+00
1.266897566278373910e+00
1.273461386213802449e+00
1.299945103471390251e+00
1.293386069055621146e+00
1.279827674893831091e+00
1.270898531574064627e+00
1.273613663042594268e+00
1.290057411307247603e+00
1.295509258138022313e+00
