2.250000000000000056e-01
0.000000000000000000e+00
0.000000000000000000e+00
0.000000000000000000e+00
1.538627655560727447e+00
1.538499202620542405e+00
1.538500794748596467e+00
1.538405117406257183e+00
1.542502499702264940e+00
1.525825042286050648e+00
1.518180729523390449e+00
1.517282533117739529e+00
1.554470274880293212e+00
1.561174777432157823e+00
1.561732767001386968e+00
1.532479820458534148e+00
1.466479796008458569e+00
1.419625871397451000e+00
1.361095664562391283e+00
1.296974687666144543e+00
1.277181984999383291e+00
1.263002303594706222e+00
1.262499844457410925e+00
1.240286645347789207e+00
1.215539151253654193e+00
1.240022988941449578e+00
1.212226121080278496e+00
1.190308489360784927e+00
1.129549212644446410e+00
1.090052858933890256e+00
1.098502541417939016e+00
1.076343175012426601e+00
1.095536424002717002e+00
1.079453949902854148e+00
1.085549202598558249e+00
1.079857371423861956e+00
1.081091686371502547e+00
1.096281279444223822e+00
1.105886129556362230e+00
1.082342051771795877e+00
1.087712671193738156e+00
1.073271018291123813e+00
1.063828545774553769e+00
1.036979146094641591e+00
1.022160933316709874e+00
9.831187569701285156e-01
9.619451372793399457e-01
9.463822421810531571e-01
9.318545316641503318e-01
9.119459620868510807e-01
9.179073048630399523e-01
9.171191495201347355e-01
9.109089410369964890e-01
9.220762540435399890e-01
9.194762556121565122e-01
9.246138085406085949e-01
9.258104615572189111e-01
9.241553430220647014e-01
9.222988496560728944e-01
9.285198508427705555e-01
9.331279442722216766e-01
9.218587145867520594e-01
9.197717562524829749e-01
9.279868421045096571e-01
9.224040346794369905e-01
9.213421296840238472e-01
9.216912322178953954e-01
9.245259867655043484e-01
9.150244249545201880e-01
9.244483328240721276e-01
9.192376963302985038e-01
9.186469713506197898e-01
9.266516512670366357e-01
9.453148646411784206e-01
9.685854920080025909e-01
9.749179632298748954e-01
9.810875934328950887e-01
9.890964992926153387e-01
9.974101599488172099e-01
1.012558232426129967e+00
1.031579395827296741e+00
1.043276815293784354e+00
1.055353218807795646e+00
1.070224921840406074e+00
1.092753295414261805e+00
1.107858094710724606e+00
1.132475443031194517e+00
1.142805271184783367e+00
1.159734107884356158e+00
1.181456381168434433e+00
1.185653355985863966e+00
1.178560074120401646e+00
1.171885640705102816e+00
1.167408413524183786e+00
1.154773908510077662e+00
1.147338489927277827e+00
1.128951929989169711e+00
1.116029535907244519e+00
1.127056393168302639e+00
1.134540088715120687e+00
