2.250000000000000056e-01
0.000000000000000000e+00
0.000000000000000000e+00
0.000000000000000000e+00
1.104976388577636026e+00
9.461159753236598746e-01
8.942053335918813683e-01
8.477722052361691407e-01
7.768740284221049563e-01
6.039031108983528018e-01
5.529383837573128568e-01
5.486480270812631455e-01
5.574851401203592127e-01
5.994153844202985137e-01
6.748378305906115315e-01
7.813720899728260338e-01
8.124272550150309913e-01
8.732190364404611715e-01
8.882635667149573200e-01
9.025504615980908252e-01
9.152543467439644420e-01
9.812489510630767464e-01
1.086921032710844059e+00
1.088746591430783672e+00
1.047980099048670510e+00
9.992135303640645727e-01
9.973907528439648340e-01
9.190559493630343635e-01
8.314333295293259152e-01
7.519989661733249564e-01
7.473326727027965743e-01
7.367759467611013635e-01
7.495314535840778003e-01
7.580508929069624813e-01
7.783591304972463654e-01
7.619046908698170473e-01
7.250984360655639005e-01
7.133111264112379502e-01
7.142757953978172702e-01
6.986584093443345411e-01
6.906999893517496991e-01
7.191036309810276972e-01
7.124305121444226563e-01
7.353442394653683101e-01
7.684039074737761821e-01
7.675540090588304221e-01
7.710271180450635198e-01
7.929859147768213434e-01
7.862825016690518920e-01
7.883846928771525153e-01
7.765453062256136851e-01
7.870010738792775351e-01
8.138946018421588935e-01
8.130267018189769601e-01
8.188786194253163675e-01
8.175798353986957201e-01
7.979587803881033059e-01
7.925973772638252868e-01
7.972391868071235788e-01
8.003411836416967073e-01
8.035914355106338336e-01
8.038040190678995556e-01
8.046334962002842373e-01
8.052552277531742631e-01
7.993827154659092216e-01
7.974573487069840372e-01
8.036598117083102455e-01
7.931210560012751376e-01
7.916344930564065407e-01
7.977898089407802207e-01
8.049260937442506147e-01
8.082829262782385005e-01
8.023088079240863202e-01
8.130164345930958048e-01
8.081526493275670298e-01
8.038473581081694297e-01
8.093766063502082497e-01
8.053023642398120518e-01
8.014193976084738047e-01
8.009607559742221161e-01
8.060523394653457130e-01
8.051561146154780912e-01
7.964859384429493483e-01
7.887070015930504052e-01
7.805381612291188986e-01
7.851688399728437018e-01
7.768566897870129440e-01
7.783834083381719893e-01
7.870124324990845910e-01
7.868579738810973501e-01
7.900032260389805439e-01
7.916293596416453804e-01
7.945817986061219917e-01
7.933426135923432598e-01
7.976178504456148399e-01
8.089119870137156942e-01
8.200893084389482279e-01
8.175662101562896078e-01
8.168830630037614560e-01
8.079293351661753775e-01
