2.250000000000000056e-01
0.000000000000000000e+00
0.000000000000000000e+00
0.000000000000000000e+00
0.000000000000000000e+00
0.000000000000000000e+00
1.324792097244225308e+00
1.260295350129390091e+00
1.134367345537456773e+00
1.133174376446942855e+00
1.041348604137175338e+00
1.030188307980428597e+00
9.342860228676059808e-01
8.527461502959611250e-01
7.436410031783426966e-01
7.413483898068785605e-01
6.897897708371855119e-01
7.068169351805403400e-01
6.926231802002509319e-01
6.782152044757143727e-01
6.567383404360539467e-01
6.375956203202575168e-01
6.233484480452576859e-01
6.689697322999859086e-01
6.853354040109578271e-01
7.003099261651449803e-01
7.224261136998345600e-01
7.685114996504568419e-01
7.967389946165976955e-01
8.056594605074443027e-01
8.151678696740085606e-01
8.163190131830549978e-01
7.999662964959118883e-01
7.980328397598035473e-01
8.039941799255688748e-01
8.178664950286923530e-01
8.186964302364074797e-01
8.173307501910787032e-01
7.986417554318256951e-01
7.957094240302386989e-01
7.841246144583754463e-01
7.848716999486792245e-01
7.862837921088223769e-01
7.887974408838405171e-01
7.814130284643069357e-01
7.803449183681946399e-01
7.942373435630174505e-01
8.002355587321972052e-01
7.996527497396317408e-01
7.997300289805193696e-01
7.996170503099608862e-01
7.970779660266360533e-01
8.037192126964356476e-01
8.113750362135342398e-01
8.235665952552678748e-01
8.322116529667372697e-01
8.312394277636809825e-01
8.303001719254220481e-01
8.261991662144553272e-01
8.240765429651827345e-01
8.243802292404757148e-01
8.252551024556192827e-01
8.297749096160657034e-01
8.316468136487756846e-01
8.333918179982331420e-01
8.349774582109735777e-01
8.377154041861221145e-01
8.468843974815857267e-01
8.474263597203441911e-01
8.411068410917275084e-01
8.482683351463605748e-01
8.481653999500304852e-01
8.520724469082465724e-01
8.575988599892312436e-01
8.510750733674835589e-01
8.517623811466461525e-01
8.487658400903893563e-01
8.477410694425334681e-01
8.378882564155690771e-01
8.375491264654871815e-01
8.355501938472277290e-01
8.364166621616020425e-01
8.330665598230254654e-01
8.290011225712358156e-01
8.240128920286611258e-01
8.272064476646325826e-01
8.232644782097310321e-01
8.279405088954495673e-01
8.352911487101786214e-01
8.364771675446818211e-01
8.425719806904512499e-01
8.475304912210424035e-01
8.471725672094313486e-01
8.361486112366203205e-01
8.287100794880553067e-01
8.245415482527019835e-01
8.269574911315881183e-01
8.285509669100327157e-01
8.301249113346809150e-01
8.246701429764817792e-01
