2.250000000000000056e-01
0.000000000000000000e+00
0.000000000000000000e+00
0.000000000000000000e+00
8.450920622779646285e-01
1.089276998634848725e+00
1.033102990686956657e+00
1.080263284399120449e+00
1.031831539713217838e+00
9.037425674213936944e-01
8.917535064722793559e-01
8.859420118766623276e-01
8.947697908396234912e-01
9.229768057135027126e-01
9.271922278549298291e-01
9.391686324828339982e-01
9.408987447036855079e-01
9.164765928461027222e-01
8.978098191422435592e-01
8.907137363862627222e-01
8.952074775498676251e-01
8.972905786487029856e-01
8.964423405025523373e-01
8.965198488751956463e-01
8.766098855719146599e-01
8.526087868225441513e-01
8.386159542624196384e-01
8.204679139795961751e-01
8.088053355422747392e-01
8.019492336470976923e-01
8.001615301009842307e-01
7.952143849872663761e-01
8.102374636877257563e-01
8.457553412191666231e-01
8.509369289928491176e-01
8.481377216681985631e-01
8.353997506877549606e-01
8.272178587821138462e-01
8.387180237499269886e-01
8.558163485010510385e-01
8.659575248925828195e-01
8.713467040442107736e-01
8.900483167617599944e-01
8.850022306864545607e-01
8.748764192044868881e-01
8.614412658708058279e-01
8.480885175786880836e-01
8.405076016167526420e-01
8.499125931841297055e-01
8.609034410217437649e-01
8.677498824885744311e-01
8.779257401571018971e-01
8.918347770453102230e-01
9.110454012940096824e-01
9.231793542800863506e-01
9.334848744337995718e-01
9.387909361241432160e-01
9.496463613328000042e-01
9.510649668560426928e-01
9.501587909621870276e-01
9.501789553925468201e-01
9.418052593162493658e-01
9.316105860264639604e-01
9.304486915838617866e-01
9.286231610277494442e-01
9.255760587649033422e-01
9.337606930053343746e-01
9.342905587188904404e-01
9.203725314212483077e-01
9.042201982745529110e-01
8.985971403234377375e-01
8.935965770215712478e-01
9.025416368818588442e-01
9.030580779939515468e-01
9.131092414275643332e-01
9.092292544827245138e-01
8.943963887892972808e-01
8.986928580421168489e-01
9.016979479362404737e-01
9.039494754425109191e-01
8.883247766298721926e-01
8.839198413227346007e-01
8.760067623884816301e-01
8.711414604078655533e-01
8.618942468802780477e-01
8.345757471610085743e-01
8.096487923099291439e-01
8.055310021129126197e-01
8.162469538289380822e-01
8.183173916031802886e-01
8.113632788858547995e-01
8.080279941795335263e-01
8.018386271651674058e-01
8.261972985138030801e-01
8.332283298634394209e-01
8.467389864415316714e-01
8.554478761572039680e-01
8.540779265625318972e-01
8.606567897962147384e-01
8.698945838393924435e-01
