2.250000000000000056e-01
0.000000000000000000e+00
0.000000000000000000e+00
0.000000000000000000e+00
0.000000000000000000e+00
0.000000000000000000e+00
0.000000000000000000e+00
0.000000000000000000e+00
0.000000000000000000e+00
0.000000000000000000e+00
0.000000000000000000e+00
0.000000000000000000e+00
0.000000000000000000e+00
0.000000000000000000e+00
0.000000000000000000e+00
0.000000000000000000e+00
0.000000000000000000e+00
0.000000000000000000e+00
0.000000000000000000e+00
0.000000000000000000e+00
0.000000000000000000e+00
0.000000000000000000e+00
0.000000000000000000e+00
0.000000000000000000e+00
0.000000000000000000e+00
0.000000000000000000e+00
0.000000000000000000e+00
0.000000000000000000e+00
0.000000000000000000e+00
0.000000000000000000e+00
0.000000000000000000e+00
0.000000000000000000e+00
0.000000000000000000e+00
0.000000000000000000e+00
0.000000000000000000e+00
0.000000000000000000e+00
0.000000000000000000e+00
0.000000000000000000e+00
0.000000000000000000e+00
0.000000000000000000e+00
0.000000000000000000e+00
0.000000000000000000e+00
0.000000000000000000e+00
0.000000000000000000e+00
0.000000000000000000e+00
9.915530953622687937e-02
1.380398076916389549e-01
1.542111967544209095e-01
1.939120167403507178e-01
2.109648853155873804e-01
2.186669995492963869e-01
2.578651016243783123e-01
2.667753285851464096e-01
2.887676254598752767e-01
3.025446977907045865e-01
3.491414160114322263e-01
3.456723476125303507e-01
3.466492709287313789e-01
3.596121860258268410e-01
3.538475084364858803e-01
3.388476051106734110e-01
3.430183267023766414e-01
3.351610150711406555e-01
3.609105063745264297e-01
3.622971068065205524e-01
3.625316326738835526e-01
3.663644325431295590e-01
4.093691008905932516e-01
4.183396625992123474e-01
4.404825250132450298e-01
4.590309002597992571e-01
4.484462127154300037e-01
4.840669026212277570e-01
4.887079509740532290e-01
5.227693177569878724e-01
5.166481916374661143e-01
5.389176156474502211e-01
5.857790591219772525e-01
5.986154083458312680e-01
6.176605368320478018e-01
6.070930536189378390e-01
6.222603694697306231e-01
6.425495859424142919e-01
6.695315374757114801e-01
6.386733293709705439e-01
6.454592251102434508e-01
6.506557288608357803e-01
6.397148511775325730e-01
6.798261255375648293e-01
6.678339561128071589e-01
6.821837846606224609e-01
6.789506683031875101e-01
7.048845510005499193e-01
7.596922087270581159e-01
7.534324882840290893e-01
7.482837037335655639e-01
8.605433402026561041e-01
8.695697189685381856e-01
8.878100402757999055e-01
9.258920887601029825e-01
