2.250000000000000056e-01
0.000000000000000000e+00
0.000000000000000000e+00
2.870350189576136302e-01
2.306060241992884674e-01
2.917042238203099713e-01
2.925009436747210145e-01
3.515910626071520606e-01
3.294489174799640208e-01
3.301817253654061313e-01
3.031397131117417043e-01
3.017563238760678779e-01
2.764601280976300424e-01
3.106720379533597920e-01
3.104073708379515018e-01
3.028591835300179502e-01
2.983367840616443778e-01
2.937236622376174777e-01
3.565638273710131645e-01
3.578300752928652573e-01
5.130627900314509438e-01
5.345799759827198905e-01
5.471175512266640562e-01
6.718323171985086661e-01
9.228815100817248096e-01
9.498340159828030371e-01
9.703713234894096873e-01
9.196350054063308077e-01
9.043017905472192641e-01
8.561837660098607916e-01
8.454436977178847457e-01
8.394028783012308370e-01
8.313251368307921219e-01
8.491733014615714392e-01
8.401860297551737577e-01
8.780023065008577543e-01
8.695894066414885382e-01
8.570274728811912990e-01
8.528744062974120688e-01
8.455966524208462509e-01
8.374958393319683614e-01
8.278160976133573934e-01
8.075520505092846912e-01
7.986568319355117351e-01
7.853876683928767699e-01
8.028982631380069401e-01
8.320765388040056720e-01
8.083278471435672019e-01
8.379976993262644447e-01
8.280481992141944803e-01
8.304430026623131900e-01
8.467276518327987445e-01
8.454273931519055152e-01
8.556975247660993933e-01
8.516829231710731918e-01
8.411342231736186337e-01
8.451428186771731133e-01
8.316552501506606632e-01
8.297984750006636157e-01
8.339741362697932203e-01
8.224442128956400699e-01
8.244842875491577017e-01
8.351029046287239410e-01
8.317414887936100953e-01
8.224257238978296414e-01
8.099480247037766922e-01
8.129952878403833294e-01
8.176466874673006258e-01
8.114326625219747680e-01
8.054635914275743991e-01
8.021451563862516121e-01
8.013350730977636394e-01
8.073808194272250605e-01
8.268500363032363909e-01
8.257883085811998924e-01
8.319276055085234045e-01
8.329808173068751209e-01
8.419371832217827922e-01
8.382972594777472475e-01
8.376838665991569455e-01
8.537031650358463120e-01
8.484315600031169247e-01
8.524373164876061226e-01
8.557778530604223111e-01
8.526531988016924357e-01
8.538807616326893335e-01
8.689853789478266810e-01
8.732618461209654681e-01
8.759238363615922118e-01
8.676513511822848690e-01
8.612037053837233724e-01
8.585911021024443812e-01
8.456368223958373731e-01
8.495615632093515002e-01
8.454978550312712837e-01
8.255489579384024390e-01
8.096325903276253566e-01
7.970686934622883690e-01
7.990381563245984031e-01
8.011069029860926616e-01
