2.250000000000000056e-01
0.000000000000000000e+00
0.000000000000000000e+00
0.000000000000000000e+00
0.000000000000000000e+00
7.217371713755537099e-01
7.616121080992820369e-01
7.587502672363580780e-01
7.613649387629776166e-01
8.106370777876189537e-01
9.144978829799639275e-01
9.440512503250818588e-01
9.737498997164611980e-01
9.697335381080612882e-01
9.662278503110001138e-01
9.567018682366391635e-01
9.318988765112277139e-01
8.805805975261330465e-01
8.383191546536117311e-01
7.781451495930011841e-01
7.440085865359814532e-01
7.306558151509408017e-01
7.136173500289701987e-01
7.118124778021914789e-01
7.143904686951326743e-01
7.442600312009295394e-01
7.967022382310012807e-01
8.261673393288535561e-01
8.642805137086625455e-01
8.730063880859786352e-01
8.815470216404186488e-01
8.772718939703120222e-01
8.738366394284602379e-01
8.615594593313335992e-01
8.949166495578181335e-01
8.961971369740541205e-01
9.171240097905561939e-01
9.221349229890714039e-01
9.193309202978566796e-01
9.220289632082302456e-01
9.056662233737676759e-01
8.595868698383356543e-01
8.063551383162693709e-01
7.530019507613338048e-01
7.217698987106669906e-01
6.984405377775553259e-01
7.011773516375752191e-01
7.371221497005838730e-01
7.550471007863537309e-01
8.469267458688695127e-01
8.530720120806256634e-01
8.559120378274598373e-01
8.622446370021347173e-01
8.446876563472039967e-01
8.434171854395647872e-01
8.444310779835662029e-01
8.507977733215291716e-01
8.470144625837254804e-01
8.341033743033584580e-01
8.270698204857901414e-01
8.230794249172902477e-01
8.317972678904974604e-01
8.168731726625934053e-01
8.084568612730124171e-01
7.942395128959524042e-01
7.814164483864143307e-01
7.715983998400426369e-01
7.706137411320818087e-01
7.714549664549686936e-01
7.859606003748100811e-01
8.217759817358741836e-01
8.387423167354166598e-01
8.469829138875114571e-01
8.616357500545646086e-01
8.627242465048681197e-01
8.647842940063489303e-01
8.577702857394979841e-01
8.375276531151932824e-01
8.260946996096911743e-01
8.278646875943982408e-01
8.364437642106296034e-01
8.435525745506223805e-01
8.546012230189392600e-01
8.702363534463757322e-01
8.739055345448550893e-01
8.774415825586101558e-01
8.753771162713196441e-01
8.692932835423241578e-01
8.647236688913481073e-01
8.562489823929460009e-01
8.540100116242301809e-01
8.489616270205611048e-01
8.419536945438397257e-01
8.463715691245115025e-01
8.379219138365081587e-01
8.285293949646092004e-01
8.322292056151652240e-01
8.384037165614437459e-01
8.301882225598912202e-01
8.240875642765677078e-01
