2.250000000000000056e-01
0.000000000000000000e+00
0.000000000000000000e+00
0.000000000000000000e+00
0.000000000000000000e+00
0.000000000000000000e+00
0.000000000000000000e+00
0.000000000000000000e+00
0.000000000000000000e+00
2.274964087065322604e-01
2.274435341646738884e-01
2.273925304828277039e-01
2.274166764032049259e-01
2.273827636647385575e-01
2.627100064875607099e-01
2.642164512373227359e-01
3.741139291977271242e-01
1.247573036873362629e+00
1.227515654570994652e+00
1.258532514946153258e+00
1.279895544276060892e+00
1.277363562458073698e+00
1.289820305619872265e+00
1.289081081075835522e+00
1.298836141062305938e+00
1.285450206810258011e+00
1.336289241158265861e+00
1.343375668063502726e+00
1.348784888244217051e+00
1.339355997428125278e+00
1.341909285715565225e+00
1.372087676996242678e+00
1.380008645510361287e+00
1.384229601182380920e+00
1.350229687359545183e+00
1.317156516545407774e+00
1.309402372381414548e+00
1.306604406149876052e+00
1.343613139450564598e+00
1.348407266439386465e+00
1.350065345401960881e+00
1.271088710929199284e+00
1.228852836260922787e+00
1.200462474209700092e+00
1.120528264447746114e+00
1.116139452557748157e+00
1.114811253729071305e+00
1.073031440767548750e+00
1.071192503872028023e+00
1.099314647814724433e+00
1.119919728013003990e+00
1.122836776693062477e+00
1.088443158926237775e+00
1.089777979465962110e+00
1.035231192205068984e+00
1.024669556203603671e+00
1.039357608628892482e+00
1.043301071802846369e+00
1.090186102865861262e+00
1.126760391553687679e+00
1.144496358252578894e+00
1.157308756158452523e+00
1.145110019006198021e+00
1.124191956192493791e+00
1.120161564029971135e+00
1.138572184205290716e+00
1.150669230042855151e+00
1.205863997443950897e+00
1.207671336872671475e+00
1.211408893531959352e+00
1.229454077477724061e+00
1.213416439137275260e+00
1.167863271914936885e+00
1.114291396091658060e+00
1.079829699793618758e+00
1.020939665681052988e+00
9.588339076291951812e-01
9.226169233286813931e-01
9.112163846395356925e-01
8.834604967694098532e-01
8.641263237740245406e-01
8.816694059948819717e-01
8.931022984597689618e-01
8.750694378933359108e-01
8.690141227411638525e-01
8.928588941265271917e-01
9.165269233023648487e-01
9.257040266671465734e-01
9.554504842632699502e-01
9.503067465774905909e-01
9.426223143338703370e-01
9.530029725664465046e-01
9.530375173754879192e-01
9.806913076541847740e-01
9.631879329987992344e-01
9.844179853374954714e-01
9.828988418427381246e-01
1.006064189809173559e+00
1.030669630460639086e+00
1.031978690576843993e+00
