2.250000000000000056e-01
0.000000000000000000e+00
0.000000000000000000e+00
0.000000000000000000e+00
0.000000000000000000e+00
0.000000000000000000e+00
0.000000000000000000e+00
0.000000000000000000e+00
0.000000000000000000e+00
0.000000000000000000e+00
0.000000000000000000e+00
0.000000000000000000e+00
0.000000000000000000e+00
0.000000000000000000e+00
0.000000000000000000e+00
0.000000000000000000e+00
0.000000000000000000e+00
0.000000000000000000e+00
0.000000000000000000e+00
0.000000000000000000e+00
0.000000000000000000e+00
0.000000000000000000e+00
0.000000000000000000e+00
0.000000000000000000e+00
0.000000000000000000e+00
0.000000000000000000e+00
0.000000000000000000e+00
0.000000000000000000e+00
0.000000000000000000e+00
1.447579623024380702e+00
1.428844125997432268e+00
1.356164038478721467e+00
1.371157494787049957e+00
1.354190062056668475e+00
1.334303476607351380e+00
1.315038975164737556e+00
1.293700818684546450e+00
1.280276930662807233e+00
1.250819275246168427e+00
1.229192669407044747e+00
1.213712114355079086e+00
1.193732416420592024e+00
1.189830728646238844e+00
1.173774922900577167e+00
1.168904087149770010e+00
1.152808837784793816e+00
1.144601914376714324e+00
1.141784555209140573e+00
1.158843015994561076e+00
1.155776679328764045e+00
1.173513995644903440e+00
1.163837085338480071e+00
1.106245008521755224e+00
1.061414512320984604e+00
1.046525248185237400e+00
1.029958297629588460e+00
1.019899976923380081e+00
1.013815824731137516e+00
9.991667650481096397e-01
9.926157875426613320e-01
9.815711438513907705e-01
1.001802293701279822e+00
1.020631691329816126e+00
1.021471682224500022e+00
1.009697581789539278e+00
1.009053091834956728e+00
1.008820400620776381e+00
9.920443526180030558e-01
9.844087326023828188e-01
9.769299762756102901e-01
9.666798667590877914e-01
9.869343578973099884e-01
9.879933788919900151e-01
9.739402888423233096e-01
1.006763973770244514e+00
1.012984368252303202e+00
1.017963048371797186e+00
1.027859778215768793e+00
1.032064764396902756e+00
1.037285243581296923e+00
1.041515073119537504e+00
1.052285835225398980e+00
1.060519124005934399e+00
1.059440681310790389e+00
1.061842087777157273e+00
1.063666179339501694e+00
1.066495325002256411e+00
1.066383211739908576e+00
1.085789219556924978e+00
1.100238440207690793e+00
1.110539107355619892e+00
1.134276792970005276e+00
1.161059838137042943e+00
1.163357858243352805e+00
1.168664585232936259e+00
1.176372117081640578e+00
1.177371449736899445e+00
1.184465992557927727e+00
1.175244298405119681e+00
1.143028070085053249e+00
