2.250000000000000056e-01
0.000000000000000000e+00
0.000000000000000000e+00
0.000000000000000000e+00
0.000000000000000000e+00
2.741529166592758249e-01
2.969269997711320719e-01
5.365764737272359364e-01
6.133693078721421665e-01
6.538504346281256430e-01
7.356520840753937307e-01
8.009684251609254790e-01
7.997912110504025174e-01
7.682905685869841905e-01
7.527231305923267612e-01
7.092261917940526628e-01
7.142878053230586888e-01
7.385438074454376833e-01
7.705918786680606702e-01
8.218450838287579829e-01
8.200095339451043408e-01
8.418334820306719868e-01
8.864284984845934856e-01
8.886026166157371398e-01
8.645224778993387815e-01
8.701901091452477477e-01
8.885550813115216107e-01
9.224564668042180005e-01
9.326399879472847543e-01
9.481615853266308624e-01
9.436910670406459811e-01
9.290777322939491878e-01
9.440881007119504842e-01
9.660955509137653108e-01
9.633290879337459423e-01
9.632664579380730840e-01
9.777610619910066525e-01
9.822895044686410504e-01
1.005219963935102934e+00
1.005100991395003085e+00
1.027013701534837287e+00
1.045817662302260587e+00
1.068950023213288025e+00
1.061572722610536479e+00
1.063085819627917372e+00
1.060809693500814888e+00
1.047725224836463020e+00
1.038692146275072892e+00
1.006538587683897035e+00
1.010117368140834415e+00
1.012945795892543410e+00
1.031409066614285219e+00
1.049279091820440435e+00
1.058982008942294772e+00
1.052730927326159360e+00
1.049017702367089688e+00
1.037981510441713384e+00
1.034978117266835529e+00
1.025055013771134726e+00
1.016520235274980477e+00
1.019811438422511429e+00
1.027576321379281010e+00
1.033352648976720189e+00
1.030690930526949156e+00
1.029451793189653630e+00
1.026173323914809421e+00
1.008226537312559845e+00
9.980742529713262368e-01
9.882870730269374127e-01
9.593490798658960150e-01
9.459657483566044078e-01
9.481378941657068182e-01
9.470288228744456749e-01
9.579806655229786694e-01
9.607305841914328681e-01
9.662017582212634181e-01
9.691717073616411549e-01
9.754151713613479213e-01
9.663962598789501701e-01
9.648923604328024650e-01
9.478608812336850598e-01
9.685652774091472184e-01
9.754965230465617587e-01
9.814559568918639343e-01
9.688642603150799948e-01
9.640126991653543698e-01
9.751025437842656407e-01
9.839737056812137839e-01
9.833523643017142435e-01
9.706526154228172221e-01
9.637498506261884534e-01
9.649401792387424237e-01
9.733739947788730973e-01
9.648472866215490606e-01
9.700307735847751855e-01
9.685067034999362834e-01
9.704472789225347951e-01
1.001024478790916827e+00
9.874071760718468038e-01
9.826822107361322667e-01
