2.250000000000000056e-01
0.000000000000000000e+00
0.000000000000000000e+00
0.000000000000000000e+00
0.000000000000000000e+00
2.799099959731506937e-01
2.799120368102864242e-01
2.587294612080948686e-01
2.617329724739332897e-01
3.066342610371715627e-01
3.057498802830490581e-01
3.060084397377486054e-01
3.138991049189547300e-01
3.606711323250033630e-01
3.639623427604349315e-01
3.668675177548916255e-01
3.719256573875336924e-01
4.074600637569916750e-01
4.286983997547895164e-01
4.356870508908628481e-01
4.391985737808276058e-01
4.421358107213552713e-01
4.836044844491519390e-01
5.032195145543908454e-01
5.045834527009851467e-01
5.168258111141800226e-01
5.198391964062017978e-01
5.668002770454064754e-01
1.545747114604998140e+00
1.630721629355792013e+00
1.661403504928234076e+00
1.704435037632502592e+00
1.665006564951268864e+00
1.666438007354703155e+00
1.624268240851384881e+00
1.554110331195370565e+00
1.488155960404216049e+00
1.436039459548677621e+00
1.388572831915285910e+00
1.387491058185518211e+00
1.328363369845602548e+00
1.266287993862767580e+00
1.302581048305770040e+00
1.242069198970343180e+00
1.217523676514936204e+00
1.176038944106531314e+00
1.158608322749679509e+00
1.096654958777820266e+00
1.072612768615218704e+00
1.039154984579216512e+00
1.036654764851884236e+00
1.017199746944525751e+00
9.405542795732559913e-01
9.773197105030957399e-01
9.483299987314962598e-01
1.017115392260418361e+00
1.067919038472181059e+00
1.148122676338408032e+00
1.478517085417551113e+00
1.545864791245889380e+00
1.571886833109075843e+00
1.597680926857181660e+00
1.609684297815497045e+00
1.604946019507424326e+00
1.581967029207127950e+00
1.570869146018023965e+00
1.614490304830495715e+00
1.607232441169718529e+00
1.608446525335986532e+00
1.587635035791563398e+00
1.582204667534526932e+00
1.569550168082564756e+00
1.503155917537798869e+00
1.484142076938059773e+00
1.467956979048008037e+00
1.447544287401567376e+00
1.452391671124739991e+00
1.445920131328620295e+00
1.447521886127390411e+00
1.442108731051439330e+00
1.440655351406465501e+00
1.428675479024309691e+00
1.416980504686272013e+00
1.407632567171400728e+00
1.402176551396147053e+00
1.418784990808214630e+00
1.422433682611893735e+00
1.438551977236654178e+00
1.480839813899207158e+00
1.511582307269286884e+00
1.507695256891701030e+00
1.562811370363066388e+00
1.553401248404320700e+00
1.552074353239855542e+00
1.534194466464036788e+00
1.495608040612722123e+00
1.480523992291903568e+00
1.458672461904121587e+00
1.437859687912178108e+00
1.449058160543728491e+00
