2.250000000000000056e-01
0.000000000000000000e+00
0.000000000000000000e+00
1.639695163674494693e-01
1.638976463141632589e-01
1.558779569730537329e-01
2.113836291944416468e-01
2.102502569574228042e-01
2.112629556985217705e-01
2.040793611138425334e-01
2.295613212344721765e-01
2.341232651669665210e-01
2.402598910310021763e-01
2.400094615604745074e-01
2.720835528189162744e-01
2.900967248413361399e-01
2.936747001942883739e-01
2.967042037906300056e-01
3.371217820236849239e-01
3.513866953222331002e-01
3.609083437299988595e-01
3.549084478917962082e-01
3.768237967438943237e-01
4.029616958627195156e-01
4.019170566838224379e-01
3.988132788133139095e-01
4.167051087229627915e-01
4.306016800757498375e-01
4.249419517360863985e-01
4.352279867179599804e-01
4.825100082144488378e-01
4.792757156106245975e-01
4.739109750007744482e-01
4.848163306985165955e-01
5.439002653076973059e-01
5.454944055692348970e-01
5.361314664831168253e-01
5.991807540410047928e-01
5.872843464151558113e-01
5.837825977351626117e-01
6.019684548146596592e-01
6.170420786074958253e-01
8.298530081655166590e-01
8.860008206506775341e-01
8.973060008969729884e-01
8.636406432401606548e-01
9.034563156034562947e-01
9.456006349236690811e-01
9.444581114742409689e-01
9.529021616787554105e-01
9.709572996100012121e-01
9.782286101937768263e-01
9.918776219450158305e-01
9.949582005994417333e-01
1.010725951028785374e+00
1.018531070144819584e+00
1.044759677966076605e+00
1.045835863525968801e+00
1.049651740581059922e+00
1.046460186596571251e+00
1.056298484822067341e+00
1.057553094024020757e+00
1.053641486509374614e+00
1.053024067478497194e+00
1.052134711947680268e+00
1.042965933422026259e+00
1.049165519570117056e+00
1.043642852866158988e+00
1.035515062980113976e+00
1.027824337858755932e+00
1.020841160725956875e+00
1.012241527461357204e+00
1.007593321649249640e+00
1.022424273174687759e+00
1.022372658200741746e+00
1.049725981659174190e+00
1.061246826601428772e+00
1.071464580271869860e+00
1.107829521072929424e+00
1.121635156163039326e+00
1.130521559733679737e+00
1.127478963028323067e+00
1.131946205804243988e+00
1.135726845852035538e+00
1.123349942686507008e+00
1.111120204477666240e+00
1.099654754386352185e+00
1.081646867306513604e+00
1.013160647401898595e+00
9.828047188546676916e-01
9.674784486799677952e-01
9.501423097842323084e-01
9.408871642490937992e-01
9.366981691886305805e-01
8.951927579185664507e-01
8.753452116537577821e-01
8.688171607509183048e-01
8.506819399424836448e-01
8.412760744423500858e-01
8.471672082928148884e-01
