2.250000000000000056e-01
0.000000000000000000e+00
0.000000000000000000e+00
0.000000000000000000e+00
0.000000000000000000e+00
0.000000000000000000e+00
0.000000000000000000e+00
0.000000000000000000e+00
0.000000000000000000e+00
0.000000000000000000e+00
0.000000000000000000e+00
0.000000000000000000e+00
0.000000000000000000e+00
0.000000000000000000e+00
0.000000000000000000e+00
0.000000000000000000e+00
1.580567922607349463e+00
1.581707502807806476e+00
1.507001960864185586e+00
1.429670885000360769e+00
1.425258556123518705e+00
1.402702931166305511e+00
1.150349327462283577e+00
1.019896855446124517e+00
9.948493833728121460e-01
9.956479137195762830e-01
1.027544758124312452e+00
1.049613970914583083e+00
1.100397384134920387e+00
1.182841887353213384e+00
1.192317669965568872e+00
1.226192415749984388e+00
1.239536196401318957e+00
1.305590574721856800e+00
1.327393918389328631e+00
1.376089858033780144e+00
1.396224964985286032e+00
1.451649939759565688e+00
1.497828394384316475e+00
1.555372050267895601e+00
1.562567727938403594e+00
1.583866019225721011e+00
1.603694324530736903e+00
1.579863053912587523e+00
1.581895832561330595e+00
1.581179221879484009e+00
1.568002015118295844e+00
1.554692588022853039e+00
1.556646301905177943e+00
1.543275381282774195e+00
1.524388233694905281e+00
1.507882602549629691e+00
1.506409177973390801e+00
1.520094772441795250e+00
1.523470362930080091e+00
1.526949117714286874e+00
1.522904441526131691e+00
1.511924770239809535e+00
1.512024869350935274e+00
1.496522324871207843e+00
1.492068270994790113e+00
1.481423993858015375e+00
1.464681138334141597e+00
1.451952117489029748e+00
1.439507682992799076e+00
1.431256499966601092e+00
1.421817596354032931e+00
1.416757619768837184e+00
1.396536243065214844e+00
1.363769169094762645e+00
1.337614657227311099e+00
1.324091477552560736e+00
1.317457269874368730e+00
1.355105727206548538e+00
1.389281850682569708e+00
1.419774296288687454e+00
1.436551519932436127e+00
1.444004574294840859e+00
1.433575704005468410e+00
1.432605043519596277e+00
1.430275793536330831e+00
1.426608233852804775e+00
1.452187614423199546e+00
1.463280603738720043e+00
1.459932948005855602e+00
1.455817839310076467e+00
1.469431349876209936e+00
1.492234459085465703e+00
1.500676195764591325e+00
1.502030994214852200e+00
1.500402648821646201e+00
1.507271754743690018e+00
1.501984072097770184e+00
1.511873402275285105e+00
1.505184327064223115e+00
1.489850761880709529e+00
1.480976609293056079e+00
1.464575742213402254e+00
1.448949855012342525e+00
1.449133624744039617e+00
