2.250000000000000056e-01
3.441555802439890538e-02
4.033954420073893737e-02
5.657823935809985771e-02
6.436873160967598873e-02
7.861380889692039242e-02
8.687612808422451316e-02
9.090134679712810750e-02
1.087385285528217754e-01
1.188647340454248719e-01
1.243282395634434517e-01
1.433520318424021389e-01
1.548103863825757431e-01
8.856618614200524320e-01
1.019820583307669892e+00
1.101052426455761513e+00
1.196848468666400711e+00
1.125310789526280608e+00
1.015047162117269641e+00
1.041552839071977266e+00
1.277796077723150070e+00
1.335134903028508013e+00
1.335043909327586764e+00
1.325158008461059245e+00
1.267764397191297743e+00
1.223723482925349604e+00
1.159435414966408562e+00
1.103665455041692001e+00
1.082580223157901589e+00
1.050121791316257047e+00
1.087367287324261245e+00
1.131242763371070437e+00
1.161126554419012580e+00
1.291293332812780470e+00
1.339881578290981423e+00
1.357418403308082722e+00
1.336156831368952247e+00
1.351930934872098478e+00
1.337963258980169323e+00
1.331577960708164143e+00
1.270666609365568078e+00
1.199212065383295611e+00
1.145585183564677756e+00
1.120912777141438665e+00
1.111992881098698760e+00
1.085635547629293374e+00
1.080249957900187852e+00
1.166487510213175538e+00
1.195581996752736131e+00
1.218118163691380262e+00
1.223355274266781034e+00
1.244082841674011286e+00
1.265928187166843966e+00
1.285151126241401265e+00
1.287250550865187693e+00
1.293732640180336846e+00
1.306099960003127114e+00
1.259575575576893147e+00
1.251604053831442798e+00
1.243634079629021505e+00
1.253721880378197762e+00
1.279136057639560065e+00
1.299948676981122819e+00
1.322457664285884960e+00
1.341516149893367649e+00
1.351991453398496690e+00
1.369069536914896856e+00
1.389373380458556406e+00
1.414602616191564355e+00
1.424033109036456191e+00
1.461463264355892910e+00
1.479614762719442034e+00
1.495717578518560797e+00
1.522341764422378230e+00
1.539155297274512613e+00
1.576961835623162278e+00
1.610348037533349874e+00
1.623893442970327561e+00
1.631257803303082676e+00
1.627078719478199487e+00
1.625834041369711436e+00
1.626881061806674467e+00
1.627460080384069974e+00
1.621751773987137657e+00
1.612403118927791645e+00
1.617762329733433369e+00
1.629385927763972175e+00
1.633728019031881029e+00
1.623396410041223925e+00
1.651160924899967020e+00
1.668369482938655057e+00
1.689795533538118955e+00
1.690199202723741800e+00
1.685044484287977706e+00
1.705414578333041664e+00
1.697206055589583817e+00
1.706726011832708112e+00
1.698395311419989007e+00
1.686580186539016202e+00
1.663217817147128574e+00
