2.250000000000000056e-01
0.000000000000000000e+00
6.933075195055903028e-02
6.932440211801034480e-02
1.002963647830017180e-01
1.006931836386994322e-01
9.206185114740933484e-02
1.336967167040090110e-01
1.343276010062845749e-01
1.392568091821357601e-01
1.594873236293421204e-01
1.716130947578299037e-01
2.024446666821052287e-01
2.029521957613903138e-01
2.293083333709075855e-01
2.446460590875525198e-01
2.876229620466713710e-01
3.403007546442685660e-01
4.279883344583585991e-01
4.548117506692208600e-01
4.682055501890368676e-01
4.926480893266798056e-01
4.965103252823224733e-01
5.019742661605841594e-01
5.034225294897594072e-01
5.092519129205741457e-01
4.948138890040055804e-01
4.900097641296619067e-01
4.801674205201948986e-01
4.670221285474593920e-01
4.686850235166837297e-01
4.699386601507935524e-01
4.682892636640746398e-01
4.489138616479503852e-01
4.380875278655909089e-01
4.519020612672243198e-01
4.696320062422018604e-01
4.944989071736387576e-01
5.054287625192525057e-01
5.094195498635890607e-01
5.154701495434655945e-01
5.250472196808784187e-01
5.303336290293243493e-01
5.356829998525569625e-01
5.413498434243499968e-01
5.393613811631078336e-01
5.340532644490256775e-01
5.404522041080002115e-01
5.344536889444893024e-01
5.312292144096875113e-01
5.351971504311802130e-01
5.404238448581087928e-01
5.408090065291697446e-01
5.393230942476477940e-01
5.379116879468306411e-01
5.284765547750563952e-01
5.303514661911884476e-01
5.291231470706058149e-01
5.330934842595551615e-01
5.306440085474927182e-01
5.282525150015091597e-01
5.291398230497299515e-01
5.357178697687058344e-01
5.349513682960325145e-01
5.338991629919411785e-01
5.367919797523001968e-01
5.363938033433046648e-01
5.351657204538676771e-01
5.274867000373951731e-01
5.294054881646605981e-01
5.329456962879065562e-01
5.383670049830262538e-01
5.385789158838050206e-01
5.414510624278674467e-01
5.431347981285418181e-01
5.446907858026053262e-01
5.429341784235226509e-01
5.403511993655001344e-01
5.422577968189629116e-01
5.406809314648218789e-01
5.414842506570499703e-01
5.376986142449829975e-01
5.351219487848818401e-01
5.356422137378917814e-01
5.376682138880279904e-01
5.358145062254356938e-01
5.335179620507883858e-01
5.293974673464006964e-01
5.279948221411252529e-01
5.228770921888998835e-01
5.258018590153704652e-01
5.298394029626659618e-01
5.295953680521308105e-01
5.287274290176813274e-01
5.300722020686733371e-01
5.284852719129563559e-01
5.262744146711187954e-01
5.305338107117887336e-01
5.308623440497355350e-01
5.266074946881967866e-01
