2.250000000000000056e-01
0.000000000000000000e+00
0.000000000000000000e+00
1.457424001180797068e+00
1.462739854783834170e+00
1.241742919098282938e+00
1.177523102010455736e+00
1.103560666994976458e+00
1.149726456183459256e+00
1.133966172010643092e+00
1.109547522303719003e+00
1.079318046700183720e+00
1.055398857269315149e+00
1.064336148771282797e+00
1.061356763392898195e+00
1.047243145804662712e+00
1.032327152259411296e+00
1.025397636054447226e+00
1.027322130902564856e+00
1.036145086021774686e+00
1.048236419741116920e+00
1.048645310883182802e+00
1.079226739434455462e+00
1.088028451335464553e+00
1.087746065543496288e+00
1.090237816222931366e+00
1.079107937364593761e+00
1.066840968928209898e+00
1.059937999631557215e+00
1.051063483939209009e+00
1.042683523839920356e+00
1.039314755907495114e+00
1.018593317708414103e+00
1.033767972541546287e+00
1.055828739821024875e+00
1.044326047778239674e+00
1.048216130323194273e+00
1.080690594153075779e+00
1.110580116587081667e+00
1.136678954098845784e+00
1.146787927981254063e+00
1.152578877917675104e+00
1.143426708681863468e+00
1.134915131092203211e+00
1.122591939528199134e+00
1.113648289481404818e+00
1.097954433302062549e+00
1.095291264204651283e+00
1.109619997823896309e+00
1.128319552492566435e+00
1.123641190865345862e+00
1.109515230358039561e+00
1.093948437779121319e+00
1.099796987724567021e+00
1.094351297008871571e+00
1.095062118800349316e+00
1.086258317057278378e+00
1.078202963661759828e+00
1.070838490964602929e+00
1.069065755662471862e+00
1.067336746813662085e+00
1.072938307915758172e+00
1.071108103995073169e+00
1.071756474846425222e+00
1.073245071556823138e+00
1.079403986133488758e+00
1.081310548277323758e+00
1.073376014069962636e+00
1.064068160264466600e+00
1.065536018407073904e+00
1.068689845613298273e+00
1.070618584180053290e+00
1.070667416457613541e+00
1.062979882135495213e+00
1.057270454397048809e+00
1.061029362363238526e+00
1.063688158893434821e+00
1.065180524640995330e+00
1.067567464297101143e+00
1.075558054117374374e+00
1.076481537505083352e+00
1.081072523077582170e+00
1.084203655881159856e+00
1.089332442749913143e+00
1.093712337237276344e+00
1.091622569459549608e+00
1.088774636519397987e+00
1.085675307293126224e+00
1.085754534376546898e+00
1.087419430660411468e+00
1.088199635358454653e+00
1.087748240518442655e+00
1.089857634669506359e+00
1.099192982766914461e+00
1.097623990126494808e+00
1.095840530411889446e+00
1.095345901389646937e+00
1.095711662154578603e+00
1.094945938032000132e+00
1.094175911811497759e+00
