2.250000000000000056e-01
0.000000000000000000e+00
0.000000000000000000e+00
0.000000000000000000e+00
0.000000000000000000e+00
1.488989879354611245e+00
1.533800358836341138e+00
1.534106776189511745e+00
1.496040617682105944e+00
1.464416433083536973e+00
1.490968330277691933e+00
1.469270758262313903e+00
1.448925498123970979e+00
1.483091708279752785e+00
1.515590075889924337e+00
1.446331924924338042e+00
1.424682765901759574e+00
1.459431696005267121e+00
1.459666886446122414e+00
1.440605287416495628e+00
1.414747754651239475e+00
1.412326120006041297e+00
1.410256853003776012e+00
1.447952452731161577e+00
1.429233318296703192e+00
1.412427904674805834e+00
1.411367704336282225e+00
1.423200973741982844e+00
1.406285744095645773e+00
1.426186745178668058e+00
1.445150835205710971e+00
1.442571051479846433e+00
1.445064882154717179e+00
1.428466662716005420e+00
1.381851651535682901e+00
1.377366930757097485e+00
1.374879830492744093e+00
1.361113541649829450e+00
1.303608971769978808e+00
1.277721896680756419e+00
1.254008849971076645e+00
1.232008363906973436e+00
1.204453792795607159e+00
1.197174389323675481e+00
1.198463281019205295e+00
1.139596727879584215e+00
1.123753569966282617e+00
1.094106574257506015e+00
1.040507924287848773e+00
1.014025638630476456e+00
9.668173347693468367e-01
9.707114077590687229e-01
1.201288418406343261e+00
1.265926978349221077e+00
1.307386183678516556e+00
1.273933193680518272e+00
1.295441272557658730e+00
1.296893297886403840e+00
1.327359712336674935e+00
1.322780809892680098e+00
1.356266380536904625e+00
1.362205464546468736e+00
1.347234010561387585e+00
1.343055819282569896e+00
1.323633303519686777e+00
1.312219719383839189e+00
1.301334968773125489e+00
1.282431422712941860e+00
1.262011076149380351e+00
1.247222421969538031e+00
1.217723558687197949e+00
1.217652700603454985e+00
1.197773291132023132e+00
1.245221469773490020e+00
1.259591435055821496e+00
1.261722875873866112e+00
1.236442206836011692e+00
1.212729475104239896e+00
1.242579796440478335e+00
1.207367738943278423e+00
1.205391086343908347e+00
1.175322303266282065e+00
1.147951257549180815e+00
1.142491411189362260e+00
1.138638180339532235e+00
1.121380086301151602e+00
1.090064597409078129e+00
1.083011257554174156e+00
1.064177174168714712e+00
1.066174457206001680e+00
1.075188607214897951e+00
1.087218080349602989e+00
1.099723920174758840e+00
1.093108259888734057e+00
1.092351504882843383e+00
1.080084561367652629e+00
1.078124319036253054e+00
1.062046219170672323e+00
1.060537495622316584e+00
1.056031483216731015e+00
