2.250000000000000056e-01
0.000000000000000000e+00
0.000000000000000000e+00
0.000000000000000000e+00
0.000000000000000000e+00
1.112953157994657216e+00
1.095703567961031855e+00
1.068396264611037871e+00
1.067593340587580819e+00
1.057502077484177017e+00
9.679288693331417059e-01
9.436509526811897031e-01
9.489424974157202319e-01
9.461295908234699237e-01
9.090947261258288670e-01
8.823870779001509179e-01
8.694479009574835882e-01
8.654819136937204060e-01
8.763116624099696050e-01
8.745929258512950000e-01
8.810430828628501576e-01
8.775014630733998233e-01
8.756894571096306423e-01
9.073994345041619392e-01
8.484686386450217555e-01
7.651673915843444362e-01
7.248636412197630996e-01
7.063881891927146217e-01
6.964148775804397395e-01
7.421439349788542250e-01
7.591590568764771119e-01
7.674147782244322702e-01
7.996432978858192264e-01
8.066018205874484481e-01
8.099450366295827264e-01
8.231735917047252604e-01
8.218257827935280257e-01
7.852406588397949916e-01
7.648651929681813399e-01
7.544085934854697362e-01
7.578035966307464788e-01
7.948857822075220403e-01
8.208063601445216850e-01
8.240132625404793520e-01
8.551119501236024156e-01
8.676814035902745692e-01
8.762562267029472274e-01
8.816764259425630135e-01
8.875296948309635559e-01
8.918637950863896879e-01
8.995859268721572155e-01
9.137719579855453356e-01
9.258644272152323218e-01
9.366249872153307177e-01
9.320375482992334648e-01
9.341415716662622160e-01
9.311001658015091165e-01
9.271012126887091531e-01
9.244628730538368977e-01
9.181806197441584327e-01
9.204067904923852739e-01
9.234811881936259015e-01
9.193408111667640270e-01
9.076915020877037721e-01
8.987501023262491895e-01
8.869420681719316635e-01
8.898444938157783479e-01
8.891512505417098478e-01
8.879117289514301126e-01
8.907202541306299404e-01
8.959230874699489755e-01
8.912274234607246992e-01
8.923176302901933976e-01
8.973941281245637613e-01
8.989077361648598608e-01
8.988585033547809022e-01
8.961798259963512647e-01
8.798603718243526162e-01
8.750220456526431878e-01
8.679239992562813866e-01
8.568068524217002935e-01
8.516034325197299193e-01
8.400440146698849864e-01
8.216395884203271383e-01
8.034234281260681509e-01
7.952096978766960422e-01
7.897421783931992678e-01
7.903753484458090339e-01
7.875648141510466216e-01
7.920439715661709013e-01
7.883974523188707062e-01
7.919621603500989204e-01
7.975013122068045357e-01
7.996670080439899353e-01
7.964558272739526990e-01
7.874462336302006094e-01
7.845381147370408259e-01
7.880339870970061167e-01
7.938268148348279762e-01
8.235853355088710304e-01
