2.250000000000000056e-01
0.000000000000000000e+00
0.000000000000000000e+00
0.000000000000000000e+00
1.111755659686092690e+00
1.099104043927665142e+00
1.093544348849677661e+00
1.103970121470252419e+00
1.099184660877174258e+00
1.083468253080749344e+00
1.056494027516944101e+00
1.052675035887507216e+00
1.042806240203860479e+00
1.018504750928442171e+00
9.908192052393781646e-01
9.615376891264227899e-01
9.915798631800472052e-01
9.825371043446901043e-01
9.625947090139181928e-01
9.559772827955212993e-01
9.561355437420760994e-01
9.622122951619697107e-01
9.491160312203618110e-01
9.234760136927179230e-01
8.862252851616675420e-01
8.649013526164136545e-01
8.780016717511103241e-01
8.637065750729865377e-01
8.331185332434265511e-01
8.203016314151757582e-01
8.027780537841232578e-01
7.992474857458408133e-01
8.056990486916247862e-01
8.087493553253656264e-01
8.187273048849857959e-01
8.194869255176538969e-01
8.193337758880153698e-01
8.177174854211370914e-01
8.181398451432743135e-01
8.206523952032391822e-01
8.233391507101499585e-01
8.321158058315027972e-01
8.469184916713772271e-01
8.658319132101031101e-01
8.562155921937310010e-01
8.561667941178436880e-01
8.601457771024881849e-01
8.506004453683726485e-01
8.465167642769965139e-01
8.367531913097548957e-01
8.364808210232888008e-01
8.381520262955033385e-01
8.528374140921449742e-01
8.483092275207544386e-01
8.473608885513381761e-01
8.486675988984276886e-01
8.395626077299621626e-01
8.299175938231021510e-01
8.297653692857710483e-01
8.287802009149254356e-01
8.425920464944507415e-01
8.513731116138359978e-01
8.520232821812431245e-01
8.477656530898460829e-01
8.332893032250107135e-01
8.222811311720071847e-01
8.122442781007314094e-01
8.050435753610148959e-01
7.920361908316512212e-01
7.881882214125107700e-01
7.924478578231024528e-01
8.015672943324720912e-01
8.042609594531053840e-01
8.073690873616050645e-01
7.979074029273933721e-01
8.100341371801619283e-01
8.091212601140319594e-01
8.125022063996025778e-01
8.107771751141197303e-01
8.002123220152477234e-01
7.928638930792470951e-01
8.067661638420858816e-01
8.037964769965639800e-01
7.979372038619846341e-01
7.933615985128597003e-01
7.854484728431994078e-01
7.826422545483456839e-01
7.826102675701532840e-01
7.813958616464196094e-01
7.854028904271971312e-01
7.807340002178124738e-01
7.748704402733531671e-01
7.707231591769531098e-01
7.682124614858519829e-01
7.668037786471753048e-01
7.638390357088578053e-01
7.773516745938575667e-01
7.795496914885453599e-01
7.736418424046851428e-01
7.701669531727617368e-01
