2.250000000000000056e-01
0.000000000000000000e+00
0.000000000000000000e+00
0.000000000000000000e+00
0.000000000000000000e+00
0.000000000000000000e+00
0.000000000000000000e+00
0.000000000000000000e+00
0.000000000000000000e+00
0.000000000000000000e+00
0.000000000000000000e+00
0.000000000000000000e+00
0.000000000000000000e+00
0.000000000000000000e+00
0.000000000000000000e+00
0.000000000000000000e+00
0.000000000000000000e+00
1.102721451582522327e+00
1.199892826050759087e+00
1.105615157393184056e+00
1.185707476710712305e+00
1.116465052740896358e+00
1.171993441308785355e+00
1.113283132239100137e+00
1.258363121797670514e+00
1.281120138917089646e+00
1.262477908702202445e+00
1.252050484710746314e+00
1.275465734268560691e+00
1.279142124435201699e+00
1.245320103002118373e+00
1.247548259591005237e+00
1.259993652660153396e+00
1.249584701099857531e+00
1.249995317618361135e+00
1.264682472284504033e+00
1.292868026875487075e+00
1.293574717866180057e+00
1.314108435399673924e+00
1.316268402458317999e+00
1.323347522304976431e+00
1.323434886621364326e+00
1.332876373635858869e+00
1.349154747778924968e+00
1.384425017519959278e+00
1.380831089107910747e+00
1.377532445732305710e+00
1.372366725199532400e+00
1.361129691819935816e+00
1.347738343263835015e+00
1.311033244872917392e+00
1.280119582382257537e+00
1.258447119467660302e+00
1.239914409886773372e+00
1.202735659030730542e+00
1.174354055907698591e+00
1.169672091464828423e+00
1.149388356651105170e+00
1.121406918105468442e+00
1.121122503597184128e+00
1.117096440798504897e+00
1.125102411924778334e+00
1.127620856772945768e+00
1.107881909285575617e+00
1.076086147550781691e+00
1.158451279614868046e+00
1.199598158023865491e+00
1.214641359296815937e+00
1.260943591243504303e+00
1.283985179746987004e+00
1.289216094587597894e+00
1.282016340509180008e+00
1.245990099643568882e+00
1.234087218548158171e+00
1.188919078374540916e+00
1.166681599276870429e+00
1.135615729423699483e+00
1.119278100120691954e+00
1.102906439060642896e+00
1.102553352658850683e+00
1.102510668245357817e+00
1.109505099480011525e+00
1.110401215301806355e+00
1.123450529797986874e+00
1.131545299219923528e+00
1.128835578139592677e+00
1.146199874586631307e+00
1.170398004455058150e+00
1.167829824401597438e+00
1.181383059261398527e+00
1.185572237309008958e+00
1.203103466815090616e+00
1.205316201378361374e+00
1.191339647212357411e+00
1.170799667646504449e+00
1.164148108553966221e+00
1.153458283238230964e+00
1.135822912724150369e+00
1.131503724729593818e+00
1.130871637769175209e+00
