2.250000000000000056e-01
0.000000000000000000e+00
0.000000000000000000e+00
0.000000000000000000e+00
0.000000000000000000e+00
0.000000000000000000e+00
0.000000000000000000e+00
0.000000000000000000e+00
0.000000000000000000e+00
0.000000000000000000e+00
0.000000000000000000e+00
0.000000000000000000e+00
0.000000000000000000e+00
0.000000000000000000e+00
0.000000000000000000e+00
0.000000000000000000e+00
0.000000000000000000e+00
0.000000000000000000e+00
0.000000000000000000e+00
0.000000000000000000e+00
0.000000000000000000e+00
0.000000000000000000e+00
0.000000000000000000e+00
0.000000000000000000e+00
0.000000000000000000e+00
0.000000000000000000e+00
0.000000000000000000e+00
0.000000000000000000e+00
0.000000000000000000e+00
0.000000000000000000e+00
0.000000000000000000e+00
0.000000000000000000e+00
0.000000000000000000e+00
0.000000000000000000e+00
0.000000000000000000e+00
0.000000000000000000e+00
0.000000000000000000e+00
0.000000000000000000e+00
0.000000000000000000e+00
0.000000000000000000e+00
0.000000000000000000e+00
0.000000000000000000e+00
1.020299231161410497e-01
1.751692813905213475e-01
2.144841926130346688e-01
4.534970660637734352e-01
5.160927463710487384e-01
5.004560939836296685e-01
5.070316418157718719e-01
6.207365692430077964e-01
5.695772524015071392e-01
5.775656342259644083e-01
5.833912783456406403e-01
5.973440935751390679e-01
6.034306664447417479e-01
6.142610880026876385e-01
6.096372489514351178e-01
6.136063722578787294e-01
6.196845686716300206e-01
6.169251627124318071e-01
6.298601257204660131e-01
6.567629928992170241e-01
6.729877941570470146e-01
6.891508607465823832e-01
6.971056477435140231e-01
6.979169322737834857e-01
6.972044928036277289e-01
6.846023856167036126e-01
6.741193948630133104e-01
6.729913625111985098e-01
6.725722573649699498e-01
6.725183761788410264e-01
6.748639281594414063e-01
6.641452630791346845e-01
6.592990209928516476e-01
6.616221454429475068e-01
6.681954236166938177e-01
6.663039854825809627e-01
6.682771858166774992e-01
6.671169803984927649e-01
6.617443689786496330e-01
6.511664692228334994e-01
6.491434077932008995e-01
6.352942287609033567e-01
6.376349230136149071e-01
6.339408860875752616e-01
6.356572775789073315e-01
6.294286041190840786e-01
6.342494192026595368e-01
6.343503348415269194e-01
6.426383358764469200e-01
6.497312180847170104e-01
6.532666740968087193e-01
6.552858489336521597e-01
6.530871463418742584e-01
6.539056717779250238e-01
6.433213051076359656e-01
6.352770784639411028e-01
6.243094399555910723e-01
6.269017791884646806e-01
