2.250000000000000056e-01
0.000000000000000000e+00
2.156568217111773045e+00
2.132354915762199266e+00
2.100825282472322808e+00
2.083255174286407829e+00
2.057824834194833308e+00
2.020052861580061254e+00
1.944212586722014580e+00
1.865806017367237279e+00
1.544109725904239561e+00
1.355158108652279259e+00
1.307960549191919952e+00
1.257233391203445239e+00
1.223289224620307980e+00
1.203895101259070399e+00
1.359447957760341330e+00
1.365241529202968485e+00
1.416200421585057878e+00
1.485132427003901245e+00
1.520197866322115399e+00
1.498799446885088482e+00
1.499250003955870714e+00
1.482000444432335806e+00
1.448225442528150442e+00
1.431606256933903643e+00
1.423793332513068499e+00
1.426112183871495853e+00
1.455161564357364101e+00
1.436806478941085929e+00
1.421881613257139021e+00
1.404558767992556856e+00
1.412396732705327507e+00
1.402246355952692314e+00
1.396154179292080633e+00
1.410068547780519710e+00
1.402961996517337218e+00
1.421363784525005558e+00
1.450941434224662485e+00
1.435382714095258860e+00
1.442844721477941849e+00
1.459948111281128558e+00
1.489355955407784871e+00
1.499589011300863861e+00
1.507815683891336578e+00
1.489071065752735068e+00
1.462385842379797296e+00
1.450435698634044090e+00
1.422628700956210190e+00
1.411492153139513039e+00
1.394516102956075976e+00
1.391158042323466848e+00
1.371913149657382203e+00
1.360375932650535802e+00
1.354041529927415777e+00
1.351892919231049595e+00
1.363362564404790644e+00
1.369875477020034982e+00
1.372211939098922917e+00
1.383451261896385232e+00
1.399531271444744762e+00
1.422178527936319714e+00
1.421214690967662841e+00
1.421951278335452429e+00
1.417128072331236499e+00
1.414425900135798830e+00
1.406405306827895663e+00
1.408873226170057835e+00
1.416852974904173612e+00
1.419196350035221155e+00
1.406470710652677925e+00
1.403067230831108514e+00
1.399925689314128752e+00
1.397191322569910632e+00
1.387482659739342594e+00
1.391910107461973967e+00
1.398278429120993538e+00
1.397183352025592074e+00
1.398341203850250070e+00
1.399664217845345338e+00
1.395352935012195150e+00
1.406504155694911384e+00
1.414048387281561014e+00
1.425045262797653089e+00
1.437409556031040037e+00
1.441058477836825169e+00
1.448022294533417353e+00
1.447230533813108844e+00
1.448218750509580932e+00
1.432176817727428331e+00
1.415285496060285197e+00
1.415313144305627269e+00
1.418720610209918132e+00
1.415033108985648491e+00
1.407671392657894538e+00
1.399259610388325470e+00
1.402227924695248484e+00
1.402350035353163271e+00
1.390752621575251258e+00
1.393612242653985200e+00
