2.250000000000000056e-01
0.000000000000000000e+00
0.000000000000000000e+00
1.386707333844038326e-01
2.981452539988732608e-01
3.133577673034751432e-01
4.791294933075697648e-01
5.740852006834645804e-01
6.320893462096959237e-01
6.180092287891528757e-01
7.505375174621019552e-01
8.007124762768850212e-01
8.680666635906912898e-01
9.893209482153808576e-01
1.022250487694689181e+00
9.904044078956724118e-01
9.619582285115715337e-01
9.438543581170153463e-01
9.532331764271220198e-01
9.613750984842059921e-01
9.626111917867731238e-01
9.670892382828244482e-01
9.842803870633785035e-01
9.735514670767648759e-01
9.516268191859351688e-01
9.328010927168230992e-01
9.486547924544166399e-01
9.575013102116458619e-01
9.525511564871577130e-01
9.678014731939207360e-01
9.809599193976484832e-01
9.745696133891060819e-01
9.690277811742167291e-01
9.587974942362424979e-01
9.483173835152727271e-01
9.433018247959801261e-01
9.641676153537434013e-01
9.710143364090404461e-01
9.786619686799513662e-01
9.743406808746432057e-01
9.626613121256430983e-01
9.514000685269681235e-01
9.432044041557857694e-01
9.500738783165151302e-01
9.536755663816722794e-01
9.588640336120282104e-01
9.730311935565728598e-01
9.686976535762494844e-01
9.653402241109577675e-01
9.648597502405877879e-01
9.570570530073069238e-01
9.529947428313809699e-01
9.614081122314908079e-01
9.548738217908928627e-01
9.606075388782495672e-01
9.619184929594991607e-01
9.561994767648404059e-01
9.599361665236019192e-01
9.628342068363646700e-01
9.567674703190368612e-01
9.553682033839469012e-01
9.485660511842927134e-01
9.470819144270318235e-01
9.515812857669494473e-01
9.569405304435828485e-01
9.564509370429591373e-01
9.580729454211286411e-01
9.617487076541694213e-01
9.732948027441445937e-01
9.709482484312484951e-01
9.707366495752297597e-01
9.684841750729585863e-01
9.658420205086798438e-01
9.716283678344372898e-01
9.770576725096390414e-01
9.898378129626830280e-01
9.942333290041457383e-01
9.917639701452953815e-01
9.953438253334401242e-01
9.940541313283888236e-01
9.909795303237773911e-01
9.906121015894124859e-01
9.864453860545375763e-01
9.940954196670990228e-01
9.941230355928853957e-01
9.974788391492357409e-01
9.960695011052118630e-01
9.972948465470172774e-01
9.990254196135048836e-01
9.947848540280904706e-01
9.910112506341887118e-01
9.858649554658259762e-01
9.880225444004764324e-01
9.796193998637017231e-01
9.758024862705763081e-01
9.629798375605810312e-01
9.548480997555234273e-01
9.508441716608893035e-01
9.511034737342838330e-01
9.459599334438463236e-01
