2.250000000000000056e-01
0.000000000000000000e+00
0.000000000000000000e+00
1.181884787441371598e+00
1.291102171768606421e+00
1.491863309395913051e+00
1.377190754544908469e+00
1.169421653664833194e+00
1.280976772992611812e+00
1.293416828146273012e+00
1.337090141336937821e+00
1.378549093587750463e+00
1.411138054499840422e+00
1.439343874052900540e+00
1.462686845413944559e+00
1.417124739626429930e+00
1.397232796657738030e+00
1.401897463719194104e+00
1.417484714363404175e+00
1.421185812491474465e+00
1.421912273680033367e+00
1.412252324681687154e+00
1.404101148630942264e+00
1.396896236523090584e+00
1.398811932558528648e+00
1.407400432376606059e+00
1.400029714607757159e+00
1.403788159533638114e+00
1.403152138331661636e+00
1.423002368301513165e+00
1.437395866141423673e+00
1.433065102149754466e+00
1.437107064376168974e+00
1.437122338116582743e+00
1.439037283214944729e+00
1.443486013348387775e+00
1.443556707210207346e+00
1.451497894697019397e+00
1.465937587518083118e+00
1.466730276545039402e+00
1.478493879166232094e+00
1.467476289862337024e+00
1.475250639938059161e+00
1.492628304181850663e+00
1.528361222726322577e+00
1.534503049224498650e+00
1.492811549592051534e+00
1.456161396239977313e+00
1.463278794494617507e+00
1.473741546239709654e+00
1.494657588691465921e+00
1.438947062200615301e+00
1.425188594812115017e+00
1.450194231577561110e+00
1.463422235134189675e+00
1.457319630655411480e+00
1.479763998801263636e+00
1.461493920780756683e+00
1.420735841713728798e+00
1.414899239104828732e+00
1.422004644264310169e+00
1.457077215027746675e+00
1.396435118135905373e+00
1.405047514046069645e+00
1.404171805707503218e+00
1.404054399779465223e+00
1.393202414149678825e+00
1.418697242402002123e+00
1.429262633511206193e+00
1.407325437913027999e+00
1.422160639725672304e+00
1.418187683474338989e+00
1.399094384840759542e+00
1.396618330259886243e+00
1.384338805344748069e+00
1.386347465291304815e+00
1.405406668409536541e+00
1.395443025474853549e+00
1.411339695481959922e+00
1.427795677431844767e+00
1.395041795947681296e+00
1.359187344517418961e+00
1.358762547789127195e+00
1.370569778552220397e+00
1.381182349028949874e+00
1.376542660634939796e+00
1.381003339955317433e+00
1.375554584844931316e+00
1.366405284410514342e+00
1.364506329605240875e+00
1.364116606211507987e+00
1.372799729208931563e+00
1.384823758223732604e+00
1.388732780201269001e+00
1.395359708635802276e+00
1.394629902930261567e+00
1.403357198102471948e+00
1.406284814145503548e+00
1.403700400266184811e+00
1.390135432660824399e+00
