2.250000000000000056e-01
0.000000000000000000e+00
0.000000000000000000e+00
0.000000000000000000e+00
0.000000000000000000e+00
0.000000000000000000e+00
0.000000000000000000e+00
0.000000000000000000e+00
0.000000000000000000e+00
0.000000000000000000e+00
0.000000000000000000e+00
0.000000000000000000e+00
0.000000000000000000e+00
0.000000000000000000e+00
0.000000000000000000e+00
0.000000000000000000e+00
0.000000000000000000e+00
0.000000000000000000e+00
0.000000000000000000e+00
0.000000000000000000e+00
0.000000000000000000e+00
0.000000000000000000e+00
0.000000000000000000e+00
0.000000000000000000e+00
0.000000000000000000e+00
0.000000000000000000e+00
0.000000000000000000e+00
0.000000000000000000e+00
0.000000000000000000e+00
0.000000000000000000e+00
0.000000000000000000e+00
0.000000000000000000e+00
0.000000000000000000e+00
0.000000000000000000e+00
0.000000000000000000e+00
0.000000000000000000e+00
0.000000000000000000e+00
0.000000000000000000e+00
0.000000000000000000e+00
0.000000000000000000e+00
0.000000000000000000e+00
0.000000000000000000e+00
0.000000000000000000e+00
0.000000000000000000e+00
0.000000000000000000e+00
0.000000000000000000e+00
0.000000000000000000e+00
0.000000000000000000e+00
0.000000000000000000e+00
0.000000000000000000e+00
0.000000000000000000e+00
0.000000000000000000e+00
0.000000000000000000e+00
0.000000000000000000e+00
0.000000000000000000e+00
0.000000000000000000e+00
0.000000000000000000e+00
0.000000000000000000e+00
0.000000000000000000e+00
0.000000000000000000e+00
0.000000000000000000e+00
0.000000000000000000e+00
0.000000000000000000e+00
0.000000000000000000e+00
0.000000000000000000e+00
0.000000000000000000e+00
0.000000000000000000e+00
8.820741270978331439e-02
1.250426493822858198e-01
1.482470529041054197e-01
1.809767673681945410e-01
1.902700281838601293e-01
2.116817396069612112e-01
2.280466450837556336e-01
2.575209315725295878e-01
2.840935588684480595e-01
2.870031221341988736e-01
2.976019383850858624e-01
3.138906787369348250e-01
3.193441534185383901e-01
3.464557807803642642e-01
3.647589609347869355e-01
3.837741151853941157e-01
4.051267557481286752e-01
4.362176601225141725e-01
4.485830851810589937e-01
4.590207321805971907e-01
4.643382457017900533e-01
4.768138866095040784e-01
4.918811946605043950e-01
5.093273223431444841e-01
5.279671770619441817e-01
5.421812616311154631e-01
5.495836251562195018e-01
5.488063688254664063e-01
5.603709027727760139e-01
5.745257670530835581e-01
5.762555389864330024e-01
5.762957781496509391e-01
5.813195217914801649e-01
