2.250000000000000056e-01
0.000000000000000000e+00
0.000000000000000000e+00
0.000000000000000000e+00
0.000000000000000000e+00
0.000000000000000000e+00
0.000000000000000000e+00
0.000000000000000000e+00
0.000000000000000000e+00
0.000000000000000000e+00
0.000000000000000000e+00
0.000000000000000000e+00
0.000000000000000000e+00
0.000000000000000000e+00
0.000000000000000000e+00
0.000000000000000000e+00
0.000000000000000000e+00
0.000000000000000000e+00
0.000000000000000000e+00
0.000000000000000000e+00
0.000000000000000000e+00
0.000000000000000000e+00
0.000000000000000000e+00
0.000000000000000000e+00
0.000000000000000000e+00
0.000000000000000000e+00
0.000000000000000000e+00
0.000000000000000000e+00
0.000000000000000000e+00
0.000000000000000000e+00
0.000000000000000000e+00
0.000000000000000000e+00
0.000000000000000000e+00
0.000000000000000000e+00
0.000000000000000000e+00
0.000000000000000000e+00
0.000000000000000000e+00
0.000000000000000000e+00
0.000000000000000000e+00
0.000000000000000000e+00
0.000000000000000000e+00
0.000000000000000000e+00
0.000000000000000000e+00
0.000000000000000000e+00
0.000000000000000000e+00
0.000000000000000000e+00
0.000000000000000000e+00
0.000000000000000000e+00
0.000000000000000000e+00
0.000000000000000000e+00
0.000000000000000000e+00
0.000000000000000000e+00
0.000000000000000000e+00
0.000000000000000000e+00
2.404591460783249771e-02
6.868804922248532285e-02
9.834905686688986959e-02
1.268155837437507927e-01
1.463943260902132171e-01
1.680488452302920377e-01
1.866706839423231679e-01
2.105974747077570541e-01
2.280851670363152062e-01
2.510397546866124929e-01
2.703782850508581470e-01
2.922154164712897351e-01
4.118805737297921432e-01
4.796671848597228172e-01
5.177845836311705252e-01
5.402642735812355212e-01
5.726044319488008405e-01
9.406690648765984042e-01
1.043361058686248732e+00
1.079979594841045110e+00
1.090712199843410390e+00
1.094056195852076252e+00
1.101550622730488982e+00
1.175707844363637733e+00
1.220633594768885555e+00
1.229968358085904212e+00
1.234235917296786056e+00
1.231412399090596299e+00
1.241332068647697628e+00
1.253917012460697089e+00
1.255696405544170169e+00
1.241050131005011048e+00
1.227176406927335872e+00
1.216481855092247821e+00
1.210032178979741246e+00
1.202462811143597099e+00
1.208153555399521961e+00
1.200192686128735309e+00
1.185351757002661266e+00
1.172640289108769052e+00
1.155589822018260771e+00
1.136665109430508469e+00
1.098459230778918494e+00
1.031585517514244987e+00
9.656814857264369723e-01
9.615736232921395787e-01
