2.250000000000000056e-01
0.000000000000000000e+00
0.000000000000000000e+00
0.000000000000000000e+00
0.000000000000000000e+00
0.000000000000000000e+00
0.000000000000000000e+00
0.000000000000000000e+00
0.000000000000000000e+00
0.000000000000000000e+00
0.000000000000000000e+00
0.000000000000000000e+00
1.502943156928744362e+00
1.450779769040851042e+00
1.443404413202718839e+00
1.307267803427238251e+00
1.295075591727155029e+00
1.241327200409229947e+00
1.252246404752156206e+00
1.236314732223169566e+00
1.223977879420548920e+00
1.192647984499056069e+00
1.162296380782788630e+00
1.107983440732162039e+00
1.280805663349376289e+00
1.384730833680551720e+00
1.452061789672383307e+00
1.470605101332207676e+00
1.558175953777304112e+00
1.576586066143678799e+00
1.541097477665013038e+00
1.508228569556979037e+00
1.453618355542267482e+00
1.416077221739691527e+00
1.375595635636229552e+00
1.340883782220648746e+00
1.308148629557395193e+00
1.291818412302456531e+00
1.280203633449580103e+00
1.273214180903073922e+00
1.268798192230266242e+00
1.312809379122938491e+00
1.324367773359841127e+00
1.358024941604255798e+00
1.344148658461456591e+00
1.347780769853050620e+00
1.352850992952315590e+00
1.355746986553308275e+00
1.366496219207522067e+00
1.401110453569853309e+00
1.420389795322858584e+00
1.406856980520335920e+00
1.393319488978674414e+00
1.396684246258903528e+00
1.401645943867670940e+00
1.417456431603549172e+00
1.405420979241545743e+00
1.411641192874275141e+00
1.406334713635580158e+00
1.401008750766930877e+00
1.391889717631220602e+00
1.398393524802732379e+00
1.394267570528138656e+00
1.393695257463542614e+00
1.380421724748017276e+00
1.379325226351456823e+00
1.375723612551367880e+00
1.376165761041182378e+00
1.384417118541034775e+00
1.402186908003931975e+00
1.402938702555901695e+00
1.419473859361552126e+00
1.430490670409081178e+00
1.431866107451872594e+00
1.435373721834257044e+00
1.440861957798565740e+00
1.443113843198106538e+00
1.439009033393043868e+00
1.440716145973441886e+00
1.440159146317616434e+00
1.455565827165187676e+00
1.446805175264511023e+00
1.440999159653742367e+00
1.442382382999276569e+00
1.438007474504806371e+00
1.431820174316097649e+00
1.432662100521936432e+00
1.439151522804013705e+00
1.435402291873257408e+00
1.440731347147968799e+00
1.447304423656372352e+00
1.451113262814245353e+00
1.453475670174684931e+00
1.459064658168266693e+00
1.465679571371071521e+00
1.465544341473802303e+00
1.464598253183090781e+00
1.459417132979066611e+00
1.447801802267227211e+00
1.444057659302778740e+00
