2.250000000000000056e-01
0.000000000000000000e+00
0.000000000000000000e+00
0.000000000000000000e+00
0.000000000000000000e+00
2.789271391905069897e-01
2.786020195585258152e-01
2.322846443896866009e-01
3.104481458511234582e-01
2.784367814826834708e-01
2.659236337951797480e-01
2.648433194368031707e-01
3.398738923631924314e-01
3.333879527393794340e-01
3.353038632476348369e-01
3.013000760313637727e-01
4.030376579216651267e-01
3.994648875061617144e-01
3.978226940922665045e-01
3.803343182316067939e-01
3.802239697686338182e-01
4.604130807154269145e-01
4.458752493285336738e-01
4.416767856366314304e-01
4.374598057664352835e-01
5.152242490841558720e-01
5.055457598337745884e-01
5.107359996431252158e-01
5.006939962633966124e-01
4.733780151124908353e-01
5.662174070311392082e-01
5.931732425218425586e-01
5.796945608855348375e-01
5.833984993785569229e-01
5.272802476553142270e-01
6.706259727615261346e-01
6.807395210714706213e-01
6.612093601307406088e-01
6.504905460232008885e-01
6.519071973659043007e-01
7.281851108436121489e-01
7.346457938383198494e-01
7.278675695253220557e-01
1.012030763965842795e+00
1.101092591949278221e+00
1.125038775487712028e+00
1.107538744682972309e+00
1.257660197260528578e+00
1.272661584810193203e+00
1.297167004267525625e+00
1.318921941083277982e+00
1.343072588197727235e+00
1.349209241792688641e+00
1.332174542735908851e+00
1.351547823460181652e+00
1.323321359099368877e+00
1.305822672212986202e+00
1.362957069611102856e+00
1.358782339593025412e+00
1.386659844505246042e+00
1.399036857707534276e+00
1.434978750270179182e+00
1.433123119880505669e+00
1.451284231895782151e+00
1.441881476340616475e+00
1.447203330090197859e+00
1.445638622273027973e+00
1.460298421728775997e+00
1.449637426038856480e+00
1.444554813184096176e+00
1.437824528616014064e+00
1.392582418169266312e+00
1.364590674715630669e+00
1.351729371537788493e+00
1.350687110473572483e+00
1.322806607922866640e+00
1.302966254654064571e+00
1.294255340169563118e+00
1.312879175099979312e+00
1.301631417268408253e+00
1.297076105060986473e+00
1.289035462868056925e+00
1.271638438636220947e+00
1.104556585946599334e+00
1.132288138896358154e+00
1.141913304709514909e+00
1.139425751982041879e+00
1.144467270778962487e+00
1.163309172492541954e+00
1.187207000298023507e+00
1.196344966627488571e+00
1.233854085119158395e+00
1.258295663881703552e+00
1.336252228431042077e+00
1.378381027031728490e+00
1.370305319114258014e+00
1.389539838105324110e+00
1.402826521628328216e+00
1.384493589391302848e+00
1.377892005639300921e+00
