2.250000000000000056e-01
0.000000000000000000e+00
0.000000000000000000e+00
7.507095161293242391e-02
1.544032500188642076e-01
2.110746674062989325e-01
2.655171331326235395e-01
2.481279790586148892e-01
2.683665655980095877e-01
3.649775306591135360e-01
4.293948246398663904e-01
4.603140667467093272e-01
5.101630825989722506e-01
6.221790210674189581e-01
7.128090625998169116e-01
7.537130154964531981e-01
7.796049661189446978e-01
7.920706541689875868e-01
8.053940472784436588e-01
8.159102940586575592e-01
8.310648125262778407e-01
8.405767501779021211e-01
8.188352948884902727e-01
8.257564838769120286e-01
8.252158483118723353e-01
8.292364390932106533e-01
8.201103910571490019e-01
8.392670505685460025e-01
8.446741831208951501e-01
8.442896478319026343e-01
8.532684939125496637e-01
8.602409290724912783e-01
8.743162127175829745e-01
8.610686749598828182e-01
8.771899226224735280e-01
8.906706124138381586e-01
8.847729134619910507e-01
8.700392584043814548e-01
8.705492748084526777e-01
8.702422038539610050e-01
8.677754330953901807e-01
8.440393454581224253e-01
8.349216229803195777e-01
8.225752234746391833e-01
8.092531984390811672e-01
7.837440013093376345e-01
7.572531470729438885e-01
7.472237969024881910e-01
7.325556775269072007e-01
7.237974398580739877e-01
7.098374081977286698e-01
7.092679262028189768e-01
7.140692163790076652e-01
7.039443003682960276e-01
7.058096075465377650e-01
7.124637105856973518e-01
7.107639293577835415e-01
7.388117910252244291e-01
7.621453430343242408e-01
7.693851314337708525e-01
7.663719464796475700e-01
7.719909685578068004e-01
7.874049361806190195e-01
8.161225197459864855e-01
8.494686266463838953e-01
8.380166076009669673e-01
8.221076521514406599e-01
8.172898008676564574e-01
8.405006117646066643e-01
8.236151269348632731e-01
8.112721952127615044e-01
8.076386560605219866e-01
8.058581683668522011e-01
8.095138872065567037e-01
8.212306728032984227e-01
8.203605519616511410e-01
8.097732542197026984e-01
8.185276606464949589e-01
8.262309061214736516e-01
8.304940578809389962e-01
8.198237957648064622e-01
8.207666236819798344e-01
7.989097976788357425e-01
7.850464925799598426e-01
7.944121222289504125e-01
7.876566207720980817e-01
7.796985197259378442e-01
7.831321568005656930e-01
7.697092924589907792e-01
7.586907089123879899e-01
7.572219241339392948e-01
7.364082900950862376e-01
7.088570016788032779e-01
6.888674514166254204e-01
6.661998631014566241e-01
6.475320788002986161e-01
6.305627481465958528e-01
6.193081639417659101e-01
6.077701178849214125e-01
5.799279088412103711e-01
