2.250000000000000056e-01
0.000000000000000000e+00
1.398407025205400833e+00
1.340663785772434391e+00
1.388938377252132206e+00
1.339586311335767776e+00
1.315196793315571266e+00
1.312566467183418295e+00
1.332928506697371729e+00
1.310454672516968344e+00
1.247712603765591011e+00
1.215953030240161992e+00
1.161670751703220095e+00
1.106124712088285778e+00
1.094599697342545142e+00
1.037130781721349537e+00
1.022857172133522452e+00
1.008574252389563775e+00
9.503878203076987496e-01
9.031184676348933404e-01
8.855680385852154890e-01
9.082398020725641619e-01
9.037899205176118667e-01
8.469058799154500772e-01
8.966828526468058058e-01
9.118191604426247876e-01
9.013889611610620411e-01
8.817609695560664207e-01
9.004262627348921244e-01
9.029987236587898591e-01
9.389690891038057208e-01
9.911705939662650566e-01
1.027049403420660090e+00
1.063065284483627471e+00
1.100705547644040605e+00
1.111594234539386106e+00
1.128883560064704028e+00
1.136093296583544854e+00
1.138038109893273697e+00
1.150681941394525509e+00
1.174518208248004125e+00
1.223000874848601871e+00
1.219883131253436170e+00
1.216878624904714545e+00
1.210830538980692372e+00
1.195187115821867652e+00
1.179635544679071391e+00
1.168053377085022770e+00
1.152034931114245708e+00
1.141269300920108698e+00
1.139848902905920003e+00
1.158515914282584269e+00
1.163335962983302663e+00
1.145425639490211367e+00
1.148428149382512142e+00
1.138761209003628094e+00
1.117591108703581915e+00
1.151425124504447117e+00
1.159814604869043420e+00
1.164412836858655043e+00
1.173558630883831500e+00
1.208174652734116172e+00
1.187796422496028903e+00
1.157173697631816989e+00
1.138305092702327048e+00
1.116991250225912280e+00
1.080488619621323254e+00
1.049412513880103370e+00
1.043976093759809709e+00
1.023106793393106839e+00
1.019278855354296409e+00
1.014801260976461839e+00
1.017752541727597215e+00
1.016534169070654858e+00
1.026210538961324303e+00
1.047757888975840102e+00
1.095430359174174972e+00
1.105100726049297988e+00
1.119550577198025643e+00
1.127637889278388927e+00
1.134610738309859812e+00
1.134670976443092449e+00
1.127689216407116168e+00
1.125687987144137203e+00
1.125404453595514109e+00
1.123318631589001138e+00
1.112255888602345033e+00
1.106656414983747672e+00
1.106471214467688480e+00
1.113523864791281293e+00
1.113111567969202964e+00
1.109384812915757301e+00
1.150178652139015156e+00
1.146682039579470791e+00
1.135008678032084495e+00
1.144056197339265335e+00
1.161769045404890344e+00
1.191879253888422863e+00
1.186894292883521107e+00
1.187398293056537435e+00
