2.250000000000000056e-01
0.000000000000000000e+00
0.000000000000000000e+00
0.000000000000000000e+00
1.560569175315295709e+00
1.545883774998358495e+00
1.527951753310779148e+00
1.541520652897820698e+00
1.535496182851683988e+00
1.540620243551662272e+00
1.554340229386827588e+00
1.545060182616513345e+00
1.535300436267614366e+00
1.530193713866096150e+00
1.515355523319854125e+00
1.490867781347272603e+00
1.459685538948560568e+00
1.438456002717406035e+00
1.415152953377691869e+00
1.352842169165143327e+00
1.315811087726725503e+00
1.311217791787473663e+00
1.309217451261597720e+00
1.267603794956027263e+00
1.263528918871253515e+00
1.240746033074402455e+00
1.256082829981590931e+00
1.279423655948683125e+00
1.300111696559797192e+00
1.322266944995229121e+00
1.329540046059364267e+00
1.336198827742295370e+00
1.336036827200356658e+00
1.330622305766876234e+00
1.336549637562052695e+00
1.328982419831780337e+00
1.327473283785671754e+00
1.317604885247078750e+00
1.309964437460484632e+00
1.308242046949832593e+00
1.293164836088597891e+00
1.285806831070325895e+00
1.265181796506730683e+00
1.255695998013511394e+00
1.260974501257478009e+00
1.273866362278391895e+00
1.279533552598898671e+00
1.279040977955921532e+00
1.272598615930594201e+00
1.269093166732177425e+00
1.263287056091063842e+00
1.253523985029693533e+00
1.237376120442196914e+00
1.225706905549238002e+00
1.244071328572605495e+00
1.235496397151987669e+00
1.228718681947543079e+00
1.232724257757159991e+00
1.220061442195668144e+00
1.203442295430493303e+00
1.193376053639759959e+00
1.184958781427022600e+00
1.183544179068703128e+00
1.180062221707756542e+00
1.189086558061386079e+00
1.193893776500767112e+00
1.201544575444278617e+00
1.199374407516804242e+00
1.209073176178374398e+00
1.207174313012049582e+00
1.196227767364203887e+00
1.157165827335945751e+00
1.122481661475134285e+00
1.069678628203649673e+00
1.057193618943412128e+00
1.056250788702741472e+00
1.047474712045252998e+00
1.061866470544441388e+00
1.065877795491426694e+00
1.064231860215598902e+00
1.052470615992909586e+00
1.089692406152169335e+00
1.091443614013036356e+00
1.101238455714685927e+00
1.099300284625060353e+00
1.092326546213744587e+00
1.104291924673657777e+00
1.099284416643921514e+00
1.071697171366496004e+00
1.067130776671223469e+00
1.054454944548902873e+00
1.042871986920715699e+00
1.053622916855098346e+00
1.087533918286072820e+00
1.135198144152716804e+00
1.168698072829798207e+00
1.185183036476000318e+00
1.170624894538853100e+00
1.194986984355675519e+00
1.199579343790331043e+00
