2.250000000000000056e-01
1.249547340601620815e-01
1.841462505724434651e-01
2.056737950166448170e-01
2.520864091792394679e-01
2.756006047781197066e-01
2.773014008168673272e-01
3.609820112152113403e-01
3.651411404064319743e-01
3.872960461259125076e-01
4.590628429338192706e-01
4.657633013397742827e-01
4.912371516625789192e-01
5.599225106458330936e-01
5.692293627836676473e-01
5.817428488812246279e-01
5.612156592522131726e-01
6.104237943479995376e-01
6.187893225409121234e-01
6.211782875353196731e-01
6.687604013549122151e-01
7.195904698873185623e-01
7.276987787081873327e-01
7.361078642055752796e-01
7.777856029611684985e-01
8.448382320860308159e-01
9.703290158017533473e-01
1.000058934919263010e+00
1.066094982285896275e+00
1.088981727465085481e+00
1.104029712666399821e+00
1.137771271327906675e+00
1.178561046930375555e+00
1.195891512534215106e+00
1.221904112447008028e+00
1.341043316755784254e+00
1.377856775747819729e+00
1.379712285484113510e+00
1.376226679353093507e+00
1.372560713914659392e+00
1.371004882205648645e+00
1.358010790259853495e+00
1.358283547496524468e+00
1.344924132789754090e+00
1.294913186376725589e+00
1.252732435454699145e+00
1.224101383868225756e+00
1.174571254229277883e+00
1.232361319247086806e+00
1.283576589250317923e+00
1.304633462816662259e+00
1.285350657691975096e+00
1.277012241245906843e+00
1.273550950763186806e+00
1.268472737107477766e+00
1.266246741837829148e+00
1.256730266566704612e+00
1.236485307798093514e+00
1.222676774283125489e+00
1.227907835425552374e+00
1.215293268363003110e+00
1.205365142773344722e+00
1.246275391261042920e+00
1.241159516566282983e+00
1.262136520750036572e+00
1.271507786993572919e+00
1.268419054633456611e+00
1.269978223175892262e+00
1.274507232303910609e+00
1.283635952716233319e+00
1.293898496457039027e+00
1.285830731334030474e+00
1.278688157650069712e+00
1.278222203482259012e+00
1.271220481633589250e+00
1.252626957889990900e+00
1.239665824433235253e+00
1.223538321115403615e+00
1.203669663650277277e+00
1.197912347368618180e+00
1.191412753147797599e+00
1.213441272152716799e+00
1.248800147132036242e+00
1.266161036970809395e+00
1.255147945842774782e+00
1.242696969932188145e+00
1.241227357269745868e+00
1.242878729743499555e+00
1.227202893239293768e+00
1.234102033141370347e+00
1.239365059855024764e+00
1.239556921771732600e+00
1.259910019851024465e+00
1.269580478473951279e+00
1.273289632508423752e+00
1.266940514184590860e+00
1.267038776113941223e+00
1.269091028364234486e+00
1.265297785770960415e+00
1.265641331979331152e+00
