2.250000000000000056e-01
0.000000000000000000e+00
0.000000000000000000e+00
0.000000000000000000e+00
0.000000000000000000e+00
0.000000000000000000e+00
0.000000000000000000e+00
0.000000000000000000e+00
0.000000000000000000e+00
0.000000000000000000e+00
0.000000000000000000e+00
0.000000000000000000e+00
0.000000000000000000e+00
0.000000000000000000e+00
0.000000000000000000e+00
0.000000000000000000e+00
0.000000000000000000e+00
0.000000000000000000e+00
0.000000000000000000e+00
0.000000000000000000e+00
0.000000000000000000e+00
0.000000000000000000e+00
0.000000000000000000e+00
0.000000000000000000e+00
0.000000000000000000e+00
0.000000000000000000e+00
0.000000000000000000e+00
0.000000000000000000e+00
0.000000000000000000e+00
0.000000000000000000e+00
0.000000000000000000e+00
0.000000000000000000e+00
0.000000000000000000e+00
0.000000000000000000e+00
0.000000000000000000e+00
0.000000000000000000e+00
0.000000000000000000e+00
0.000000000000000000e+00
0.000000000000000000e+00
0.000000000000000000e+00
0.000000000000000000e+00
0.000000000000000000e+00
0.000000000000000000e+00
0.000000000000000000e+00
0.000000000000000000e+00
0.000000000000000000e+00
9.452988071183854313e-02
1.435693505708053319e-01
1.515090262768032103e-01
1.834880261403303570e-01
2.133947974664437142e-01
1.883609656279621736e-01
1.969907810736065967e-01
2.129389298466583258e-01
2.298450946289603558e-01
2.442207050925297995e-01
2.662758388003093057e-01
2.921082038779109213e-01
2.886075119414615586e-01
3.052762805910489430e-01
3.250648084004080229e-01
3.375999045706473689e-01
3.319062299045814068e-01
3.482181777961937952e-01
3.631666458061582059e-01
3.617242786408896293e-01
3.682167226599864507e-01
3.862169697589084572e-01
3.864625918480016908e-01
4.094223335261347185e-01
4.180130538985432076e-01
4.328497574577777063e-01
4.301640196497409363e-01
4.362133398963737307e-01
4.567633021029087748e-01
4.747804601325061880e-01
4.779412602112260711e-01
4.804328677696437233e-01
4.926693888403086419e-01
4.975334263244053368e-01
5.200815389106200337e-01
5.300225836769318910e-01
5.432620078927850038e-01
5.788345012962403668e-01
5.827969756025149772e-01
5.962805398601266349e-01
6.124820096370537925e-01
6.267868543588879238e-01
6.375859169453796937e-01
6.429021621704334999e-01
6.649100325897973063e-01
6.664675215318565105e-01
6.675834166137017966e-01
6.993832087655919016e-01
6.997861880427017622e-01
7.251784189522835211e-01
7.377068878689126974e-01
7.419892793806198705e-01
7.598118627501755373e-01
7.698103647187657383e-01
