2.250000000000000056e-01
0.000000000000000000e+00
0.000000000000000000e+00
0.000000000000000000e+00
0.000000000000000000e+00
1.606569109322150135e-01
1.819301213913611104e-01
2.102940975198293594e-01
2.245058315681982553e-01
2.367436143416716821e-01
2.558999781492424797e-01
3.141335038539834201e-01
3.540088372722187127e-01
4.318843446618853554e-01
4.845863892722472310e-01
4.771248003870849907e-01
4.873227940805280323e-01
4.613533553139513299e-01
4.793889098895781076e-01
4.818711528504527886e-01
4.781075971517863565e-01
4.864185521242113119e-01
4.884584272875464594e-01
4.906219966207728822e-01
4.953104932926232218e-01
5.061862461483060960e-01
5.219029199333338198e-01
5.513064308744791697e-01
5.744693997987389000e-01
6.019754466040064811e-01
6.164937161275938493e-01
6.174004714466838628e-01
5.782498454524451770e-01
5.824237211009759552e-01
5.567191361163008612e-01
5.390941153439652300e-01
5.236000377362413083e-01
5.057698342816232540e-01
4.963782614262899351e-01
4.831321394888573595e-01
4.721631380579017212e-01
4.738232503145320962e-01
4.635229162315407936e-01
4.650592091895663915e-01
4.592791141271735933e-01
4.593682261730216987e-01
4.624010367353987294e-01
4.654153446816720052e-01
4.696319008978063758e-01
4.749259545650668657e-01
4.875221456852895097e-01
4.979713079779239382e-01
5.076234228690631456e-01
4.980483922059528723e-01
5.008540597015355145e-01
5.001227622196029454e-01
4.802576006254032914e-01
4.523139843334632593e-01
4.521789621065610554e-01
4.485817651610226053e-01
4.356084878658499360e-01
4.357135529318346134e-01
4.324269597903138695e-01
4.607075843948694183e-01
4.714722344665808196e-01
4.920188999239775707e-01
5.085234273673001626e-01
5.184607887200261001e-01
5.240753378077569469e-01
5.184784250400359396e-01
5.117132495121049507e-01
5.116972669237066507e-01
5.105777852951796092e-01
5.104452912599511949e-01
5.135869806493358336e-01
5.093756746712250205e-01
5.191239522934012474e-01
5.209782835229002096e-01
5.141446427515037332e-01
5.026220542050257034e-01
5.020591501590773165e-01
4.941961523352416674e-01
4.914650965437274976e-01
4.932725761311809731e-01
4.885483531643409760e-01
4.878989741179354245e-01
4.833630345011818985e-01
4.778304173806284805e-01
4.784648420971848726e-01
4.800877273280617641e-01
4.837621254346425870e-01
4.865800012951356224e-01
4.881192005745090268e-01
4.848121339017373854e-01
4.874434165029781219e-01
4.938248922062881685e-01
4.998089440759825863e-01
5.023530254155117447e-01
5.037445399114627298e-01
5.073058408406979636e-01
