2.250000000000000056e-01
0.000000000000000000e+00
1.298197632398052859e+00
1.335750594536033287e+00
1.357991663246074232e+00
1.400781556643641235e+00
1.509684106201815590e+00
1.523876901992765598e+00
1.517830395748502870e+00
1.509215206521318242e+00
1.437051089066652132e+00
1.389084231799069480e+00
1.313934091409916682e+00
1.245636882392723743e+00
1.217450164750199848e+00
1.197394363755284852e+00
1.177312194392944766e+00
1.167674027831085093e+00
1.159197499712903090e+00
1.151872489356565943e+00
1.145644142337983507e+00
1.140424801204792171e+00
1.136106716636757108e+00
1.132573587379712921e+00
1.129709737041489026e+00
1.127406516601794584e+00
1.125566110129709418e+00
1.124103245864338740e+00
1.128813847223172795e+00
1.145800492997406161e+00
1.167265255983941596e+00
1.129762780451163406e+00
1.134700793857810863e+00
1.175181619697215352e+00
1.192440210455233185e+00
1.211800689739083614e+00
1.267010777020130652e+00
1.252647314415281210e+00
1.237472646301664092e+00
1.223158941630350105e+00
1.168822672365314119e+00
1.193271583371601885e+00
1.231094337015075313e+00
1.196800112623252810e+00
1.234309665304203829e+00
1.226016066318278863e+00
1.209375255580773523e+00
1.190711765154473856e+00
1.174271589274123340e+00
1.179947414549964213e+00
1.181956685538365637e+00
1.200117336001919499e+00
1.290117445228721182e+00
1.301215175212791175e+00
1.296285173370020249e+00
1.291118990945240741e+00
1.293960448238185457e+00
1.290022230600093023e+00
1.285540453197596689e+00
1.280626183345004110e+00
1.277618523003092532e+00
1.271406819444132141e+00
1.263759822721173265e+00
1.250372570142310735e+00
1.231056396779955486e+00
1.210646266849382702e+00
1.190230837921180118e+00
1.179420517328298779e+00
1.156262918649884730e+00
1.127800220890232463e+00
1.073735931487258988e+00
1.027705494509709938e+00
9.900633939711576126e-01
8.680933403738170240e-01
7.479695509037632695e-01
6.905158613925811428e-01
8.453497734359302074e-01
8.701274217365679853e-01
8.799766123603535162e-01
8.975151167235075889e-01
9.326113776313718073e-01
9.518915565716364879e-01
9.794976306898279805e-01
9.790361795063411421e-01
1.013889743667301113e+00
1.117593792003225950e+00
1.164141600857788728e+00
1.201516603444499287e+00
1.206653438716136284e+00
1.232100037917445823e+00
1.286043466045438954e+00
1.316600273275962074e+00
1.328850906952793176e+00
1.311823190756281399e+00
1.305907504525001261e+00
1.286287781521712192e+00
1.267157627149170906e+00
1.236767446170633722e+00
1.222131647544502986e+00
1.224748922153486408e+00
