2.250000000000000056e-01
0.000000000000000000e+00
0.000000000000000000e+00
0.000000000000000000e+00
1.279117177616944101e+00
1.273207593299815255e+00
1.175153735307906899e+00
1.181274752195103028e+00
1.091063766341894503e+00
1.040478782251908152e+00
1.016906852837588415e+00
1.069685630978577828e+00
1.072136712979478546e+00
1.074512875220473562e+00
1.111110237028941627e+00
1.094145046906449315e+00
1.104407857461637166e+00
1.110175400106542254e+00
1.085425051206422964e+00
1.066815454241649919e+00
1.054044435562601523e+00
1.043501198187439361e+00
1.044239632356739778e+00
1.043000252158146068e+00
1.056654097343158627e+00
1.058617815852488597e+00
1.051961639399730641e+00
1.054532293737786786e+00
1.050127548144120571e+00
1.052120854487616830e+00
1.053868632883195877e+00
1.040261930958462644e+00
1.033862579908083612e+00
1.034875126133517620e+00
1.029958047059733595e+00
1.029331255725031147e+00
1.034137135898330229e+00
1.051714844946216143e+00
1.050856730096734415e+00
1.064005013093771712e+00
1.063073424363657482e+00
1.089165633568333957e+00
1.097753362275605937e+00
1.106698353675030777e+00
1.125551115547593239e+00
1.139636342149914272e+00
1.126018709894881953e+00
1.116485389401793871e+00
1.110758811320837536e+00
1.097854721354506013e+00
1.084879827471411318e+00
1.071154502082144466e+00
1.047208346795593936e+00
1.010854586951007716e+00
9.664715916785717731e-01
9.237129195712261431e-01
8.996165611210669155e-01
9.117218099885413540e-01
9.503732200039682887e-01
9.591977120874624063e-01
9.715831130351524347e-01
9.810134224504023503e-01
9.718788797419546377e-01
9.751020905461919019e-01
9.755203337423833387e-01
9.830335106098102571e-01
9.944412327682922159e-01
9.825509997390827754e-01
9.734870211934364415e-01
9.765712923935545575e-01
9.652776403747412859e-01
9.843816496201663879e-01
9.932818890862684658e-01
1.003050776895437979e+00
1.013719689310541794e+00
1.021024898036467121e+00
1.033720924838540389e+00
1.027148821570444071e+00
1.032815631892237684e+00
1.032661893286369148e+00
1.042651910454141850e+00
1.052838526592452917e+00
1.072864388847660555e+00
1.075405313875921198e+00
1.073725357282840021e+00
1.076950544781302144e+00
1.080347300892656737e+00
1.074287468195738837e+00
1.075407434101061988e+00
1.068670268390346401e+00
1.070965157836577752e+00
1.076265822614806966e+00
1.071634398695461510e+00
1.068535214097143804e+00
1.062976949615793698e+00
1.054498188777040601e+00
1.056169407334415888e+00
1.059317468774005233e+00
1.055549333676082169e+00
1.057862581871462648e+00
