2.250000000000000056e-01
0.000000000000000000e+00
1.548707116194608102e-01
1.788713699534173751e-01
3.110315880496095642e-01
3.824793999475091244e-01
5.454202561811860583e-01
5.155464789433936712e-01
5.398300239469082662e-01
5.368925873975559648e-01
5.439682354796721020e-01
5.487968940809486718e-01
5.605935047171343166e-01
5.577241626583478995e-01
5.585165462385813795e-01
5.700438082511229965e-01
5.710859128849929967e-01
5.876020802862782499e-01
5.916453829099894701e-01
5.909887979918975187e-01
5.947330547680923507e-01
5.998193999999447135e-01
6.066368892992585193e-01
6.115601355077526780e-01
6.138956836939094552e-01
6.152503997500518018e-01
6.164309980519155907e-01
6.193517307900625601e-01
6.235562705038401043e-01
6.210705578996541520e-01
6.189373114116105690e-01
6.158104926110904431e-01
6.124234027309478634e-01
6.067067873671432299e-01
6.058305576194009667e-01
6.071838665613209507e-01
6.076912398488361067e-01
6.110379940976504720e-01
6.115752045473373810e-01
6.126608208432396951e-01
6.101272156701929017e-01
6.035623678868872188e-01
5.996673001891915655e-01
5.948078754193886208e-01
5.916351487921567287e-01
5.870837230066572321e-01
5.871465110462629200e-01
5.887862319510446252e-01
5.895918600690346345e-01
5.920784437556699809e-01
5.977476076301523333e-01
5.936656362878256488e-01
5.911559151166719817e-01
5.843047801611664926e-01
5.875754270253779055e-01
5.919095172775695746e-01
5.959909734006685333e-01
5.942163743034916124e-01
5.938067291771093048e-01
5.981541128263557772e-01
5.996090681743305728e-01
6.043241201832350029e-01
6.176352930253569129e-01
6.153767793779088002e-01
6.083873086512426864e-01
6.044214602619031318e-01
6.196581640836793525e-01
6.219175398592471371e-01
6.178404106233700288e-01
6.111102693958376797e-01
6.112719112514642950e-01
6.108256779615539589e-01
6.118540834752395075e-01
6.099763079331114168e-01
6.068928921564916701e-01
6.058574001217518212e-01
6.040869347327354477e-01
6.108630947186839411e-01
6.212375979991534569e-01
6.268110917971865259e-01
6.290281046517293140e-01
6.274330818363288431e-01
6.340662381884494270e-01
6.337986843710760043e-01
6.290691144600214502e-01
6.202789795402724460e-01
6.180505681810872787e-01
6.148646826418314726e-01
6.099941192969128290e-01
6.107741890850552080e-01
6.147058315347658786e-01
6.139338517410922735e-01
6.090092809849103617e-01
6.104214821068936203e-01
6.076380654397990355e-01
6.125903534293313246e-01
6.143323204768564860e-01
6.144388836209232485e-01
6.111633698956536742e-01
6.086596802729032918e-01
