2.250000000000000056e-01
0.000000000000000000e+00
0.000000000000000000e+00
8.285221210245255485e-02
1.112796424128032202e-01
1.458933937390278213e-01
1.516616567803494575e-01
1.996259516354993990e-01
2.014673594333567241e-01
9.874508238440851127e-01
9.853834345649910009e-01
1.018445960612156309e+00
1.065573734790649096e+00
1.108709924530505209e+00
1.193873551798306787e+00
1.237015853987545100e+00
1.249463028981150359e+00
1.262777226274195419e+00
1.248921994204293506e+00
1.223822144279176571e+00
1.229487307216974745e+00
1.212596914826127747e+00
1.219696192959148773e+00
1.249972387439579613e+00
1.268746287349622692e+00
1.286188338646512719e+00
1.280295129943201271e+00
1.281834486510483151e+00
1.293528488514662511e+00
1.308868844320071778e+00
1.353059035440085989e+00
1.354013072578257981e+00
1.373874369966958886e+00
1.407552881395912614e+00
1.391674333047939083e+00
1.392930769271586433e+00
1.354169619593658336e+00
1.345165827580957707e+00
1.400170755031227232e+00
1.397381811915048289e+00
1.381178656787414472e+00
1.362126036346105629e+00
1.323550602669495868e+00
1.288328683031037647e+00
1.260016791778868717e+00
1.235720389123321494e+00
1.276329798967596574e+00
1.284871328775865074e+00
1.296548925409475750e+00
1.295842356346367241e+00
1.303500019091079709e+00
1.304172691772700787e+00
1.293194453619772588e+00
1.317780602349377217e+00
1.330605480393250550e+00
1.335658598703362232e+00
1.350068727182738515e+00
1.369227984576255164e+00
1.383305403627385077e+00
1.364606142927263344e+00
1.368016149068712384e+00
1.361907175243054047e+00
1.377913862689497559e+00
1.409164546186702172e+00
1.440122959943004100e+00
1.464702816702229349e+00
1.472831007675195147e+00
1.483807589067661414e+00
1.489083387343168141e+00
1.494318727984218720e+00
1.503837860842736962e+00
1.496414472531157225e+00
1.479904286600440155e+00
1.478420480085574029e+00
1.451482920704611379e+00
1.447140141298450811e+00
1.422947968096787807e+00
1.421237204361733175e+00
1.403539436513972172e+00
1.385693704271797611e+00
1.343851863704813132e+00
1.312274221965763932e+00
1.271577163676345101e+00
1.242690171986644776e+00
1.179181205786653752e+00
1.112363505663877650e+00
1.108777142322164622e+00
1.168244933377338368e+00
1.184389047113425741e+00
1.189481041134885508e+00
1.189706397885029077e+00
1.190264688807767035e+00
1.197120352134756427e+00
1.203048277439438207e+00
1.195931586769834576e+00
1.192592031346111581e+00
1.203252979730495831e+00
1.218069758153391913e+00
1.221448175166088834e+00
1.246200545376271451e+00
