2.250000000000000056e-01
0.000000000000000000e+00
0.000000000000000000e+00
0.000000000000000000e+00
0.000000000000000000e+00
0.000000000000000000e+00
0.000000000000000000e+00
0.000000000000000000e+00
0.000000000000000000e+00
2.262371972177452395e-01
1.983743722074589877e-01
2.334690957064900207e-01
2.453783452542308841e-01
2.370037631188335325e-01
2.552686130471348291e-01
2.809231241281554547e-01
2.905146848765997047e-01
3.020232557520189376e-01
3.175473818612810639e-01
3.369433920622011969e-01
3.578395238786172827e-01
3.533525044753754729e-01
3.546960462232406353e-01
3.823589577826789210e-01
3.890469206424169157e-01
3.974076179593283298e-01
3.951544288928362514e-01
4.189660907776361354e-01
4.516006595579993288e-01
4.719078385459765101e-01
4.689736045885880000e-01
4.968996952170486314e-01
5.029999724800037209e-01
5.246537171149394663e-01
5.362720782477247150e-01
5.476306121578313757e-01
5.568313168357782450e-01
5.768848037546315810e-01
5.853241859989573026e-01
6.158157646427743215e-01
6.049043052355073113e-01
6.230471618662091204e-01
6.494651112593852194e-01
6.670650604274570572e-01
7.132444861788880264e-01
7.781824277267653800e-01
8.232284208211024801e-01
9.451228490555266815e-01
1.079307442566455499e+00
1.095111535081133791e+00
1.124841558942919706e+00
1.196574509235532213e+00
1.252902081465533390e+00
1.262860281217313085e+00
1.229422776382548266e+00
1.212869145410487848e+00
1.219117427696328360e+00
1.205713450126814079e+00
1.200578343246412105e+00
1.209279900298158239e+00
1.241568191458691572e+00
1.224964649121568661e+00
1.230175287673748175e+00
1.239029656467064866e+00
1.242494272281693846e+00
1.255278007585759248e+00
1.264833981016592945e+00
1.280417435651304725e+00
1.279556056662127128e+00
1.287223588993280154e+00
1.296017870647062420e+00
1.299698540666410551e+00
1.286153715074032977e+00
1.281337661063153499e+00
1.276843010821503199e+00
1.278594768691664774e+00
1.285349421204259546e+00
1.286568355029392929e+00
1.301381128006620536e+00
1.314014705442464681e+00
1.313945342436856123e+00
1.309751257209637698e+00
1.330835165136096787e+00
1.336973004447738145e+00
1.316343226907823905e+00
1.318436021364858934e+00
1.321118949172950918e+00
1.315082008469827590e+00
1.303336238154893634e+00
1.301364998699895636e+00
1.303188223973483106e+00
1.295022043483293972e+00
1.314063106055455954e+00
1.301329831059448994e+00
1.316092975141360366e+00
1.301767357442681350e+00
1.296836595800668235e+00
1.275541820949284366e+00
1.256411635204193633e+00
1.237742420008186128e+00
