2.250000000000000056e-01
0.000000000000000000e+00
0.000000000000000000e+00
2.031769741632543980e+00
2.031775792862069441e+00
2.031781543182621608e+00
2.031786851750025935e+00
2.034226305441420912e+00
2.024963024009342583e+00
2.041799844121508389e+00
2.038515904810562329e+00
2.038771430182486188e+00
2.028171492021031863e+00
2.021046773174914435e+00
2.019577989057602441e+00
1.999580793416068536e+00
1.992789612806658672e+00
1.990011488067276568e+00
1.962718889773648501e+00
1.955710487718531621e+00
1.951568408357432505e+00
1.948001413141204008e+00
1.797901769539203443e+00
1.606791070851987691e+00
1.692983940369116702e+00
1.683241140722389728e+00
1.767077120098700771e+00
1.867190886488441670e+00
1.910072095672220360e+00
1.916337990714938044e+00
1.909931895677465130e+00
1.922034620414579731e+00
1.876836679433433241e+00
1.885536641689158133e+00
1.877150165946205762e+00
1.877560849566440648e+00
1.864512609785848873e+00
1.862234347078909780e+00
1.806881744720555849e+00
1.799166245324723690e+00
1.793465635629834853e+00
1.759914469754368271e+00
1.699116958998770910e+00
1.675258408096101714e+00
1.668400049728749224e+00
1.641025880496283174e+00
1.629776409166517004e+00
1.647927891323820226e+00
1.607129694482351212e+00
1.595972667227524067e+00
1.576436230365175106e+00
1.610270036634143809e+00
1.626880146108915737e+00
1.678052608954296865e+00
1.705855378149531809e+00
1.721608410818973978e+00
1.772719404650667574e+00
1.777769483537430029e+00
1.749214142264737371e+00
1.750859334027627279e+00
1.726430714236058872e+00
1.710077591082878934e+00
1.705732704484543394e+00
1.678465128506531956e+00
1.658873751262194274e+00
1.642317259804746188e+00
1.612640175112175722e+00
1.616773426523052448e+00
1.603195605073848951e+00
1.596085456367555055e+00
1.579485160242958930e+00
1.578727020874362452e+00
1.578288031709707218e+00
1.566200658270070933e+00
1.754999826377540151e+00
1.782574363651129756e+00
1.793395706561524250e+00
1.816056002645087375e+00
1.785598513826289757e+00
1.794781185106937071e+00
1.772104623282763969e+00
1.729815685521152391e+00
1.712209591099813188e+00
1.679930422421875402e+00
1.663441841605074245e+00
1.632311452147933162e+00
1.608093722823034311e+00
1.605203015545584533e+00
1.633124009493448714e+00
1.587215997006290236e+00
1.604590667472335586e+00
1.567539936711637161e+00
1.559550841530632947e+00
1.501965866393128124e+00
1.472870202890509628e+00
1.429719187706588235e+00
1.485101349386969583e+00
1.470713584881493174e+00
1.453490057280151238e+00
1.448584627435768990e+00
