2.250000000000000056e-01
0.000000000000000000e+00
0.000000000000000000e+00
0.000000000000000000e+00
0.000000000000000000e+00
0.000000000000000000e+00
0.000000000000000000e+00
0.000000000000000000e+00
2.663099945928066870e-01
2.892141585486783795e-01
3.340185501722053307e-01
3.497254986518461561e-01
4.016093855468847451e-01
4.167099158320031194e-01
4.134352137400031379e-01
4.634532418543735877e-01
4.783128960183910539e-01
4.699213439044496177e-01
5.201628716639858929e-01
4.937599384534449021e-01
5.132568756726556547e-01
5.197488415985269672e-01
5.319886860040031751e-01
5.612936755936359656e-01
5.630614180262957236e-01
5.797023525197582128e-01
5.871351863207010524e-01
5.834651966513536570e-01
6.236319084790397094e-01
6.373886341080035045e-01
7.547762309237864287e-01
8.239628609799261039e-01
8.898621656003266045e-01
9.182981450495776299e-01
9.076491218047147980e-01
9.128436618344144549e-01
9.180250082307155335e-01
1.022803241803231566e+00
9.972720884271800701e-01
9.971947331875107290e-01
1.049652214285945906e+00
1.033445925463237325e+00
1.071463800900076313e+00
1.084352410927404531e+00
1.096339771002826646e+00
1.119009737744565358e+00
1.120346777475214495e+00
1.142251190186411192e+00
1.111547184706435099e+00
1.116842922859646148e+00
1.133450230621015020e+00
1.148539739803685178e+00
1.147162024653949564e+00
1.128156206095997538e+00
1.132929341444565585e+00
1.141603613323770583e+00
1.163207422852498230e+00
1.167944148227297196e+00
1.165046912110191846e+00
1.156100380931890603e+00
1.162290895753129938e+00
1.171261126214979242e+00
1.195250587047081980e+00
1.215767907238075818e+00
1.216166178326048009e+00
1.250313693541855065e+00
1.253310480575085428e+00
1.262844808562262777e+00
1.278973771127412062e+00
1.277582301768088957e+00
1.309133724398111376e+00
1.296933199061079955e+00
1.285681645117237482e+00
1.285614486384556887e+00
1.280850780060939220e+00
1.270395540643503240e+00
1.254804076053036788e+00
1.248121985353815022e+00
1.266603847706701202e+00
1.259212475384918539e+00
1.280903888982151795e+00
1.284524103319496069e+00
1.295002998684297690e+00
1.291684860734032325e+00
1.293477365041586058e+00
1.286140029537173213e+00
1.274286178236429645e+00
1.276232237717642048e+00
1.266819032320689153e+00
1.262813169451469264e+00
1.255429918502409148e+00
1.269001433870036166e+00
1.262320134297218788e+00
1.263622242273903629e+00
1.263497926024489626e+00
1.258989537405027281e+00
1.250801464684226261e+00
1.244582279585354501e+00
1.229754389539958082e+00
1.224595417064829217e+00
