2.250000000000000056e-01
0.000000000000000000e+00
0.000000000000000000e+00
0.000000000000000000e+00
0.000000000000000000e+00
0.000000000000000000e+00
0.000000000000000000e+00
9.115558373019460037e-01
1.009156868547410602e+00
1.003301478881158948e+00
1.044656230574402933e+00
1.045016385889980581e+00
1.023846782263599930e+00
1.000132859666968965e+00
1.092333735276031836e+00
1.082804100054225671e+00
1.100200263638729359e+00
1.091286087854510312e+00
1.080625252149159277e+00
1.067131343666048782e+00
1.060574507250651610e+00
1.059145375871162198e+00
1.093283750247236785e+00
1.122436930361351504e+00
1.172228104975705731e+00
1.178899705837287204e+00
1.174087824081068154e+00
1.188979842708322909e+00
1.208216535712566042e+00
1.223633195638887949e+00
1.232689984372434600e+00
1.224069523968478901e+00
1.227018818919142662e+00
1.211228096928275599e+00
1.218334962135589672e+00
1.200585285341391417e+00
1.180230007153510119e+00
1.171162863703861134e+00
1.181558363974457126e+00
1.173907073276557966e+00
1.171186089883215375e+00
1.156907791075495018e+00
1.142109283757336557e+00
1.139896000209173366e+00
1.144583068242013946e+00
1.150558706830042910e+00
1.153439037865378491e+00
1.136824535868363739e+00
1.145809577845477323e+00
1.161071740231609084e+00
1.172297114369920790e+00
1.172004337465107904e+00
1.175502844083084586e+00
1.194637274478666411e+00
1.211380957132930147e+00
1.209014173672831483e+00
1.196275336040215409e+00
1.182375366975131348e+00
1.190420375376720630e+00
1.181303027857069532e+00
1.173837754851933868e+00
1.166805036512937210e+00
1.162210316725626358e+00
1.150279787693937017e+00
1.133073338819660991e+00
1.124429376493392363e+00
1.115822084129685754e+00
1.106718328836176601e+00
1.118395764413620652e+00
1.123615345497905871e+00
1.118657260741372506e+00
1.124853485567186340e+00
1.131288230918316318e+00
1.133041842158261980e+00
1.130306316193493865e+00
1.131681817713480642e+00
1.142273417920463441e+00
1.161083423346349397e+00
1.164228311032477592e+00
1.175043339507434670e+00
1.186811001694770829e+00
1.185018314344232326e+00
1.181528528645796827e+00
1.184554984428299873e+00
1.182956150872077394e+00
1.175327988767611354e+00
1.172853452864426771e+00
1.172923498185998170e+00
1.173401404091792610e+00
1.168396799287667598e+00
1.159347489794716246e+00
1.151573149685271247e+00
1.156697343042991433e+00
1.151763376507187520e+00
1.149005994609251236e+00
1.144178859908775658e+00
1.146469850868860219e+00
1.149477599955009310e+00
1.148750031645323855e+00
1.144995562863770910e+00
