2.250000000000000056e-01
0.000000000000000000e+00
0.000000000000000000e+00
0.000000000000000000e+00
0.000000000000000000e+00
1.504928437696357202e+00
1.963930456749556130e+00
2.011389415977628214e+00
1.985475999617410059e+00
1.695835708481420401e+00
1.659179715470134875e+00
1.703212169432265721e+00
1.668125222432609300e+00
1.594329639281537814e+00
1.623164964949720401e+00
1.528095517086617283e+00
1.480560811033895918e+00
1.426235567311830765e+00
1.406743704708726561e+00
1.406085488578933340e+00
1.396232686757017838e+00
1.398929155210276720e+00
1.410390898834723794e+00
1.420430741306781819e+00
1.417723460106658395e+00
1.437391635958540803e+00
1.464605732576528263e+00
1.499863032993794976e+00
1.501968338857861074e+00
1.509772340855519035e+00
1.514146005811749518e+00
1.513887108629952571e+00
1.526531613507345231e+00
1.542495030435965031e+00
1.546452039893416730e+00
1.545132313027798299e+00
1.545779775102863240e+00
1.550820139862012503e+00
1.537722796197505071e+00
1.535288917782285711e+00
1.529500248127302564e+00
1.525595705448271833e+00
1.532571901539455661e+00
1.534356881528934791e+00
1.535309442917860867e+00
1.534675707338777118e+00
1.538685472394105913e+00
1.545610993556331803e+00
1.548134198061898337e+00
1.551391222791195679e+00
1.555655141982480894e+00
1.560213714150881836e+00
1.559792876103377024e+00
1.558454648528263320e+00
1.558544092307326157e+00
1.559092732699710604e+00
1.560370859705735302e+00
1.564277273223901865e+00
1.563749482351203257e+00
1.564607924403389028e+00
1.565673539979756113e+00
1.562840414108816800e+00
1.566076500683880157e+00
1.563609329599255693e+00
1.562846249053444492e+00
1.559365832481046432e+00
1.560356535882165607e+00
1.564211069662696962e+00
1.566266405696439490e+00
1.568901094621085290e+00
1.572890319386435642e+00
1.572050110228660369e+00
1.571523435641579702e+00
1.575412977237685919e+00
1.577120499396289510e+00
1.577714726233051312e+00
1.579188647713217541e+00
1.578983883159590151e+00
1.578691715997889045e+00
1.578551177614507806e+00
1.578128821920815383e+00
1.576369454180021723e+00
1.574770886804184533e+00
1.574664082361223016e+00
1.572052354971767985e+00
1.568257910911614150e+00
1.566065606506086727e+00
1.565373468125697665e+00
1.562030313812434290e+00
1.560581462938812836e+00
1.557523233329045409e+00
1.556590186295469858e+00
1.552792470247558620e+00
1.547329847465861885e+00
1.544343836049894891e+00
1.543952789892274247e+00
1.542500308255911667e+00
1.542071021363087491e+00
1.545047603367259104e+00
1.541527362516591948e+00
