2.250000000000000056e-01
0.000000000000000000e+00
0.000000000000000000e+00
0.000000000000000000e+00
0.000000000000000000e+00
0.000000000000000000e+00
0.000000000000000000e+00
0.000000000000000000e+00
0.000000000000000000e+00
0.000000000000000000e+00
0.000000000000000000e+00
0.000000000000000000e+00
0.000000000000000000e+00
0.000000000000000000e+00
0.000000000000000000e+00
0.000000000000000000e+00
0.000000000000000000e+00
0.000000000000000000e+00
0.000000000000000000e+00
0.000000000000000000e+00
0.000000000000000000e+00
0.000000000000000000e+00
0.000000000000000000e+00
0.000000000000000000e+00
0.000000000000000000e+00
3.915553478308611557e-01
3.730617441049249305e-01
3.446298807182607837e-01
3.755839553528979580e-01
3.960288632747336335e-01
3.972922758765010109e-01
4.368793864425913887e-01
4.278946498146549149e-01
4.826969481903012893e-01
4.745626455738359284e-01
5.205518914272627695e-01
5.138563940094003080e-01
5.469426196807557483e-01
5.057234882622303473e-01
5.523903485858915330e-01
5.295844018985521595e-01
5.659532036240660924e-01
5.314363165593815053e-01
5.584531191785283566e-01
5.408027926665726071e-01
5.813272773578731512e-01
7.130805904605893586e-01
8.147995392659395097e-01
8.535396491460107704e-01
8.448974389640656613e-01
8.827586061076000412e-01
8.807451850520839898e-01
8.690054617161567796e-01
8.311700940460899911e-01
8.273983099931467855e-01
8.033865554000487741e-01
7.888268986829719553e-01
7.655208046620737283e-01
8.853912494781649434e-01
9.756523368581464517e-01
1.019377951381200242e+00
1.048957099250044323e+00
1.040280482745986390e+00
1.022182746699339839e+00
1.024865942994842127e+00
1.025347954021494035e+00
1.009319237569396233e+00
9.923309526114877377e-01
9.843897995438593007e-01
9.665288259992969033e-01
9.698777877255189139e-01
9.769102282465298437e-01
9.927961617537952588e-01
9.874538160732398984e-01
9.949490417690592947e-01
9.941282255867358586e-01
9.796728120584612398e-01
9.647254945603298548e-01
9.528064098032275053e-01
9.408056090159474527e-01
9.254825047371835200e-01
9.108880075965248846e-01
9.184702518484518796e-01
9.104462565773273619e-01
9.110083697869750807e-01
9.080287848837625964e-01
9.011240174812564785e-01
8.960526104636563627e-01
8.903543295614696484e-01
8.848608830658150071e-01
8.908718161349649112e-01
8.944735651543473942e-01
9.079560934613752909e-01
9.061624671210185555e-01
9.173588997771249254e-01
9.192153522130183108e-01
9.229143867354020481e-01
9.254958475238581617e-01
9.223095779847214626e-01
9.183067973030475395e-01
