2.250000000000000056e-01
0.000000000000000000e+00
0.000000000000000000e+00
0.000000000000000000e+00
0.000000000000000000e+00
0.000000000000000000e+00
0.000000000000000000e+00
0.000000000000000000e+00
0.000000000000000000e+00
0.000000000000000000e+00
0.000000000000000000e+00
0.000000000000000000e+00
0.000000000000000000e+00
0.000000000000000000e+00
0.000000000000000000e+00
0.000000000000000000e+00
0.000000000000000000e+00
0.000000000000000000e+00
0.000000000000000000e+00
0.000000000000000000e+00
0.000000000000000000e+00
0.000000000000000000e+00
0.000000000000000000e+00
1.367230742572444480e-01
2.175292254754938315e-01
2.527451434575381795e-01
2.696051603115324768e-01
3.131656881199094133e-01
3.667116423830416583e-01
4.191976511056467181e-01
4.251504408648218991e-01
9.937394601329024857e-01
1.030268897401683148e+00
1.047659095024498832e+00
1.087855627095887012e+00
1.073717371031046586e+00
1.086436947238704320e+00
1.072711118965800070e+00
1.107112928750954461e+00
1.166312328826572209e+00
1.170030625706533378e+00
1.212287671780979403e+00
1.238213709021124709e+00
1.259415531605315053e+00
1.283265773401086163e+00
1.302527613741299772e+00
1.327781565913450201e+00
1.333047679468385871e+00
1.334252799327746208e+00
1.346836275670614702e+00
1.410616809900487878e+00
1.455643622054963338e+00
1.481971510699232830e+00
1.549358557210234855e+00
1.571309824772916919e+00
1.591569308466130872e+00
1.608813672626941749e+00
1.618943319977908413e+00
1.635366008381125447e+00
1.654532661308621311e+00
1.651648160720681879e+00
1.647585323141728786e+00
1.650362085384257993e+00
1.647197772255259318e+00
1.640059249602178637e+00
1.641254638243863528e+00
1.633123029609787835e+00
1.628993465421437081e+00
1.617589808770663273e+00
1.599996685665377116e+00
1.582947728114618924e+00
1.568915527109747243e+00
1.551880763410840025e+00
1.550930757392899650e+00
1.551436330316869450e+00
1.568583379458722060e+00
1.589877076291340563e+00
1.594024609578054807e+00
1.585027062815021814e+00
1.577172419119923008e+00
1.612764834907730593e+00
1.626778042868237018e+00
1.622548782311556526e+00
1.620598899372275525e+00
1.600182285625561640e+00
1.590239731413658930e+00
1.568296168124839074e+00
1.571359108355487200e+00
1.553517528030233574e+00
1.582374640753930528e+00
1.582392602240403123e+00
1.578849280655989951e+00
1.580996599772229283e+00
1.585270884667877578e+00
1.585008065626742679e+00
1.580498336621349864e+00
1.591701098291015137e+00
1.594189253316743660e+00
1.596557758287241668e+00
1.608903824958300088e+00
