2.250000000000000056e-01
0.000000000000000000e+00
0.000000000000000000e+00
0.000000000000000000e+00
0.000000000000000000e+00
0.000000000000000000e+00
0.000000000000000000e+00
0.000000000000000000e+00
0.000000000000000000e+00
0.000000000000000000e+00
0.000000000000000000e+00
0.000000000000000000e+00
0.000000000000000000e+00
0.000000000000000000e+00
0.000000000000000000e+00
2.823418211060751415e-01
2.858348001021802087e-01
2.858290161362869175e-01
3.090362109203590446e-01
3.263755308836207569e-01
3.279465156351776267e-01
3.293961226887878735e-01
3.701986225955467003e-01
3.729083507594704860e-01
3.942166391096726952e-01
3.972821618313341907e-01
4.331703899843249994e-01
4.492700062442414599e-01
1.577039408704583812e+00
1.958127263734484869e+00
1.992087899294312292e+00
2.132262871482389244e+00
2.083654016414810517e+00
2.040526969421333714e+00
2.041890505014873458e+00
2.039605630895585442e+00
2.036041742243709596e+00
2.106635149247727767e+00
2.034456483070016919e+00
1.965426191615508245e+00
1.884081201419335772e+00
1.955659124998574194e+00
1.950438322697377380e+00
2.039959293539070018e+00
1.833448651334427915e+00
1.879454264594041968e+00
1.908455043436882326e+00
1.834200412211294484e+00
1.761091373058031984e+00
1.757070368665006210e+00
1.811506382659464398e+00
1.776656445093850456e+00
1.707799578452722455e+00
1.614544951979126175e+00
1.496739118084866593e+00
1.514034804585254745e+00
1.626464487109211099e+00
1.601803929522545689e+00
1.483019926590178228e+00
1.447171289452521048e+00
1.545310481790601598e+00
1.528198869585558617e+00
1.446859166747410663e+00
1.404505160362082172e+00
1.249695738927045108e+00
1.195506236008934131e+00
1.090344984928937278e+00
1.056922484696917186e+00
1.041797867006186040e+00
9.825996144191678772e-01
1.245456381312073146e+00
1.353990881009341063e+00
1.355880800659989394e+00
1.362782374321050316e+00
1.356632245495505540e+00
1.415672479775464732e+00
1.438732623481148609e+00
1.472740913862659040e+00
1.619090409235667938e+00
1.760491396289270538e+00
1.728023082592092585e+00
1.782741734199050798e+00
1.816172541379383887e+00
1.866387359875125274e+00
1.842756417284253878e+00
1.827115477506641605e+00
1.815868454795916742e+00
1.815376516746568969e+00
1.829079887193362897e+00
1.801888616011005251e+00
1.611243590108037083e+00
1.567391340783307996e+00
1.596701519257392565e+00
1.530509118761442133e+00
1.486251890383963215e+00
1.537715536231352820e+00
1.485137233517923372e+00
1.508307569434237605e+00
1.601089111917967767e+00
1.558987423040723463e+00
