2.250000000000000056e-01
0.000000000000000000e+00
0.000000000000000000e+00
0.000000000000000000e+00
9.137122924165984594e-01
1.071141222982276098e+00
1.067822404670030201e+00
1.068018619832367344e+00
1.068160703083700591e+00
1.099856654303941417e+00
1.098310826596875289e+00
1.096571885517342526e+00
1.133496080712228293e+00
1.097892770792836981e+00
1.097576901699124585e+00
6.209074252636216373e-01
5.694984894958661226e-01
5.362193688435497041e-01
6.723916896926969144e-01
6.685518185263294999e-01
7.195126045286125427e-01
7.750006949944355794e-01
8.052547185811355090e-01
8.287638090127992241e-01
8.550819028842129299e-01
9.159843549147990149e-01
9.171032878581146797e-01
9.218172975759704180e-01
9.556787898499150558e-01
9.981477858510181544e-01
1.021883197865866011e+00
1.040566812406432007e+00
1.063422362117958597e+00
1.077412629762024565e+00
1.079646472992857653e+00
1.067171488076737118e+00
1.042633454796248582e+00
1.045155060329686192e+00
1.035694667821722925e+00
1.015931562898526819e+00
1.019180950211293846e+00
1.009022358031228306e+00
1.002399682148302107e+00
1.004244935488069812e+00
9.992542355380519270e-01
1.007776690122403229e+00
1.022140383569617228e+00
1.046320021135280776e+00
1.065487175688759169e+00
1.077144015036717972e+00
1.089526645452352449e+00
1.097781898040488757e+00
1.111743114964447443e+00
1.130610681453376287e+00
1.136889188080666413e+00
1.147438869971076469e+00
1.165274207991722655e+00
1.167825986849783781e+00
1.164404419506713806e+00
1.162814491785220561e+00
1.151503496742487087e+00
1.150413375324630394e+00
1.149158385831319906e+00
1.142241609698747107e+00
1.136070744336022509e+00
1.119831545909641290e+00
1.113900266543745632e+00
1.116249339971069787e+00
1.119962938367295324e+00
1.125623280996683517e+00
1.138416370765879426e+00
1.146952032624974915e+00
1.143593839537944135e+00
1.139958307174499641e+00
1.147979658608612619e+00
1.141825109211372480e+00
1.132418167436948453e+00
1.134097391759341322e+00
1.132240922288584750e+00
1.132790263709124501e+00
1.118495992819215523e+00
1.098041268861029263e+00
1.096918486141804205e+00
1.095317659627994322e+00
1.087268723545282922e+00
1.073389473792114801e+00
1.071921836039460674e+00
1.068939307541038497e+00
1.068632753240423616e+00
1.070636012110265378e+00
1.073487686524837947e+00
1.067188008598062510e+00
1.049924882215546917e+00
1.035199977352148748e+00
1.028133061896151723e+00
1.022705577606253025e+00
1.033015683251506722e+00
1.043318957450787954e+00
1.050847851472457295e+00
1.061477292615864432e+00
