2.250000000000000056e-01
0.000000000000000000e+00
0.000000000000000000e+00
0.000000000000000000e+00
0.000000000000000000e+00
0.000000000000000000e+00
2.371030974960467663e+00
2.371030974960467663e+00
2.376882760875191014e+00
2.326221461322284689e+00
2.325341544848276154e+00
2.345895645558845555e+00
2.293757239988350793e+00
2.308916556262108788e+00
2.310884494774998910e+00
2.290223319542438851e+00
2.265003709741668647e+00
2.268663923655284353e+00
2.234451557636117691e+00
2.241243791102796479e+00
2.259441917745654393e+00
2.229360961154374099e+00
2.229779877615802430e+00
2.235729693562744202e+00
2.213637277768379708e+00
2.219554584922999840e+00
2.193277591527609260e+00
2.199664122113981879e+00
2.157724903338307243e+00
2.085793267939714202e+00
2.041044780888138899e+00
2.034500445683493641e+00
2.053808291387485774e+00
2.014311938196724494e+00
1.990798222669164064e+00
1.841354990960563320e+00
1.789390640072168859e+00
1.751278376634405332e+00
1.742034715606114670e+00
1.762345345874495761e+00
1.733650243601640994e+00
1.693974171869739642e+00
1.689585659177581078e+00
1.688387168382677883e+00
1.645922876995786099e+00
1.634456187491189372e+00
1.645907866128639485e+00
1.654231589727495733e+00
1.661974363384683517e+00
1.654356123665377432e+00
1.648906992003561056e+00
1.636834566302282523e+00
1.647718225794654101e+00
1.635081728003456192e+00
1.634923552887927345e+00
1.655098673962925204e+00
1.659509621606578333e+00
1.677804530110936776e+00
1.684288375145090555e+00
1.665720686545978602e+00
1.669032785476759928e+00
1.663511766095840727e+00
1.678945821122568294e+00
1.689612381740712266e+00
1.697776949419693482e+00
1.692434034466989701e+00
1.692167114109742521e+00
1.682543618741890734e+00
1.681959878851089663e+00
1.690934763801666740e+00
1.693894643423906610e+00
1.705477874852616260e+00
1.721271119432341346e+00
1.724719534442738178e+00
1.716134117504786172e+00
1.724815846297392374e+00
1.720541566620225726e+00
1.720546177264158150e+00
1.731957896917351025e+00
1.738940700456072186e+00
1.746161107709341076e+00
1.727954257280396533e+00
1.710978398731289207e+00
1.698073016845599748e+00
1.703276909175786669e+00
1.700755421386503707e+00
1.694560218973817145e+00
1.682947298085697874e+00
1.678880483014441927e+00
1.691182652420788024e+00
1.687458583442600357e+00
1.678352405801358804e+00
1.667185837263214232e+00
1.659845829883748181e+00
1.677652538502065305e+00
1.710530912097270262e+00
1.717426987641689440e+00
1.718514049764955809e+00
1.732282858903403833e+00
1.742591963896688245e+00
