2.250000000000000056e-01
0.000000000000000000e+00
0.000000000000000000e+00
0.000000000000000000e+00
0.000000000000000000e+00
0.000000000000000000e+00
0.000000000000000000e+00
0.000000000000000000e+00
3.036925559046867451e-01
1.539980131861514501e+00
1.511870265682563330e+00
1.485428248013336727e+00
1.462383423081983214e+00
1.435844045954178361e+00
1.405942664701433031e+00
1.405078390242045172e+00
1.402452202725247954e+00
1.448243178461511960e+00
1.431408487998377721e+00
1.420620332667628327e+00
1.385525037146144056e+00
1.348425551183026316e+00
1.338693910009423949e+00
1.324947988115931397e+00
1.256294241143444568e+00
1.186868010395579986e+00
1.162569382618624525e+00
1.155378656450734232e+00
1.177369247470088753e+00
1.212030835545965246e+00
1.257066534831861704e+00
1.285957187068945462e+00
1.324506701838562117e+00
1.332155474657463534e+00
1.354036470004444048e+00
1.358798948424105646e+00
1.366294388123401982e+00
1.398776194250158200e+00
1.386719028751733251e+00
1.365119674548824547e+00
1.350639137862361006e+00
1.365258020086879798e+00
1.362978413802121480e+00
1.342381392950093177e+00
1.326039831852491080e+00
1.326617849508934688e+00
1.316658551631080476e+00
1.330796471354620980e+00
1.335197126370826437e+00
1.339510829822455173e+00
1.345165620094961767e+00
1.342337882726398091e+00
1.333667130471261952e+00
1.328419917483141921e+00
1.307200675460746586e+00
1.301890547120456709e+00
1.298406974490057708e+00
1.298257186453339651e+00
1.306826804623973270e+00
1.300166810290906749e+00
1.298218741747479754e+00
1.304887514910346935e+00
1.305259453195377839e+00
1.319241084816614951e+00
1.327445360040555355e+00
1.345965088001014331e+00
1.350559648220343689e+00
1.349504753780748523e+00
1.355052740057329119e+00
1.361726964981050614e+00
1.366642443934926732e+00
1.360522759950723914e+00
1.356051886799023221e+00
1.361976330417922432e+00
1.362717449222784927e+00
1.367495796311103184e+00
1.359684217348413826e+00
1.354105044358005383e+00
1.344612109821045953e+00
1.336431837960339708e+00
1.334542237412360777e+00
1.334874872183883010e+00
1.325649886785227549e+00
1.330246283288773368e+00
1.321746703496240904e+00
1.328504004371728220e+00
1.326225227965397213e+00
1.325778478023329265e+00
1.317661315341390083e+00
1.310189520676079633e+00
1.311157249661841551e+00
1.311658836645828163e+00
1.307977892541272391e+00
1.308299971727038935e+00
1.320474578607547356e+00
1.330825041873539449e+00
1.346274667382380219e+00
1.351965429721156298e+00
1.348132392741686614e+00
1.346274905947252742e+00
