2.250000000000000056e-01
0.000000000000000000e+00
0.000000000000000000e+00
1.605206968312263005e-01
1.499142211575556494e-01
1.496383374148410328e-01
2.024729076646917814e-01
1.873503413233823800e-01
1.779190678871818421e-01
1.798526107928304363e-01
2.114771476245609072e-01
2.194448208103616793e-01
2.148110251180581076e-01
2.199190954526621111e-01
2.273617072440243525e-01
2.529673682558692405e-01
2.633580710542569592e-01
2.691052140843867013e-01
2.776042019547881323e-01
2.842222446627187815e-01
3.141435559121257826e-01
3.258968637630995091e-01
3.261307264149946872e-01
3.450415095303469570e-01
3.465809283972134391e-01
3.652604562174360803e-01
3.778466005043336073e-01
3.753457368283438234e-01
3.639077716073415014e-01
3.741290029306167386e-01
3.676387923323034546e-01
3.843168065582714399e-01
3.944662713933146381e-01
3.715838022482469971e-01
3.817277201056136215e-01
3.842536568830409172e-01
3.759982161856691429e-01
3.833195167376699519e-01
3.970762075222136755e-01
3.915549051190410079e-01
4.042787950267483499e-01
4.058219586328616901e-01
4.295531576696463016e-01
4.365011878356180874e-01
4.278933859339986712e-01
4.428465010571933091e-01
4.619853810059067478e-01
4.666381450666686193e-01
4.886161155080803176e-01
4.811275735904550488e-01
4.767678700645420764e-01
5.487623579211835523e-01
5.603323440919211196e-01
5.632803975785110051e-01
5.816879982576629304e-01
5.502031648416657594e-01
5.468659361460488366e-01
6.037584803692190860e-01
6.152488622015057640e-01
6.024957277613544049e-01
5.925436569662797526e-01
5.917894791522700926e-01
5.983811050393654796e-01
6.235733638338661899e-01
6.278927546494225131e-01
6.342704400438984313e-01
6.993390619721078227e-01
7.286949371753589366e-01
7.501234605454585314e-01
7.815922988285403106e-01
7.962048217976143150e-01
7.983423291076577888e-01
8.072062859077057118e-01
8.079641335175010708e-01
8.066319453403594242e-01
8.173843779332210513e-01
8.074273817743375936e-01
8.087793380792092091e-01
8.340855355394960480e-01
8.286985238274414689e-01
8.246789821683171429e-01
8.021301827037908838e-01
7.942732410252272279e-01
7.921581461340585495e-01
7.923932400713323831e-01
7.819512482960047084e-01
7.792653480073887806e-01
7.755106065430642515e-01
7.992769756380444512e-01
7.996167910764055975e-01
8.022047656286982464e-01
8.232238230509588695e-01
8.260697488935446753e-01
8.469008769571093609e-01
8.521958561548808042e-01
8.625535576828242679e-01
8.674004444236211864e-01
8.716241756670070062e-01
8.782807308559233972e-01
8.763715357213369694e-01
