2.250000000000000056e-01
0.000000000000000000e+00
0.000000000000000000e+00
0.000000000000000000e+00
0.000000000000000000e+00
0.000000000000000000e+00
0.000000000000000000e+00
0.000000000000000000e+00
0.000000000000000000e+00
0.000000000000000000e+00
0.000000000000000000e+00
0.000000000000000000e+00
0.000000000000000000e+00
0.000000000000000000e+00
0.000000000000000000e+00
0.000000000000000000e+00
0.000000000000000000e+00
0.000000000000000000e+00
0.000000000000000000e+00
0.000000000000000000e+00
0.000000000000000000e+00
0.000000000000000000e+00
0.000000000000000000e+00
0.000000000000000000e+00
0.000000000000000000e+00
0.000000000000000000e+00
0.000000000000000000e+00
0.000000000000000000e+00
0.000000000000000000e+00
0.000000000000000000e+00
0.000000000000000000e+00
0.000000000000000000e+00
0.000000000000000000e+00
0.000000000000000000e+00
0.000000000000000000e+00
0.000000000000000000e+00
0.000000000000000000e+00
0.000000000000000000e+00
0.000000000000000000e+00
0.000000000000000000e+00
0.000000000000000000e+00
0.000000000000000000e+00
0.000000000000000000e+00
0.000000000000000000e+00
0.000000000000000000e+00
0.000000000000000000e+00
0.000000000000000000e+00
0.000000000000000000e+00
0.000000000000000000e+00
1.060630853700764931e+00
1.066771317006021569e+00
1.092179217194536589e+00
1.071986426868080766e+00
1.083261138589769024e+00
1.102911217403734989e+00
1.144662753019826562e+00
1.162958586789323068e+00
1.181905260106164590e+00
1.170921577715297923e+00
1.149112093604013118e+00
1.060183512295025832e+00
9.708842932660622926e-01
9.012487834309355073e-01
8.813956354229253165e-01
8.644482015982273282e-01
8.553808319523736881e-01
8.500832696686452250e-01
8.445616391490649022e-01
8.301065982347498595e-01
8.446072248468829979e-01
8.881690972246901739e-01
8.754074484502827325e-01
9.007617470228168610e-01
8.915655124498839124e-01
8.686395563879671933e-01
8.583524967250966142e-01
8.559411619834387253e-01
8.692996715849091727e-01
8.660350215244790872e-01
8.697893672880812055e-01
8.823920850207728206e-01
8.952278893595720932e-01
9.035507551374175605e-01
9.120089834822476815e-01
8.804560312351588092e-01
8.515012960365172523e-01
8.668957800858024809e-01
8.673455326541417154e-01
8.600776307774165019e-01
8.555544359648680208e-01
8.748958767837707873e-01
8.779908156799293151e-01
9.042590844341684697e-01
9.279771336615766364e-01
9.353938127373854217e-01
9.554040172122036934e-01
9.546864853780958615e-01
9.714793031123987177e-01
9.755715321546638563e-01
9.755129251136169799e-01
