2.250000000000000056e-01
0.000000000000000000e+00
0.000000000000000000e+00
0.000000000000000000e+00
0.000000000000000000e+00
0.000000000000000000e+00
0.000000000000000000e+00
0.000000000000000000e+00
0.000000000000000000e+00
0.000000000000000000e+00
0.000000000000000000e+00
0.000000000000000000e+00
0.000000000000000000e+00
0.000000000000000000e+00
0.000000000000000000e+00
0.000000000000000000e+00
0.000000000000000000e+00
0.000000000000000000e+00
0.000000000000000000e+00
0.000000000000000000e+00
7.358604790766413994e-02
7.357395679781057740e-02
7.356225612404541925e-02
7.355126705312287072e-02
7.586307277970695540e-02
1.072136520259072273e-01
9.952192452248798116e-02
9.973362951647299357e-02
1.104275433416562896e-01
1.148923659046876544e-01
1.158993718725888772e-01
1.512513098305657278e-01
1.543343691631195724e-01
1.596084198166946855e-01
5.521160915290902471e-01
6.452366672972554840e-01
6.585073033262539566e-01
7.964857865315955188e-01
7.859514620313176048e-01
7.452010180991863741e-01
9.199953520190595757e-01
1.018400568260122041e+00
1.085658881645405360e+00
1.087773069625416644e+00
1.139340951597001883e+00
1.152025669244459927e+00
1.117430761195837174e+00
1.103516898823227566e+00
1.109533425734090306e+00
1.082501371524212885e+00
1.050128677559886148e+00
9.805282956688804452e-01
1.000210374976977068e+00
1.039640249387997706e+00
1.036421320528312595e+00
1.038180787333259358e+00
1.059603663365204840e+00
1.034615755078417187e+00
1.033264706413895340e+00
1.036853030577868706e+00
1.031088847599534120e+00
1.031333927169082676e+00
9.995727738659873074e-01
9.861296574322752084e-01
9.839779479130856821e-01
1.018118493195180552e+00
1.014539837505385567e+00
1.058414685971467595e+00
1.071937576555833882e+00
1.076427408834365718e+00
1.074437999767953622e+00
1.069913708831670363e+00
1.034075780913642717e+00
1.018788292950936869e+00
1.012498314140271471e+00
1.008456585938408478e+00
9.665949795866067840e-01
9.499543692735580303e-01
9.271745811702469808e-01
9.336899850780435717e-01
9.521318953655830697e-01
9.412491010120546120e-01
9.416851407957587128e-01
9.679299538704927430e-01
1.020304832664025385e+00
1.056614975504541309e+00
1.068873139367899405e+00
1.101826225939494197e+00
1.067961517293571916e+00
1.065495133793863181e+00
1.035661579311869973e+00
9.876334242632288651e-01
9.476191915260171461e-01
9.185118880696971910e-01
8.884459939906330650e-01
8.815941708349587236e-01
8.449501012359424967e-01
8.393736886158413846e-01
8.369260953097982236e-01
8.595611958580087197e-01
