2.250000000000000056e-01
0.000000000000000000e+00
6.370352291911558495e-01
7.758205269690680028e-01
1.303430776343898811e+00
1.457359418801082107e+00
1.572686108100001201e+00
1.608863597428877634e+00
1.577587467791053077e+00
1.522158163900952710e+00
1.537826060589921662e+00
1.507473271595593634e+00
1.501141711231475995e+00
1.497914064178882176e+00
1.494946869696715197e+00
1.492288813474055065e+00
1.489961512614874861e+00
1.487964271818068562e+00
1.486279811323464317e+00
1.484880076650736402e+00
1.483731377840525001e+00
1.482798417969728666e+00
1.482047098053877354e+00
1.412113131706262070e+00
1.121275297835546247e+00
1.569240186133549653e+00
1.602757545546309448e+00
1.593305298391763491e+00
1.571031099240022488e+00
1.553314649366195788e+00
1.514540279433207903e+00
1.477634051088360323e+00
1.468565327503210227e+00
1.460063146089146446e+00
1.452340856693807858e+00
1.445518006739997752e+00
1.439630626387432999e+00
1.434650463388923658e+00
1.430506586671251856e+00
1.427104779590187444e+00
1.424342524060308035e+00
1.422119202735151910e+00
1.420342172040283124e+00
1.418929733632268153e+00
1.539965242946936153e+00
1.503313939742073613e+00
1.476283399001333319e+00
1.480059934931827970e+00
1.507135498427106812e+00
1.508021283362410259e+00
1.508840308082260107e+00
1.509584531606289692e+00
1.510246985638513006e+00
1.510824494892887060e+00
1.511318403209485295e+00
1.511733703817514485e+00
1.512077612011500927e+00
1.512358531612959522e+00
1.512585265739695650e+00
1.512768136274327269e+00
1.512912559099820253e+00
1.513031117735125886e+00
1.513121200305329150e+00
9.407678542571900060e-01
6.602215627514366192e-01
5.782213078065350231e-01
5.466602651795913204e-01
5.211453870534527022e-01
5.410344049269004696e-01
5.578328330522905887e-01
5.699419272347628906e-01
5.844787499012208398e-01
6.248384942655628160e-01
6.469618832650896323e-01
6.960620366756991029e-01
6.465319422918526238e-01
6.219349362859519781e-01
9.314825912766749871e-01
1.033199751685743628e+00
1.066940952054019842e+00
1.068788113255390249e+00
1.091876780786454004e+00
1.117246363674770038e+00
1.092604694764941708e+00
1.212033202372284402e+00
1.249553235219788228e+00
1.289657425836048477e+00
1.357102892598745392e+00
1.386154485525298297e+00
1.428962778970464864e+00
1.445010215928489217e+00
1.422794937492974032e+00
1.413976081027670473e+00
1.450956763922570003e+00
1.455957060333501918e+00
1.463698352196542318e+00
1.455037906748988918e+00
1.420633551801160133e+00
1.357987036877994047e+00
1.307221711828060462e+00
