2.250000000000000056e-01
0.000000000000000000e+00
0.000000000000000000e+00
0.000000000000000000e+00
0.000000000000000000e+00
0.000000000000000000e+00
0.000000000000000000e+00
0.000000000000000000e+00
0.000000000000000000e+00
0.000000000000000000e+00
0.000000000000000000e+00
0.000000000000000000e+00
0.000000000000000000e+00
1.055633716888566775e+00
1.036440095535144268e+00
1.034174232587309117e+00
1.175874984899418330e+00
1.181928188596563123e+00
1.256382501533531926e+00
1.189825672123931533e+00
1.126790756603911925e+00
1.116958903700185246e+00
1.078670353605265086e+00
1.044194426082747595e+00
9.957157742087225927e-01
9.286911397989640049e-01
8.868449129157875976e-01
8.927009836182455693e-01
8.865426006374315104e-01
8.526316128688684604e-01
8.286794742446136341e-01
8.090800581731620866e-01
7.853765130154432006e-01
7.754550196532827844e-01
7.554293797384638021e-01
7.442862617597583164e-01
7.321951424445282131e-01
7.129874900968854456e-01
6.747655557454335096e-01
6.709089329273765223e-01
6.539308407415046487e-01
6.510476479513266357e-01
6.610952548621359393e-01
6.661815787906182340e-01
6.817756462067000589e-01
7.005150603254829411e-01
7.169984831175506557e-01
7.356964269535478662e-01
7.585538380273829651e-01
7.689850753018391272e-01
7.808925417083973919e-01
8.036088320873778779e-01
8.116355329237970873e-01
8.239621424955329010e-01
8.280036113672719633e-01
8.374094977253475625e-01
8.373222361298920946e-01
8.368381272055026576e-01
8.306349670062257440e-01
8.240551170089048805e-01
8.169216571207668087e-01
8.116480624127339061e-01
8.096555591925009843e-01
8.039427381756570901e-01
7.969035371433116355e-01
7.855263406198136344e-01
7.732796338301514139e-01
7.683512873908240337e-01
7.633118178132873854e-01
7.597567661810037398e-01
7.503984855075712668e-01
7.492636314710391376e-01
7.521095984565907555e-01
7.433708822291607010e-01
7.428374337552883233e-01
7.438537934162805509e-01
7.527230167887737355e-01
7.599488491865225015e-01
7.632456907289618675e-01
7.631998478757795468e-01
7.693659035602237184e-01
7.677162596122978355e-01
7.701408096142882131e-01
7.746393704538857561e-01
7.748523567906715481e-01
7.772285566652753497e-01
7.733225015070931407e-01
7.702527282833310229e-01
7.674289841236151544e-01
7.589480543276863056e-01
7.573909840267729621e-01
7.524789103291813497e-01
7.521039603838833854e-01
7.452237434599588983e-01
7.380783557861503308e-01
7.363085154738837623e-01
7.370601030172242440e-01
7.321972900504699622e-01
7.243741318892517045e-01
7.237294804632145029e-01
