2.250000000000000056e-01
0.000000000000000000e+00
0.000000000000000000e+00
0.000000000000000000e+00
0.000000000000000000e+00
0.000000000000000000e+00
0.000000000000000000e+00
0.000000000000000000e+00
8.428111019785655689e-01
8.428111019785655689e-01
9.257780454965970351e-01
8.325842324438805786e-01
9.212461171639180213e-01
1.170608951477866810e+00
1.105922681568860311e+00
1.136866918104093793e+00
1.219672912661361019e+00
1.120906917838802253e+00
1.153611750088250787e+00
1.131261343029525301e+00
1.150837413013889643e+00
1.172848883882658066e+00
1.132324813224827142e+00
1.084497814625139611e+00
1.057572918094965786e+00
1.059574540481962535e+00
1.089526980589936800e+00
1.113785469988888055e+00
1.113944459493652284e+00
1.105362762773838048e+00
1.119610297900402340e+00
1.139823165970807350e+00
1.153408849027602212e+00
1.134243456124258920e+00
1.144393507723750592e+00
1.161308854523702472e+00
1.162489832822341640e+00
1.224243579836513440e+00
1.244309801320054865e+00
1.265665282737337138e+00
1.286760503610837381e+00
1.291246539506830660e+00
1.310631256789203558e+00
1.317821086353728743e+00
1.347409271034088141e+00
1.371050497986969985e+00
1.386891685415594599e+00
1.383363270772065334e+00
1.388097470800652600e+00
1.392912692414206788e+00
1.415657759068831956e+00
1.426311793562315744e+00
1.427459724294700916e+00
1.447335369574883623e+00
1.466797546484424508e+00
1.484206037902746855e+00
1.488796020174081081e+00
1.495186775317144168e+00
1.506720592494845690e+00
1.504344599126336668e+00
1.502004339686208834e+00
1.505919873071449588e+00
1.503807229312703830e+00
1.508867982373427896e+00
1.512437352694275372e+00
1.514649996375925234e+00
1.526619231060969639e+00
1.525507539715701188e+00
1.520061139081576362e+00
1.525424450974375734e+00
1.519856296862902578e+00
1.508154674232165871e+00
1.495152173759547676e+00
1.485915347317617430e+00
1.484001230624776069e+00
1.473816656594047592e+00
1.476173900834738317e+00
1.476906390451847129e+00
1.479085267915366542e+00
1.472444560799410551e+00
1.468407402033430786e+00
1.468646443812426261e+00
1.455622136303473146e+00
1.447313590680145090e+00
1.443922725652998285e+00
1.446084327507478839e+00
1.450259363215071096e+00
1.458865006555162935e+00
1.462240438003118204e+00
1.456635188409709514e+00
1.458135064465324593e+00
1.454137052749433279e+00
1.456622392397189936e+00
1.446731220573493015e+00
1.460256009683599254e+00
1.461057629574246786e+00
1.460615602342895336e+00
1.461308409383148099e+00
1.466104854859193507e+00
1.463119589597892567e+00
