2.250000000000000056e-01
0.000000000000000000e+00
8.313619224429388832e-02
8.313864191362721479e-02
8.314145367457025093e-02
8.314398321280871973e-02
1.336022936950382045e-01
1.352904508276023543e-01
1.367933495814672995e-01
1.380990096456280458e-01
1.934328425291589881e-01
1.966436555010658283e-01
1.993955880573479722e-01
2.017122062750745237e-01
2.036332340423419873e-01
2.666497851782254069e-01
2.719254792333850035e-01
2.710622225073761049e-01
6.139016324356780796e-01
7.212648259168066289e-01
7.399056049936635349e-01
7.875160416148756504e-01
7.962398414884956921e-01
8.075242587390711879e-01
8.354865364855411647e-01
8.068713331272431288e-01
7.765478674611253629e-01
8.579973564321171642e-01
9.033725406148843673e-01
9.112542247973868248e-01
9.248852526340173297e-01
9.541146606902697336e-01
9.771027881926850345e-01
9.858476378434423149e-01
9.923379259365854299e-01
9.904897450561371830e-01
1.032820654859010645e+00
1.106152431091441235e+00
1.098666461222079116e+00
1.096800548069468917e+00
1.111412317789822302e+00
1.116693878516285654e+00
1.124352429853494151e+00
1.126335154706428199e+00
1.131296569254674589e+00
1.050244832100095005e+00
9.607985863138746030e-01
9.517608249542531818e-01
9.132746652547553134e-01
9.017701848986865443e-01
8.895677027522139735e-01
8.714249925043006106e-01
8.689258396244099458e-01
8.640917246352106673e-01
8.939067097948666385e-01
9.027361473039778872e-01
8.943085498861907956e-01
9.701946992944948667e-01
9.918324844194108536e-01
1.023756454009657091e+00
9.911623049096093263e-01
9.500290630710943596e-01
9.471138719475135082e-01
9.259071116053357864e-01
9.199493712220281338e-01
9.121714544645928013e-01
9.233762975476356161e-01
9.457627384428829442e-01
9.477050075071997703e-01
9.465668127394131215e-01
9.738409886364453039e-01
1.002262576244067560e+00
1.069431950338692427e+00
1.077017884650062651e+00
1.075578181394531541e+00
1.079559792285254893e+00
1.081548536788131676e+00
1.081638553952086967e+00
1.082501810370705364e+00
1.081386422601270825e+00
1.109232730153943525e+00
1.115042616089866101e+00
1.114543732305564028e+00
1.112912785812777416e+00
1.116962350510864788e+00
1.113989436482566653e+00
1.114530824386986918e+00
1.118928779278063779e+00
1.115797925041177585e+00
1.106419089537534983e+00
1.099897377532840004e+00
1.086800150480830895e+00
1.080708883952731458e+00
1.080168849202290504e+00
1.080197392497430187e+00
1.092078294602760957e+00
1.052950233188123530e+00
1.035361447858054396e+00
1.020785186398607047e+00
1.021834820928204435e+00
