2.250000000000000056e-01
0.000000000000000000e+00
0.000000000000000000e+00
0.000000000000000000e+00
1.181242011508058187e+00
1.410585449799215629e+00
1.419347196406297584e+00
1.339434640713248026e+00
1.328202616173715489e+00
1.347540313190984218e+00
1.311898989405111848e+00
1.319567781703586906e+00
1.297196101374361588e+00
1.293227571159859091e+00
1.285272441265489007e+00
1.235508392034299296e+00
1.337310118648915358e+00
1.408657390056809122e+00
1.434782982955014718e+00
1.372789989184297177e+00
1.372304049349758692e+00
1.402393098973440333e+00
1.349773932353345973e+00
1.355477458586259898e+00
1.341796368976774234e+00
1.354754926487690581e+00
1.313851660426426760e+00
1.314043217842465472e+00
1.317185886556701657e+00
1.334663069322447493e+00
1.325825706854858899e+00
1.319301558341816172e+00
1.305944341899897720e+00
1.353433468767260672e+00
1.407350608645111745e+00
1.394282137935162647e+00
1.366427978681495903e+00
1.329690036866201908e+00
1.286632448575906640e+00
1.269579747775121392e+00
1.213047001834479444e+00
1.179745251883107748e+00
1.132359853221301060e+00
1.114280348961071532e+00
1.098631303341701448e+00
1.136919089559657259e+00
1.119032656013553062e+00
1.115605354154114437e+00
1.094843722323882496e+00
1.091981809983892049e+00
1.092903692387744430e+00
1.024584143765692401e+00
1.164902926558328833e+00
1.212715630336163475e+00
1.195540516768792250e+00
1.214611423763453324e+00
1.211640012747273065e+00
1.200972032062388895e+00
1.198481777713120033e+00
1.197073682421771368e+00
1.208342304400713996e+00
1.192375945765377976e+00
1.221286134703866377e+00
1.229675944670756582e+00
1.239355043908836329e+00
1.230324146111366757e+00
1.239172589211796183e+00
1.237445523488132082e+00
1.224731967861132365e+00
1.242642982585703271e+00
1.241675879276095795e+00
1.248845488895594436e+00
1.306163620567860173e+00
1.324166222468357690e+00
1.313663832074671411e+00
1.328533653335909559e+00
1.348077887724097756e+00
1.373614075722987993e+00
1.382326639070228458e+00
1.391716802623996108e+00
1.401693282645537719e+00
1.415876142076806676e+00
1.447648792002438567e+00
1.459305739643152577e+00
1.491616982633159338e+00
1.517203702166616708e+00
1.488185553922620308e+00
1.439194647295544360e+00
1.444012351657238513e+00
1.462665378752305845e+00
1.459572641919615998e+00
1.458665386950608323e+00
1.465802710699882772e+00
1.461575362459863747e+00
1.453528807845518633e+00
1.441974354331595265e+00
1.452335696388084019e+00
1.454651532199325636e+00
1.460090755755937941e+00
1.453962093070619854e+00
