2.250000000000000056e-01
0.000000000000000000e+00
0.000000000000000000e+00
0.000000000000000000e+00
0.000000000000000000e+00
0.000000000000000000e+00
0.000000000000000000e+00
0.000000000000000000e+00
0.000000000000000000e+00
0.000000000000000000e+00
0.000000000000000000e+00
0.000000000000000000e+00
0.000000000000000000e+00
0.000000000000000000e+00
0.000000000000000000e+00
0.000000000000000000e+00
0.000000000000000000e+00
0.000000000000000000e+00
0.000000000000000000e+00
0.000000000000000000e+00
0.000000000000000000e+00
0.000000000000000000e+00
0.000000000000000000e+00
0.000000000000000000e+00
0.000000000000000000e+00
0.000000000000000000e+00
0.000000000000000000e+00
0.000000000000000000e+00
0.000000000000000000e+00
0.000000000000000000e+00
0.000000000000000000e+00
0.000000000000000000e+00
0.000000000000000000e+00
0.000000000000000000e+00
0.000000000000000000e+00
0.000000000000000000e+00
0.000000000000000000e+00
0.000000000000000000e+00
0.000000000000000000e+00
0.000000000000000000e+00
0.000000000000000000e+00
0.000000000000000000e+00
0.000000000000000000e+00
0.000000000000000000e+00
0.000000000000000000e+00
0.000000000000000000e+00
0.000000000000000000e+00
0.000000000000000000e+00
0.000000000000000000e+00
0.000000000000000000e+00
0.000000000000000000e+00
0.000000000000000000e+00
0.000000000000000000e+00
0.000000000000000000e+00
0.000000000000000000e+00
0.000000000000000000e+00
0.000000000000000000e+00
9.439542149751191380e-02
1.502702132126819135e-01
1.862911579061081457e-01
2.100040177933319430e-01
2.188064386572124986e-01
2.171357039904892039e-01
2.374375817798283494e-01
2.727739859511758569e-01
2.765759582603486422e-01
3.112666358338455619e-01
3.212834139264074684e-01
3.651342935000030376e-01
3.712035270568357359e-01
4.000869089494736852e-01
3.950263667000928902e-01
3.951137356852607030e-01
3.899287773346608033e-01
4.024239487763894285e-01
4.107810078279855448e-01
4.236961830793046224e-01
3.665916189440622808e-01
3.499479063186848316e-01
3.591300416230300274e-01
3.730425289121355736e-01
3.850413609667556192e-01
3.950572261398297980e-01
4.121070415039743140e-01
4.099811288536635567e-01
4.140351250690963436e-01
4.324800164720963846e-01
4.373655565725805272e-01
4.602753914228818188e-01
4.783319976501257398e-01
4.802303728862726273e-01
4.708726137289147018e-01
4.751366283898790233e-01
4.978994561870059288e-01
5.140195186515490455e-01
4.983405830441454132e-01
4.812221661736403311e-01
4.834994188474781018e-01
5.051090933546333872e-01
5.166960764083221580e-01
