2.250000000000000056e-01
0.000000000000000000e+00
0.000000000000000000e+00
0.000000000000000000e+00
0.000000000000000000e+00
0.000000000000000000e+00
0.000000000000000000e+00
0.000000000000000000e+00
0.000000000000000000e+00
0.000000000000000000e+00
0.000000000000000000e+00
0.000000000000000000e+00
0.000000000000000000e+00
0.000000000000000000e+00
0.000000000000000000e+00
0.000000000000000000e+00
0.000000000000000000e+00
0.000000000000000000e+00
0.000000000000000000e+00
0.000000000000000000e+00
0.000000000000000000e+00
1.264665189335898443e+00
1.002450170328832879e+00
9.587160851845734078e-01
9.212655993864010684e-01
8.802118949824720984e-01
8.296082925569514543e-01
7.102131172878729526e-01
7.289735800317451719e-01
7.964965718218899315e-01
7.782543865589119925e-01
8.036910621531379029e-01
8.014662601560847977e-01
7.967481581291601112e-01
7.915020775897136929e-01
7.816753061888114251e-01
7.741619438473081871e-01
7.539641579184672704e-01
7.561071050210563804e-01
7.693671782470136167e-01
7.751960508012885054e-01
7.725853116197379800e-01
7.587596237495642937e-01
7.024217062280111445e-01
7.004635260909383154e-01
7.257522280551012006e-01
7.251471547103771620e-01
7.162239592160478674e-01
7.034827301646383590e-01
7.319429452487813403e-01
7.311116216660917821e-01
7.291499998487996903e-01
7.298695564473616226e-01
7.277110215944042615e-01
7.182381629207567064e-01
7.091927535206481448e-01
7.092426452201060494e-01
7.278716928663134800e-01
7.320258505149351835e-01
7.351423565703688601e-01
7.355127517165502837e-01
7.304796857815276656e-01
7.298040837481346577e-01
7.228746485301648095e-01
7.153237423469326339e-01
7.147723259269825880e-01
7.307498628409909713e-01
7.280031967725753006e-01
7.297420771545054530e-01
7.282046461270850202e-01
7.319390718810282470e-01
7.150333306901813790e-01
7.171461845156205106e-01
7.172295830596766564e-01
7.149592836216576153e-01
7.080978727939355455e-01
7.140521836549704737e-01
7.085621285562929694e-01
7.075512922957922779e-01
7.059779142584406975e-01
7.047238353145689471e-01
7.035876065087584008e-01
7.038939204825148677e-01
7.001082240725642336e-01
6.975422229807896057e-01
7.028216241178948387e-01
7.054085718093848767e-01
7.031725030559492495e-01
6.983133243897670095e-01
6.922942942829934942e-01
6.882730121293979542e-01
6.919153071018780965e-01
6.887317675549494700e-01
6.903293786913881069e-01
6.881307459379113478e-01
6.879697841797856039e-01
6.890515882364200984e-01
6.914494394485011242e-01
6.900517820556166804e-01
6.882991642915063935e-01
