2.250000000000000056e-01
0.000000000000000000e+00
0.000000000000000000e+00
2.833576108277759409e-01
2.835446370883448752e-01
3.813784255526866396e-01
3.723737411341266901e-01
3.535587800190003183e-01
4.126579110736658951e-01
4.430765694317244097e-01
4.295312589299256079e-01
4.617718485017429098e-01
4.835940361375286600e-01
5.065841440135967488e-01
5.101158669280643210e-01
4.471487693572263056e-01
4.149520853710010337e-01
4.486635825404169386e-01
4.556785580452127338e-01
4.659885504996829630e-01
4.681916681042880835e-01
4.890003996943785847e-01
5.230388195002653173e-01
5.322874221736417777e-01
5.487260600749023221e-01
5.593166443270379817e-01
5.980211660976455512e-01
6.374600839176284284e-01
6.653836483664934409e-01
6.830001662090271486e-01
9.205770579894159145e-01
1.001440950943959018e+00
1.071288783530561561e+00
1.111353861685473898e+00
1.125134857499278995e+00
1.166657479024267641e+00
1.187590551245585768e+00
1.213371725027410974e+00
1.240845418175112957e+00
1.274852230025655508e+00
1.302327284312144506e+00
1.307661189277251168e+00
1.329246104466347722e+00
1.338117813542034407e+00
1.340931590025072673e+00
1.357675790247490077e+00
1.353027137076374009e+00
1.362281172566219389e+00
1.373816227552214775e+00
1.374482444277104864e+00
1.406960143153193288e+00
1.398954804253724316e+00
1.401118229673683047e+00
1.402270772244335051e+00
1.393981916078087302e+00
1.389832905918173545e+00
1.402172096249158173e+00
1.421989236518114819e+00
1.448668651974979626e+00
1.462822996211228022e+00
1.480502876603978057e+00
1.486665163580535687e+00
1.494163230861502267e+00
1.500290926179796314e+00
1.511177283580026565e+00
1.510219020812583191e+00
1.524665065161827204e+00
1.520952644022119715e+00
1.532305165659015866e+00
1.548156249011278129e+00
1.561063468582782665e+00
1.573364820034391043e+00
1.569870696733613569e+00
1.563913026427941722e+00
1.564177683156452447e+00
1.561595229824068953e+00
1.553324377263997302e+00
1.549068706188391431e+00
1.536261264663616011e+00
1.531484506926052758e+00
1.518729625957560447e+00
1.505592987423989726e+00
1.491837333495331874e+00
1.481353994294678955e+00
1.488656724474067161e+00
1.494147913766850744e+00
1.489841139773696144e+00
1.480308143070203863e+00
1.485398391705792021e+00
1.484615629225553013e+00
1.513322116629496339e+00
1.523684781818996692e+00
1.535792668856362342e+00
1.535731989650414464e+00
1.535986584164163560e+00
1.533066399432798654e+00
1.550914482993484667e+00
1.554790424935778459e+00
1.555904193146102399e+00
1.557739321565595025e+00
