2.250000000000000056e-01
0.000000000000000000e+00
0.000000000000000000e+00
0.000000000000000000e+00
0.000000000000000000e+00
0.000000000000000000e+00
0.000000000000000000e+00
0.000000000000000000e+00
0.000000000000000000e+00
0.000000000000000000e+00
0.000000000000000000e+00
0.000000000000000000e+00
1.910489000562167194e-01
1.754703107810179630e-01
2.276934512917580811e-01
2.289490407288093665e-01
2.357136740576630807e-01
2.833429653260419734e-01
2.858522985612685918e-01
2.910315358031803079e-01
3.457717257915627895e-01
3.475235834282182079e-01
3.527573002809210045e-01
3.556507637684983014e-01
4.149403313349548927e-01
4.239653430988775673e-01
4.260244933650854104e-01
4.702577357422256243e-01
4.915577332331339533e-01
4.927009926505768744e-01
4.967650440170178205e-01
5.521286195999937085e-01
1.485796155666437857e+00
1.540521556670269021e+00
1.629263442133561890e+00
1.540902603808822047e+00
1.636608417183369912e+00
1.621077258334480353e+00
1.622312265569305412e+00
1.608097001161715500e+00
1.627044647960391277e+00
1.528422550072732644e+00
1.528767022940490383e+00
1.483022834021439529e+00
1.509795720882407766e+00
1.527948993382565845e+00
1.541235268268815517e+00
1.472378342260612927e+00
1.476943712786096263e+00
1.465903508096912278e+00
1.420102483272012606e+00
1.415221815048243181e+00
1.411804052931374676e+00
1.428565021047534023e+00
1.466203428634420991e+00
1.400607296880353125e+00
1.397404245755301977e+00
1.393841118645216204e+00
1.379520936730518565e+00
1.452157804615564096e+00
1.456984015649846365e+00
1.380414360326379875e+00
1.426905728083480707e+00
1.427570159963660101e+00
1.513861026892446615e+00
1.582701771230360377e+00
1.578083162391935579e+00
1.558004718716345938e+00
1.567628756199968887e+00
1.568579503477557813e+00
1.584041991794551851e+00
1.640010426024821832e+00
1.611857027936693054e+00
1.567019933672853194e+00
1.583679595906885895e+00
1.557786604943496966e+00
1.609306583418473657e+00
1.994636437888754887e+00
2.055598883572129942e+00
2.039390918639116368e+00
2.067519186089394001e+00
2.070926300821548605e+00
2.089753717018729251e+00
2.057266954780539336e+00
2.041409006478335897e+00
2.013712147741061997e+00
2.003714354742707204e+00
1.976187873473951084e+00
1.971217454287210735e+00
1.966113031608229811e+00
1.924050885151364687e+00
1.903996238012891640e+00
1.911982534234418996e+00
1.880833615986666318e+00
1.863914786198072271e+00
1.870825086617592170e+00
1.872860851177764907e+00
1.856832083030081959e+00
1.875422055274273303e+00
1.930030582791421923e+00
