2.250000000000000056e-01
0.000000000000000000e+00
0.000000000000000000e+00
0.000000000000000000e+00
0.000000000000000000e+00
0.000000000000000000e+00
0.000000000000000000e+00
0.000000000000000000e+00
0.000000000000000000e+00
0.000000000000000000e+00
0.000000000000000000e+00
0.000000000000000000e+00
0.000000000000000000e+00
0.000000000000000000e+00
0.000000000000000000e+00
0.000000000000000000e+00
0.000000000000000000e+00
0.000000000000000000e+00
0.000000000000000000e+00
0.000000000000000000e+00
0.000000000000000000e+00
0.000000000000000000e+00
0.000000000000000000e+00
0.000000000000000000e+00
0.000000000000000000e+00
0.000000000000000000e+00
0.000000000000000000e+00
0.000000000000000000e+00
0.000000000000000000e+00
0.000000000000000000e+00
0.000000000000000000e+00
0.000000000000000000e+00
0.000000000000000000e+00
0.000000000000000000e+00
0.000000000000000000e+00
0.000000000000000000e+00
0.000000000000000000e+00
0.000000000000000000e+00
0.000000000000000000e+00
0.000000000000000000e+00
0.000000000000000000e+00
0.000000000000000000e+00
0.000000000000000000e+00
0.000000000000000000e+00
0.000000000000000000e+00
0.000000000000000000e+00
0.000000000000000000e+00
0.000000000000000000e+00
0.000000000000000000e+00
0.000000000000000000e+00
0.000000000000000000e+00
0.000000000000000000e+00
9.761838489637039706e-02
1.196883650416754319e-01
1.558608471942250773e-01
1.649866176879873081e-01
1.862756875344688257e-01
1.915595320791747269e-01
2.240645508122397489e-01
2.257660057758939798e-01
2.409937617646669139e-01
2.697426790875563363e-01
2.792267835937255471e-01
2.840020501053241997e-01
3.017563830834085192e-01
3.146103930536870985e-01
3.363052336828056266e-01
3.296819359579193365e-01
3.442859425709063337e-01
3.767876312386691517e-01
3.944383693081960351e-01
4.001750521344388800e-01
4.205936127585450102e-01
4.581171280281433611e-01
4.560972796650539229e-01
4.565652142966312166e-01
4.512645558869802787e-01
4.757804830115305306e-01
4.900681488023044263e-01
5.105588131307604582e-01
4.920933266907259740e-01
4.973742823091517051e-01
4.926355911832133172e-01
5.014510996763803519e-01
5.305959878569456167e-01
5.451755928440261689e-01
5.585533985197518314e-01
5.544221255817057825e-01
5.595011340792712673e-01
6.006841472504593771e-01
5.946812334312447934e-01
6.124676521828301690e-01
6.022084461183259130e-01
6.093762110766974827e-01
6.390026822594383482e-01
6.504419074234140119e-01
6.622967890376338929e-01
6.689284354107314368e-01
6.715601586249000388e-01
7.007538478515207281e-01
