2.250000000000000056e-01
0.000000000000000000e+00
0.000000000000000000e+00
0.000000000000000000e+00
0.000000000000000000e+00
0.000000000000000000e+00
0.000000000000000000e+00
0.000000000000000000e+00
0.000000000000000000e+00
0.000000000000000000e+00
0.000000000000000000e+00
0.000000000000000000e+00
0.000000000000000000e+00
0.000000000000000000e+00
0.000000000000000000e+00
0.000000000000000000e+00
0.000000000000000000e+00
0.000000000000000000e+00
1.115740861525855721e+00
1.137158296974584371e+00
1.191677128718462875e+00
1.136619769628031129e+00
1.149608497442981436e+00
1.116753952839760089e+00
1.076976203139322630e+00
1.032385529085852127e+00
1.054120718562327585e+00
1.020607241756273931e+00
1.013211400700094744e+00
9.859796535634949288e-01
9.740765736486012294e-01
9.492983411325600640e-01
9.069322035326771170e-01
9.067877698173389955e-01
8.880358928997741375e-01
8.808412040683967215e-01
9.135772029630911950e-01
9.416221756555082090e-01
9.183174095524521130e-01
9.215794932894472158e-01
9.071453226123127322e-01
9.012564386620361967e-01
9.048811916131932476e-01
9.307656966170022583e-01
9.131000091365496507e-01
8.966474881296362387e-01
8.854190404707767970e-01
8.673340092968656601e-01
8.544844670898750216e-01
8.431912389994926649e-01
8.290679337804324200e-01
8.161059703348227945e-01
8.163063390779483619e-01
8.318666452406338063e-01
8.281725286397964014e-01
8.133494068169747626e-01
8.134778592259493957e-01
7.983593905509177580e-01
8.011558777337106640e-01
8.084620467142470401e-01
8.030640806336175608e-01
8.027154810150686215e-01
7.976790670503897118e-01
8.071610740822756647e-01
7.993047759154537912e-01
7.992290113135391838e-01
8.011864436320756955e-01
7.935491192275504480e-01
7.928797895797917716e-01
7.771663821376426640e-01
7.635154837973199271e-01
7.549517904968479076e-01
7.336889132852102424e-01
7.433019581824490407e-01
7.432695577767007844e-01
7.518658427699517199e-01
7.467503409618350130e-01
7.754392052813496861e-01
7.781197143765355984e-01
7.825313445089175923e-01
7.765884461897861746e-01
7.659071614252108695e-01
7.752992768137533242e-01
7.762926887133301257e-01
7.681224466226406200e-01
7.692554901774208975e-01
7.568204514158380913e-01
7.457624696173634771e-01
7.427290512661270938e-01
7.349379959795780959e-01
7.394256801847085558e-01
7.417942974663249700e-01
7.462522506833797475e-01
7.612736273276342613e-01
7.769851165558802064e-01
7.731289605043429880e-01
7.657584013044773652e-01
7.896224180389319613e-01
8.017159324688287736e-01
8.021444227468194077e-01
