2.250000000000000056e-01
0.000000000000000000e+00
0.000000000000000000e+00
0.000000000000000000e+00
0.000000000000000000e+00
0.000000000000000000e+00
2.836404811727585851e-01
2.836404811727585851e-01
2.810097499514314645e-01
2.809385645989952995e-01
3.184394615576190968e-01
3.195155125399977147e-01
3.125216609919707622e-01
3.292470293884914301e-01
3.697544203762437864e-01
3.732968635407264424e-01
3.754236395345516564e-01
3.775221068862796847e-01
3.792465525561881656e-01
3.071779779355294226e-01
3.353878928391815228e-01
2.754016354614715612e-01
2.611670896179000834e-01
2.484535994844422613e-01
2.570003133607236534e-01
2.913832586498300015e-01
3.142167903259601158e-01
3.186356326548477891e-01
3.301020907003865412e-01
3.012088234019266175e-01
3.532596853117094260e-01
3.993663304570349015e-01
4.301562441438668283e-01
4.039670273319849181e-01
4.323684254741199107e-01
4.480270961524216999e-01
4.718715742955313375e-01
4.932807695938847270e-01
5.268221901069436441e-01
5.247980597805728120e-01
5.416422593518590567e-01
5.655508030691506205e-01
5.814733633296094162e-01
5.981825923979458004e-01
6.131278642460367134e-01
6.329943266970907700e-01
6.451346277669638418e-01
6.632042304579893743e-01
6.709140228733033728e-01
6.888566936530110540e-01
6.853639409719642916e-01
7.306286030777560114e-01
7.506890268061546800e-01
7.447364507414468981e-01
8.542281635340711610e-01
9.187124730052123045e-01
9.298587438599376087e-01
9.619060407030536330e-01
1.112359570253707908e+00
1.176387642223462926e+00
1.228224125363192698e+00
1.209506837685212943e+00
1.201891396410874391e+00
1.207781314408362894e+00
1.201804047243439699e+00
1.192324118949741996e+00
1.221256085794542923e+00
1.245964383140474308e+00
1.239518081849956932e+00
1.245842850833882132e+00
1.243071658279603087e+00
1.239801432388038416e+00
1.240892420748989533e+00
1.263230664090741362e+00
1.267032853049078422e+00
1.248141474017951502e+00
1.298764880783546127e+00
1.336500542655968404e+00
1.325875349797869918e+00
1.329980583878077827e+00
1.344755912391930597e+00
1.323943417410023971e+00
1.345704883123491902e+00
1.340912109314349010e+00
1.396508233677283384e+00
1.406356536610324559e+00
1.409678258742260493e+00
1.399038734691715691e+00
1.384229218544690498e+00
1.377516456962210700e+00
1.346818697470173021e+00
1.382288224307832492e+00
1.453059438716292506e+00
1.492768933926004182e+00
1.511264498554182767e+00
1.513723776513113739e+00
1.520979746562652446e+00
1.537783148598315330e+00
1.584156510198875489e+00
1.568738462987920856e+00
