2.250000000000000056e-01
0.000000000000000000e+00
8.915088345774481449e-02
1.712451393093788188e-01
2.474556699871064691e-01
3.294957982003941521e-01
4.708043540037427088e-01
6.823310352771385645e-01
7.740075720476610188e-01
8.132794240976681799e-01
8.545778371801603379e-01
8.933505114697045668e-01
9.086607946861586793e-01
9.194480944768197439e-01
9.673643650939741656e-01
9.934506061126059384e-01
9.880523114857481248e-01
9.813784884925983443e-01
9.814313736638050623e-01
9.838755393449913900e-01
9.833022112130480608e-01
1.001959190901831942e+00
9.932030794173175581e-01
9.914216272639883032e-01
9.930572260465660994e-01
1.001783695746037983e+00
1.010937963149858287e+00
1.030660919302388345e+00
1.053980338339407075e+00
1.063435460728699322e+00
1.068846959523310769e+00
1.067095988803282713e+00
1.064466497081440588e+00
1.068510826705926231e+00
1.061456022884313510e+00
1.055574618707076917e+00
1.044401361797121286e+00
1.037608818656147625e+00
1.025266439191540258e+00
1.032518649604897476e+00
1.036258682836260103e+00
1.042079531471027831e+00
1.050145123206634112e+00
1.055248765926135146e+00
1.051909475784180925e+00
1.050165396808652396e+00
1.046597344737092428e+00
1.043300426990474872e+00
1.034828192184203521e+00
1.025065280439617199e+00
1.012556524949607795e+00
1.012092217209921152e+00
1.017093008308086910e+00
1.009822124914912411e+00
1.000648493869874978e+00
9.981862415319496806e-01
9.992101585613495374e-01
1.000847075452624191e+00
1.006594367505065035e+00
1.016965788312052865e+00
1.028068339309719859e+00
1.033328329085540176e+00
1.022795327118188657e+00
1.024387445456129919e+00
1.025590783470819556e+00
1.033035877046085016e+00
1.036703952999873612e+00
1.042678922601303348e+00
1.048857500572497159e+00
1.048371779329085873e+00
1.047252438083983606e+00
1.034499157789927404e+00
1.022469137004185180e+00
1.011277856163346867e+00
1.003453832173152760e+00
1.012308463996293151e+00
1.008066666977419201e+00
1.015878365815613860e+00
1.019789780064335627e+00
1.038210079956851883e+00
1.033884536970351542e+00
1.038762538575217942e+00
1.037138947131258426e+00
1.035808827987047875e+00
1.033056280787610914e+00
1.023160258736251826e+00
1.014299525190965223e+00
1.014376177501385534e+00
1.009290610977424008e+00
1.001355257722282399e+00
9.922066765686067269e-01
9.777849302548187183e-01
9.687433474317936888e-01
9.582257737983491674e-01
9.517620658957518520e-01
9.491529651870667106e-01
9.646750914743260630e-01
9.674462231416515179e-01
9.699918343924819331e-01
9.781989234916668163e-01
