2.250000000000000056e-01
0.000000000000000000e+00
0.000000000000000000e+00
0.000000000000000000e+00
0.000000000000000000e+00
1.321316301767619938e+00
1.396831778701248084e+00
1.372807421185389121e+00
1.398026708643267613e+00
1.452151295250995178e+00
1.398374393880271516e+00
1.397739215272362223e+00
1.463929499555438163e+00
1.434319425157498218e+00
1.396351976641931225e+00
1.462664116181076279e+00
1.435578858607432728e+00
1.304477459421561791e+00
1.311617884278392321e+00
1.233692643025303459e+00
1.292043847913780796e+00
1.285603961328494860e+00
1.277475045501401008e+00
1.245563044091041016e+00
1.186810130551545495e+00
1.181270445152102999e+00
1.154387969264822233e+00
1.154032975019374962e+00
1.162322442290564695e+00
1.135467529859827351e+00
1.114827261657977298e+00
1.101808937964428914e+00
1.089812565199997474e+00
1.092084017757859460e+00
1.091708153198272191e+00
1.140781835559409485e+00
1.136414952067023032e+00
1.139575699311835111e+00
1.161260012804990582e+00
1.143161580837699809e+00
1.148684967285302561e+00
1.159139563381871518e+00
1.183949141532054439e+00
1.194642424457003749e+00
1.225023249445224227e+00
1.229591564328741393e+00
1.222196595815234321e+00
1.214554096364651281e+00
1.192003188757528420e+00
1.185211219860670795e+00
1.187001108939169658e+00
1.178858497996882360e+00
1.179776031266252634e+00
1.176002920815629960e+00
1.180508701494676682e+00
1.159545490286591596e+00
1.165866208726386910e+00
1.160026007552552585e+00
1.155661922700580879e+00
1.145284840670887094e+00
1.141006594593682699e+00
1.121066583261229654e+00
1.103965144636867013e+00
1.102339350607130619e+00
1.105996355960749744e+00
1.111663958912961325e+00
1.120235557428839179e+00
1.138264186794872845e+00
1.147823997439342047e+00
1.138253625802750468e+00
1.141519774191132930e+00
1.144786068348819130e+00
1.127472965445327047e+00
1.127388921043041226e+00
1.129941602940777390e+00
1.129752900508958602e+00
1.140453684540017720e+00
1.134747301411619391e+00
1.125126100936917561e+00
1.121037978748100405e+00
1.121451508465015401e+00
1.117217758612347067e+00
1.115650319359049236e+00
1.123501318078752309e+00
1.137577928433901153e+00
1.143793172036063011e+00
1.147338330704997800e+00
1.152437544554631321e+00
1.161959727458275804e+00
1.171830317906375374e+00
1.172796261957606667e+00
1.172945246799564245e+00
1.173203972456536182e+00
1.166012708346758631e+00
1.172209548532651358e+00
1.170847705078881917e+00
1.165094590427476984e+00
1.158828728683348075e+00
1.154798929396070095e+00
1.153945942749655673e+00
