2.250000000000000056e-01
0.000000000000000000e+00
0.000000000000000000e+00
0.000000000000000000e+00
0.000000000000000000e+00
1.185744402419495414e+00
1.116623710375386880e+00
1.362131929669852193e+00
1.403302669314391071e+00
1.505691640837967693e+00
1.367279075096636376e+00
1.288886957982366521e+00
1.160328263677523841e+00
1.110102814857558240e+00
1.155215856745001490e+00
1.153622476515954176e+00
1.156719091871010408e+00
1.160820019047037688e+00
1.135340206998258550e+00
1.148551659339689168e+00
1.172436406107502105e+00
1.135960229063060822e+00
1.114097944601225132e+00
1.106260897022596223e+00
1.140588015981443215e+00
1.147474897128526683e+00
1.166268677105617657e+00
1.185211657891992232e+00
1.183754813668819184e+00
1.213113885346550402e+00
1.217434693349697117e+00
1.210831658754839335e+00
1.211002220769628268e+00
1.209262475252135705e+00
1.229584914703826026e+00
1.210651629211183522e+00
1.191554451340647747e+00
1.185909512089631690e+00
1.182087937649860754e+00
1.184198665998249300e+00
1.191531030047505935e+00
1.188856825715780330e+00
1.183752697998657899e+00
1.183414510330313307e+00
1.192274897185917615e+00
1.198662032245818132e+00
1.200868235577945864e+00
1.206557378745816589e+00
1.203929591380876296e+00
1.209243035452223447e+00
1.226005972517302700e+00
1.230993896174706670e+00
1.234582883693412070e+00
1.236168833253770361e+00
1.231946265846969757e+00
1.232245369486405950e+00
1.226035014792439481e+00
1.215485896438027069e+00
1.216273187694337121e+00
1.206228251917789596e+00
1.199382830585429716e+00
1.198185131363621370e+00
1.191593496437781230e+00
1.188564377036284148e+00
1.192882149162432182e+00
1.206566350903913509e+00
1.198346229677740737e+00
1.185148274171240024e+00
1.177974636345505033e+00
1.176737551801058990e+00
1.172822971993255470e+00
1.174926935451769294e+00
1.176170455519890856e+00
1.176330886308674328e+00
1.181946339977600680e+00
1.186216249027876923e+00
1.189934707810037295e+00
1.189395592903664811e+00
1.195883046312031128e+00
1.200239128734044591e+00
1.205835609367035932e+00
1.212318700033784058e+00
1.210354200413917614e+00
1.208884038424286933e+00
1.206573523574661300e+00
1.207015704425739688e+00
1.210207694083661689e+00
1.216406374731181739e+00
1.208010366530026580e+00
1.212875730032619392e+00
1.214122377098758809e+00
1.215288666308315335e+00
1.209813807221483906e+00
1.210908426794834236e+00
1.208790488668176621e+00
1.205131048963129503e+00
1.200041979717916041e+00
1.206297831520188213e+00
1.205693024825971404e+00
1.200913965544532447e+00
