2.250000000000000056e-01
0.000000000000000000e+00
0.000000000000000000e+00
0.000000000000000000e+00
0.000000000000000000e+00
0.000000000000000000e+00
0.000000000000000000e+00
0.000000000000000000e+00
1.928680505848226756e-01
1.837248173633495019e-01
1.862503563411248841e-01
2.239892964946149367e-01
2.359621029700486039e-01
2.665175523677331682e-01
2.572695984653504131e-01
2.609735868502208178e-01
2.859193906035079613e-01
2.894564020251324532e-01
2.890311789690196975e-01
3.011564556900068745e-01
1.054711564863339390e+00
1.223108407027994504e+00
1.210287375456255310e+00
1.231121189790822301e+00
1.151441418967079633e+00
1.101664037688393494e+00
1.044905618812720594e+00
9.866376634856265371e-01
9.451488054765203595e-01
1.066530766307941525e+00
1.031142041181067226e+00
9.627574362664005347e-01
9.537345402366830260e-01
1.014086508727387370e+00
1.032763234498220273e+00
1.005962985102299756e+00
1.064165682212329767e+00
1.064061358061910934e+00
1.015793775108202235e+00
9.976936601092945001e-01
9.738840404469896184e-01
9.418361245804403037e-01
9.716213502563408877e-01
9.707649310709968171e-01
1.008121082946414226e+00
1.014982654808806117e+00
1.043554366297019698e+00
1.069943342734553271e+00
1.082237955351665670e+00
1.080415088496893494e+00
1.069732241152192342e+00
1.058723289625773667e+00
1.050900350504561986e+00
1.047331736671188951e+00
1.043281728405042186e+00
1.048454788966128204e+00
1.062210275338477006e+00
1.067956548983920895e+00
1.083885907235964563e+00
1.075093772211676457e+00
1.084494645150956948e+00
1.084095763575714244e+00
1.068026382460421031e+00
1.059808803160515733e+00
1.055265945441918873e+00
1.049606962055563031e+00
1.038686383567339444e+00
1.046098894436306992e+00
1.048966989618279388e+00
1.037019005657319637e+00
1.037934778528386781e+00
1.045168882151535250e+00
1.045922848621046786e+00
1.046864488459782638e+00
1.070618735187509385e+00
1.076822336400123703e+00
1.082495595835944346e+00
1.079805058239895255e+00
1.082224090099221714e+00
1.092437752133735840e+00
1.095435565793304367e+00
1.094763161836971976e+00
1.097841049987360762e+00
1.100587319847929235e+00
1.098647394624962415e+00
1.094181230378888037e+00
1.105292996323381516e+00
1.109353032491567470e+00
1.136834901105597595e+00
1.150099641802988071e+00
1.148380913849629259e+00
1.143552545622218197e+00
1.140163868369396205e+00
1.146095789781776730e+00
1.150975419736149252e+00
1.167449114586563086e+00
1.179122396848453214e+00
1.179325906437973748e+00
1.181308483230272710e+00
1.191898058889368839e+00
