2.250000000000000056e-01
0.000000000000000000e+00
0.000000000000000000e+00
0.000000000000000000e+00
7.714436641104464865e-02
7.713990384871675932e-02
1.279289933866322726e-01
1.146527718152994674e-01
1.628628595765507225e-01
3.339069185665199946e-01
4.769926623793369069e-01
4.990620596406360465e-01
5.608062708421795994e-01
5.707222884188415390e-01
6.475472007161270360e-01
6.720571297405705247e-01
6.822782053446411199e-01
6.860606718497227474e-01
6.895332142308397971e-01
6.809649223236217130e-01
6.773814300275158296e-01
6.630442879311745363e-01
6.725515931434233874e-01
6.667126647297415554e-01
6.520685581481601156e-01
6.451952594331714641e-01
6.508268797708721687e-01
6.454165268212863626e-01
6.339529307181382967e-01
6.268567489282724781e-01
6.146487962697178009e-01
6.142006877954886424e-01
6.077563357037945035e-01
6.382326342104541750e-01
6.696130056151000653e-01
6.629326513790447795e-01
6.635112090780529437e-01
6.609579194044362671e-01
6.535260018931574599e-01
6.625317076533118188e-01
6.682757989636984863e-01
6.832961698637952663e-01
6.902699831174861078e-01
6.835280555192505547e-01
6.793127898096350537e-01
6.663695646939975514e-01
6.538587162340293579e-01
6.506862989040042011e-01
6.475974766439818175e-01
6.474818970970103171e-01
6.296379050505652719e-01
6.176711873420656085e-01
6.160470465836406229e-01
6.089079356302802282e-01
6.043799683599868633e-01
5.996241973105784773e-01
5.975551148354670827e-01
5.926937900277964300e-01
5.907473839362517021e-01
5.986651255064643351e-01
6.068323028001703090e-01
6.123057082165505038e-01
6.198438106906708489e-01
6.232112440949513221e-01
6.233268654882432314e-01
6.252199792649656418e-01
6.186272452106998943e-01
6.128726477001193995e-01
6.102958349644697078e-01
6.082688171973881230e-01
6.135134021832026052e-01
6.149710632982392511e-01
6.174923240977744365e-01
6.124858440790206249e-01
6.249752400002671626e-01
6.240564730230875323e-01
6.311199928375751389e-01
6.315657593021282157e-01
6.319503943135313939e-01
6.395019409095276108e-01
6.426250314542570896e-01
6.418603772417627029e-01
6.404905625124126534e-01
6.393487278341022373e-01
6.365065658570805418e-01
6.389448032847981906e-01
6.402018185133493411e-01
6.403900594920608480e-01
6.407337324103975496e-01
6.394792533857940331e-01
6.393893558368600738e-01
6.417213359359456026e-01
6.375466674824451507e-01
6.350677161728134346e-01
6.411096174485205745e-01
6.454025603885685802e-01
6.446002600335827282e-01
6.345074215981392207e-01
6.353296850832379494e-01
6.292739817218009346e-01
