2.250000000000000056e-01
0.000000000000000000e+00
0.000000000000000000e+00
2.109126701667805581e-01
2.656302919153191167e-01
2.846255497331933726e-01
3.044017341504770546e-01
3.265780502139875585e-01
3.466315210040512573e-01
3.749478335659871542e-01
3.974881362617619374e-01
4.271438417000362198e-01
4.535280177311346028e-01
4.840596589803591865e-01
5.137580554203162730e-01
5.526250345489821525e-01
6.436958320958647839e-01
7.049997112318027170e-01
7.800474325380548635e-01
8.162247063288712301e-01
8.318922500239634976e-01
8.340787214923750525e-01
8.556078488243461511e-01
8.295582762394867471e-01
7.838807254397732738e-01
7.603999312048053127e-01
7.446046635029822669e-01
7.461582854039061630e-01
7.345057155408262206e-01
7.425614406883770391e-01
7.408244761871809470e-01
7.542436314032309186e-01
7.626790804623817532e-01
7.788480617582812515e-01
7.942063960569655245e-01
8.134258008679662311e-01
8.348062985007697057e-01
8.493874074884417702e-01
8.785665699099851622e-01
8.946246540759722476e-01
9.185868489509410040e-01
9.454633062212879357e-01
9.664262419056302011e-01
9.930779125694798593e-01
1.025712065299875242e+00
1.260186374582020763e+00
1.350747884004696697e+00
1.429532507569640343e+00
1.530955536697482300e+00
1.563402430196958237e+00
1.581451435031321795e+00
1.584350475893898436e+00
1.613736719987625579e+00
1.632930391763691702e+00
1.652724078100334282e+00
1.664466633247601468e+00
1.670133708928356775e+00
1.667546064704673148e+00
1.667966653345699379e+00
1.671651650158159752e+00
1.667606637506233058e+00
1.659642447553928868e+00
1.650257274671330654e+00
1.636693334536819977e+00
1.624005568856702331e+00
1.605367751058270454e+00
1.584118943524666756e+00
1.557495612385434214e+00
1.534532427982702840e+00
1.509077699686327323e+00
1.492455995265004942e+00
1.473433165541672585e+00
1.467257361084897349e+00
1.472438753943616119e+00
1.475378978842461164e+00
1.482745727172738226e+00
1.522664977077578863e+00
1.598768516263483042e+00
1.617027292897159185e+00
1.624945633016121604e+00
1.641566161045422412e+00
1.618522412120982468e+00
1.590768445069406178e+00
1.543463851685080268e+00
1.495456601481366388e+00
1.415103526509808862e+00
1.334548625923068554e+00
1.279142803983187138e+00
1.243041165703484552e+00
1.257366725698708887e+00
1.267875384046567078e+00
1.291894322484630431e+00
1.328619986791736318e+00
1.345888304022879289e+00
1.356975421263078019e+00
1.384116055434361892e+00
1.419955140446299335e+00
1.434569176628866849e+00
1.444493188095379299e+00
1.438817303942344195e+00
