2.250000000000000056e-01
0.000000000000000000e+00
0.000000000000000000e+00
0.000000000000000000e+00
1.010036482549724557e+00
1.013840782134688867e+00
1.016559945823100275e+00
9.935361486866731706e-01
9.871232364558997219e-01
8.694040867934126338e-01
8.386459466130813389e-01
8.541909621874939074e-01
8.539372285706794408e-01
8.449770459608481055e-01
8.555765760831950395e-01
8.496806102451520681e-01
8.213495974182233317e-01
8.135394922640994952e-01
8.243870891630002973e-01
8.137112476194139354e-01
8.023108113190710045e-01
8.053242982044210851e-01
8.018987861681957652e-01
7.976243993257146059e-01
8.046930631441023829e-01
8.105100657794641617e-01
8.051527778233005250e-01
7.961918811393788875e-01
7.986667291550122449e-01
7.965975893091395976e-01
8.009263075851855707e-01
7.969655939847872794e-01
7.947482344367878815e-01
7.965275616071284537e-01
7.910878541815666853e-01
7.951398125381679005e-01
7.911327385546588209e-01
7.891226105122857160e-01
7.921550976897572260e-01
7.940354914687156596e-01
7.897348958148164844e-01
7.924473297049501319e-01
8.008186659683170783e-01
8.024500624916143243e-01
8.012115807965433101e-01
8.005836790013687310e-01
7.978079562579712958e-01
8.034546231565037333e-01
8.056157527244754979e-01
8.042395581547114869e-01
8.036078641217268004e-01
8.046938251460149516e-01
8.025574083392076341e-01
8.022335858367941608e-01
8.024071430797483639e-01
7.971677696147120296e-01
7.994902039245191938e-01
7.993390588606376079e-01
8.031569239949596373e-01
8.011596708163138958e-01
8.023119707108594678e-01
8.014212239923623748e-01
8.049093298735314761e-01
8.079856834016286848e-01
8.100592221996280040e-01
8.092790389707047449e-01
8.045938989857934764e-01
8.026399956653699208e-01
8.026798892551746389e-01
8.009212907422446071e-01
8.026519466588615259e-01
8.029202318267750771e-01
8.011472232018489459e-01
8.000539374823022465e-01
8.016883313423317503e-01
8.011752189404829361e-01
8.002154485925424554e-01
8.021428609441673130e-01
8.057172332005032578e-01
8.059946416658314572e-01
8.066436417714439866e-01
8.074600445890897094e-01
8.067619576349633892e-01
8.031868084233643179e-01
8.002055859283347949e-01
8.025980448885272622e-01
8.042768355230939248e-01
8.029700137690504169e-01
8.039581542491278654e-01
8.036761850278171249e-01
8.035480087852844289e-01
8.049633493644986482e-01
8.085094228476653599e-01
8.100482358904369518e-01
8.104305309205863672e-01
8.124152332619725136e-01
8.118968802568587995e-01
8.103813896139844264e-01
8.109048529901679014e-01
8.109675257215572808e-01
