2.250000000000000056e-01
0.000000000000000000e+00
0.000000000000000000e+00
0.000000000000000000e+00
0.000000000000000000e+00
0.000000000000000000e+00
0.000000000000000000e+00
0.000000000000000000e+00
1.311986608990453940e+00
1.283833679299514863e+00
1.300074499181100851e+00
1.300312808612853699e+00
1.220801026245943888e+00
1.178193892620773342e+00
1.123004222926334617e+00
1.170180450923828719e+00
1.114500623574650406e+00
1.133045339513030880e+00
1.123933564640642757e+00
1.117572698423124011e+00
1.130309152241045112e+00
1.118480883105433366e+00
1.131816394873865539e+00
1.141430086820416356e+00
1.190742829200778008e+00
1.293450491006303160e+00
1.339093489907322354e+00
1.319280977706329239e+00
1.293671894556640778e+00
1.279656318291076511e+00
1.249279831565579535e+00
1.248446326459627276e+00
1.227667649521340110e+00
1.226630584344053920e+00
1.232938874265401941e+00
1.224120873597501769e+00
1.215959747647224143e+00
1.206158456797283840e+00
1.218831358068809934e+00
1.251139941602303907e+00
1.243310032888756744e+00
1.225652036526514221e+00
1.238241739168170374e+00
1.256332062165485208e+00
1.262759785421932124e+00
1.271239622109427314e+00
1.268073820335847701e+00
1.269194535240556032e+00
1.272149362160834851e+00
1.261015528961304311e+00
1.272737731283130724e+00
1.268640808344651871e+00
1.274491431479841452e+00
1.273997922132201976e+00
1.277579396649441756e+00
1.264882861264851055e+00
1.280598421183865021e+00
1.304138342811523854e+00
1.301578505432938515e+00
1.295605381175342741e+00
1.294753229259012262e+00
1.283427535398917740e+00
1.277782523460386122e+00
1.270847364513088218e+00
1.264202799624447371e+00
1.279465450307871510e+00
1.281069720600642947e+00
1.280856771919067105e+00
1.281729892057752007e+00
1.284388257191142468e+00
1.276802118232013505e+00
1.264733326815468129e+00
1.251880310524903894e+00
1.252699111703558188e+00
1.262640316384208816e+00
1.269724342868717271e+00
1.269792369577581237e+00
1.263852505862070208e+00
1.266191209632391734e+00
1.272099067246697635e+00
1.271802144699756498e+00
1.281782590995498516e+00
1.282395295421860704e+00
1.286883839300604793e+00
1.282136567661837256e+00
1.277348964254800379e+00
1.279361467761589655e+00
1.273360392992108681e+00
1.272258060927782708e+00
1.275584400180787226e+00
1.271598664805630552e+00
1.265553811956152686e+00
1.263211982297265612e+00
1.257163639976780489e+00
1.253756767508525272e+00
1.247023620502537122e+00
1.246125497612486033e+00
1.248440982303411717e+00
1.259836361086487555e+00
1.266685905373990506e+00
