2.250000000000000056e-01
0.000000000000000000e+00
1.054058880709167617e-01
2.272318123317865757e-01
2.745592627795919172e-01
2.773929287760896756e-01
3.260388930004347596e-01
3.538877098151566591e-01
4.155839696668718886e-01
7.431443920553518767e-01
7.871139047931569044e-01
7.986744917988192194e-01
7.976780569912209629e-01
7.945502307413997434e-01
7.824853662075502703e-01
7.699618628398291476e-01
7.423500710930277524e-01
7.217984280840157307e-01
6.795622149240406751e-01
6.447480994855800951e-01
6.153316787762362905e-01
5.768767425207185218e-01
5.495585779300929952e-01
5.319450824529826649e-01
5.440862213260018176e-01
6.563547048359020808e-01
6.882219487279137571e-01
6.984262915657633020e-01
6.841058685424071806e-01
6.901629137471962938e-01
7.130839570880037614e-01
6.854500892120379829e-01
7.089274007177518433e-01
7.254589537275483169e-01
7.191872724123847815e-01
7.133580735549769347e-01
7.026259205060337854e-01
6.890320562403295934e-01
6.718148347488114291e-01
6.591704924162723467e-01
6.449965045343698522e-01
6.317589194188915069e-01
6.155435740998999039e-01
6.134607401011965555e-01
6.145666295863490003e-01
6.153162037106428839e-01
6.241871563370460230e-01
6.334216560995920009e-01
6.488769473853501779e-01
6.630031362783814775e-01
6.739604061287957082e-01
6.769436097764826021e-01
6.730950397570963917e-01
6.674787184039788768e-01
6.601230557365667106e-01
6.582260821238046233e-01
6.593281963775140531e-01
6.565212548729910669e-01
6.625861784110659292e-01
6.694035123958388400e-01
6.751270611003346023e-01
6.770996505621003081e-01
6.829617300728376694e-01
6.870807995965325654e-01
6.856048191347932086e-01
6.861278084347623984e-01
6.861206535595986145e-01
6.859117670781222920e-01
6.834031490649614682e-01
6.819480304726097675e-01
6.805977052707459229e-01
6.838732946905943244e-01
6.863869326232900914e-01
6.846646440872822259e-01
6.850800588149004167e-01
6.859918162052588420e-01
6.886724885270242291e-01
6.872346000812162847e-01
6.819206053139837964e-01
6.868440673100774108e-01
6.843614692170945091e-01
6.807165491880231567e-01
6.775785313175339830e-01
6.753385130901178313e-01
6.773622512622506919e-01
6.773264347166708665e-01
6.848235097585938513e-01
6.887414284454165259e-01
6.834988544823241696e-01
6.798756319272394322e-01
6.774026902931647998e-01
6.785007308563393291e-01
6.777661174741458350e-01
6.766854886881987774e-01
6.777145200545715564e-01
6.789054719491175449e-01
6.801874160069131259e-01
6.830001930641635965e-01
6.833663203354026772e-01
6.887394927874306294e-01
