2.250000000000000056e-01
0.000000000000000000e+00
0.000000000000000000e+00
0.000000000000000000e+00
0.000000000000000000e+00
0.000000000000000000e+00
0.000000000000000000e+00
0.000000000000000000e+00
0.000000000000000000e+00
0.000000000000000000e+00
0.000000000000000000e+00
0.000000000000000000e+00
1.078693702639102803e+00
1.023704683113524139e+00
1.005350286314818486e+00
9.326130562245517064e-01
8.830146521681127014e-01
7.389087815892900757e-01
7.444508860871474898e-01
7.659737488873712419e-01
7.896024327529872489e-01
7.975523854423648418e-01
8.717948614202820634e-01
8.708016926616435338e-01
8.786883218366842163e-01
8.689891674075098660e-01
8.082285915495556194e-01
7.968086539427388093e-01
7.939305801910538918e-01
8.124445390072294604e-01
8.080587197494755181e-01
8.082078147381548394e-01
8.257098042348918199e-01
8.423212418650020128e-01
8.500734630636618272e-01
8.356229063048339345e-01
8.397924794163815765e-01
8.178280944160923882e-01
8.024686752597827155e-01
7.941102401536636046e-01
7.886510056864241003e-01
7.958437889040882451e-01
8.035914086481682483e-01
7.962066164811997249e-01
8.059970540136300876e-01
8.218426237438222204e-01
8.255033536585738574e-01
8.286346375866471270e-01
8.239996812720266073e-01
8.183396216847458327e-01
8.109673628718184757e-01
7.970681862242615656e-01
7.898303710264407140e-01
8.014212400232182398e-01
8.109363322234802718e-01
8.028135447822768445e-01
8.050367043820962909e-01
8.025419604325065848e-01
7.899667554698341920e-01
7.801392087770472328e-01
7.805989926074963225e-01
7.808000527654137546e-01
7.821471145386093005e-01
7.869884877678315904e-01
7.930544327976438712e-01
7.987074641190858859e-01
7.943550903321303647e-01
7.864119480510440852e-01
7.815184957390304277e-01
7.816357423376244506e-01
7.873137877139244623e-01
7.848831042242102596e-01
7.885534815638012285e-01
7.865728066714953171e-01
7.855939955768317384e-01
7.768594629784441041e-01
7.779899790267447157e-01
7.758309350456386033e-01
7.761270910945893275e-01
7.803290237031712540e-01
7.834349756192718894e-01
7.799352766055588360e-01
7.827212478296076137e-01
7.771106226902199099e-01
7.743278861868602148e-01
7.801499965656769620e-01
7.909619898469908428e-01
7.973215115609245673e-01
8.001417236732045746e-01
8.026576462715595550e-01
7.991567214392368834e-01
7.984941101674757347e-01
7.983625767997515332e-01
8.006043671017594177e-01
7.926834650178743447e-01
7.943269412345861369e-01
8.002181297908220747e-01
7.979973373230352385e-01
8.054856026357595233e-01
8.050396029524081731e-01
