2.250000000000000056e-01
9.544893703914891780e-02
9.544556752723408477e-02
1.229497183995903742e-01
1.141294438051285581e-01
1.394776131776239159e-01
1.408799800642334121e-01
1.699307070557502242e-01
1.717413239633859001e-01
1.903078127725889024e-01
2.063958924955082985e-01
2.090416824433382892e-01
2.442778099885844489e-01
2.481727551157126843e-01
2.629866706199454618e-01
2.895221325589855677e-01
2.939733005714130765e-01
3.130801749460635497e-01
3.373659692562321899e-01
3.420508436644875139e-01
3.616465035448952481e-01
3.862769028823116457e-01
4.037494930861137976e-01
4.106109596476161805e-01
4.316082803553470404e-01
4.531050356928059131e-01
4.754236297693903435e-01
4.948200089190585294e-01
5.016898516472853009e-01
5.720058941910500794e-01
6.283698718500290159e-01
6.463045974074558275e-01
6.515948867030270097e-01
6.579103108635340202e-01
6.584541430510540971e-01
6.625047972901344506e-01
6.708561091014180189e-01
6.796754214990109455e-01
6.836141589176158995e-01
6.841730480545320514e-01
6.832957204687212238e-01
6.822822414577984773e-01
6.792834770416303902e-01
6.798103709403526818e-01
6.706155565023725895e-01
6.627721349723033617e-01
6.495964623854988407e-01
6.066273223755078714e-01
5.672839481496843028e-01
5.458324403501347843e-01
5.039466470514656349e-01
4.889571694815034175e-01
4.663280770441466938e-01
4.558535586016038699e-01
4.512144851402040691e-01
4.614902517451657804e-01
4.601221134126271539e-01
4.669198840100125536e-01
4.802074916300787533e-01
5.066378442232823964e-01
5.286922032363081669e-01
5.442775233958878633e-01
5.613076307169329038e-01
5.685205120920372446e-01
5.683563069151902347e-01
5.621612947705521002e-01
5.590378325994219688e-01
5.460499583215314701e-01
5.173166891423022218e-01
5.050267821713423366e-01
5.014910162523396053e-01
4.918519953028607228e-01
4.799593036672339386e-01
4.901891360400781883e-01
5.326707303514764957e-01
5.560863263553663671e-01
5.728016036563743363e-01
5.785070558479961100e-01
5.855783312952418385e-01
6.026412181769821297e-01
6.143609487841232841e-01
6.104504975436123582e-01
6.074341869608109734e-01
6.021116850798506892e-01
5.915591960993283882e-01
5.776992009405010897e-01
5.830225750139371721e-01
5.801485757285800293e-01
5.799497752520250682e-01
5.806793383803765529e-01
5.814277189458164630e-01
5.743449560233222506e-01
5.839793762977615321e-01
5.843840892745946203e-01
5.808324209271420457e-01
5.643455444576639390e-01
5.594099056746618670e-01
5.454480720689178774e-01
5.443604844751847027e-01
5.493225406542624478e-01
