2.250000000000000056e-01
0.000000000000000000e+00
0.000000000000000000e+00
4.010541308661876719e-02
7.367941266709947257e-02
1.885968821483964830e-01
3.740968603796599457e-01
4.759604094759058990e-01
4.642264743037260999e-01
4.882580130364205795e-01
4.930145871201881413e-01
4.853263704458962158e-01
4.632272033563326064e-01
4.694063511545034650e-01
4.514884171601267759e-01
4.381296725518859514e-01
4.215854552110419040e-01
4.313035027876087057e-01
4.301277223147514928e-01
4.228195408222465979e-01
4.210825789073462389e-01
4.206204875009001420e-01
4.203040394989907558e-01
4.390228486903207106e-01
4.560303341087499351e-01
4.658403395312625817e-01
4.773418890658680525e-01
4.732440615058157163e-01
4.733824855249760821e-01
4.762743187771159015e-01
4.749719915604445619e-01
4.673446294397276546e-01
4.645365388879112434e-01
4.618965318587002766e-01
4.635635655249246145e-01
4.598442202457600492e-01
4.589881353422306520e-01
4.602582116714045712e-01
4.589945933319093951e-01
4.597200128946050124e-01
4.625449190280561118e-01
4.659431830334574420e-01
4.707180739363666655e-01
4.774893688944491510e-01
4.828074949410300354e-01
4.839871110298767376e-01
4.879796301056032459e-01
4.923509328754753223e-01
4.916541063344239126e-01
4.968771785858067114e-01
4.997001594266725633e-01
5.021028613370870364e-01
5.017905718186632669e-01
5.072348973621558788e-01
5.048188206005743695e-01
5.042708574107527264e-01
5.046560554473361604e-01
5.043388437466909124e-01
5.056668717728504125e-01
5.054520545796130637e-01
5.098825574637035896e-01
5.069208714186246301e-01
5.055154987217506113e-01
5.050483596600171543e-01
5.079518934717609513e-01
5.084780007710346661e-01
5.090872129773416077e-01
5.146201733640590747e-01
5.192113391206584216e-01
5.190417265593461060e-01
5.179487832377173140e-01
5.171565178689377928e-01
5.190026662941996660e-01
5.230937179307514340e-01
5.280677325233470443e-01
5.277626830293437044e-01
5.285747872930113278e-01
5.272976695172004735e-01
5.232794229656834162e-01
5.214744042190512241e-01
5.168350269644373940e-01
5.149808593741105334e-01
5.089795601376436718e-01
5.095508124039617170e-01
5.096488859549893613e-01
5.135362206173256228e-01
5.126730340552915210e-01
5.137718571793509215e-01
5.136046173930668424e-01
5.141098580650365069e-01
5.068293661530416383e-01
5.024738531354882021e-01
4.993782906361903251e-01
4.956560742544284803e-01
4.967730047386170744e-01
4.928301919787752006e-01
4.924141614538048994e-01
4.894777911820558658e-01
4.910614412633688142e-01
4.930729148859834821e-01
