2.250000000000000056e-01
0.000000000000000000e+00
0.000000000000000000e+00
1.345562720938126677e+00
1.309760753441137071e+00
1.426983977841599360e+00
1.446108672071412027e+00
1.415042212120758647e+00
1.380290977018134635e+00
1.383113751850608697e+00
1.372666458656694788e+00
1.361953656826938142e+00
1.358328909281046659e+00
1.342888569312193692e+00
1.294745454158911180e+00
1.226716367802855645e+00
1.223460489387989014e+00
1.217395357471438677e+00
1.208037734836437060e+00
1.178339471004905548e+00
1.149547205123754301e+00
1.141681486715931948e+00
1.126029548101610489e+00
1.094277513788930456e+00
1.077831294250800154e+00
1.083268629223895330e+00
1.083721167357537984e+00
1.067152085569533559e+00
1.060298584500356744e+00
1.063675410423403411e+00
1.061639938693991647e+00
1.061627603457873548e+00
1.078216085595271601e+00
1.080158212845951926e+00
1.080405634668822001e+00
1.066637491360088674e+00
1.068777486397580523e+00
1.077721853769491922e+00
1.088333354385626173e+00
1.083346233824892257e+00
1.090613174913237282e+00
1.081398334254145777e+00
1.060637294615266457e+00
1.053607611585219317e+00
1.035881542186938065e+00
1.026861075918092725e+00
1.021870801662496886e+00
1.007165350346869381e+00
9.996371581855428845e-01
9.846018666400955244e-01
9.869163605432862418e-01
9.777651214734207619e-01
9.798897165870599224e-01
9.732562511684533790e-01
9.730070226701323932e-01
9.699650062617075630e-01
9.642683160895556549e-01
9.473756427851549589e-01
9.367508035091730578e-01
9.378209847240673858e-01
9.393348133816120660e-01
9.392810655382020091e-01
9.428717589456421244e-01
9.446319883602419809e-01
9.499054205472926560e-01
9.499720540085382359e-01
9.458034384996353294e-01
9.441542384037308056e-01
9.435142051192976220e-01
9.404175740337118450e-01
9.361983053571871771e-01
9.343175500455216387e-01
9.286395606621890009e-01
9.201239556763899374e-01
9.200521985237006817e-01
9.193539349833117491e-01
9.229155696746449422e-01
9.244155512411688091e-01
9.214253968244914272e-01
9.201431365278956997e-01
9.226341941555773474e-01
9.210105981345938497e-01
9.197389523884706986e-01
9.144855938646955229e-01
9.169465848946907194e-01
9.166224982874530136e-01
9.184762330455416013e-01
9.246057492330443939e-01
9.238256657536413341e-01
9.301781305007781331e-01
9.325303977703857106e-01
9.315627874231500183e-01
9.334477577696143058e-01
9.314792358102593761e-01
9.298011297019648236e-01
9.304590944186911239e-01
9.322194653933916220e-01
9.305148674918698459e-01
9.325516358633549885e-01
9.260926646796965311e-01
