2.250000000000000056e-01
0.000000000000000000e+00
0.000000000000000000e+00
0.000000000000000000e+00
0.000000000000000000e+00
0.000000000000000000e+00
0.000000000000000000e+00
0.000000000000000000e+00
0.000000000000000000e+00
0.000000000000000000e+00
0.000000000000000000e+00
0.000000000000000000e+00
0.000000000000000000e+00
0.000000000000000000e+00
0.000000000000000000e+00
0.000000000000000000e+00
0.000000000000000000e+00
3.515165586232054107e-01
2.781112070526047808e-01
2.595324483510103586e-01
2.426330260912943626e-01
2.992292003789087107e-01
3.012302766658413455e-01
3.015624205310685202e-01
3.025662713613069266e-01
3.034061464054996771e-01
3.431430257391794858e-01
3.590040730986112649e-01
3.681597186582639680e-01
3.676046537429247807e-01
3.694942167300016567e-01
3.709874087295396694e-01
4.279459933202634514e-01
4.261244414921939727e-01
4.307613991251846297e-01
4.439991011981787028e-01
4.461476472932769388e-01
4.990893619495062605e-01
5.056774748571563061e-01
5.204083891213037161e-01
5.247797969957522790e-01
5.030011280510408023e-01
5.029612954922054735e-01
5.772877479178418758e-01
5.827241380635973522e-01
5.960175124087764287e-01
5.991827436119864236e-01
6.023159229110280899e-01
6.473898459404591188e-01
5.947495469718399042e-01
5.854898281241210922e-01
5.839412145913079888e-01
5.723180237795214564e-01
5.364687919413256845e-01
5.501541937005782756e-01
5.262953978498986496e-01
5.144495074756862962e-01
4.935656045838711092e-01
4.865543164833149858e-01
4.903911214328646184e-01
5.405002569407938440e-01
5.627776371383594878e-01
5.427014963161480576e-01
5.458046005493299990e-01
5.522328181382860635e-01
6.091055353182177612e-01
6.072130530307811025e-01
6.243403790132114883e-01
6.186358598928830554e-01
6.128379085930453218e-01
6.843055162922989654e-01
6.974712335873103353e-01
7.037423987340165610e-01
7.065888372104444093e-01
7.182656956183293140e-01
7.561673762588789760e-01
7.750046584491141477e-01
7.628658835408642647e-01
7.226700253630851112e-01
6.872214651741852531e-01
7.380686495686644699e-01
7.342109810466901365e-01
7.042981839049875514e-01
6.730472874034352238e-01
6.714165103342812913e-01
6.844442681012443686e-01
6.848395183364149874e-01
6.725696335879413068e-01
6.811365017200909922e-01
7.302947904345354901e-01
7.403434504646047021e-01
7.666491570946850631e-01
7.610962836932667619e-01
8.096019558820131135e-01
7.976655159179036891e-01
8.213690875923952417e-01
8.389537228379088107e-01
8.745678862198603687e-01
8.718164622089066285e-01
8.963202615189699296e-01
