2.250000000000000056e-01
0.000000000000000000e+00
0.000000000000000000e+00
2.418108850080729344e-01
3.221296405508748961e-01
3.589151431346569443e-01
6.062070467774111071e-01
7.278279087090319122e-01
7.962656376579723139e-01
8.023797063047856115e-01
8.203540168839943414e-01
8.327580201544649841e-01
8.322234956747402990e-01
8.262056288027085360e-01
8.082490312592681692e-01
7.891225613973406050e-01
7.727118346743642174e-01
7.660462990834703279e-01
7.803238410368870115e-01
7.906947965307673520e-01
8.023506389597447885e-01
8.032444742997191245e-01
8.034741728900457458e-01
7.991446917157752905e-01
7.996636584692661254e-01
8.070171101935321722e-01
8.099274781158548597e-01
8.136083429170209991e-01
8.119342371937453562e-01
8.078090657336236546e-01
8.037890179901781007e-01
8.012649169688988993e-01
8.021786268145872922e-01
8.006252872816870259e-01
8.028967820343618778e-01
7.994019316158093025e-01
8.027803652016615166e-01
8.075676202535485571e-01
8.069013007640156721e-01
8.082107589724858432e-01
8.079393767325824260e-01
8.041496239654917222e-01
7.972626919750115393e-01
7.933534523972116670e-01
7.923372559717576369e-01
7.848777417141510337e-01
7.815634775820895497e-01
7.797996631723668193e-01
7.814578975471804245e-01
7.865179851200418959e-01
7.916542053979858107e-01
8.052810217956821726e-01
8.140263530387407132e-01
8.187366539873319748e-01
8.108885409191542992e-01
8.013803247574011746e-01
7.903455247346962143e-01
7.922267960168372092e-01
7.831812599376226647e-01
7.859038935871469622e-01
7.891085957421201114e-01
7.935714987271704768e-01
7.885263798604206231e-01
7.866071433245966915e-01
7.904266519225839893e-01
7.917233907826695116e-01
7.919324251792525526e-01
7.861751719966223462e-01
7.861931603089966636e-01
7.875126046035151317e-01
7.909950298073270547e-01
7.900755925069931074e-01
7.909601542396187401e-01
7.869325612566711037e-01
7.877380965216222997e-01
7.831656720099695601e-01
7.826452462147199807e-01
7.853327470482582839e-01
7.889896344438156461e-01
7.865309013325416654e-01
7.971692544955634174e-01
7.998469089529585130e-01
7.978350476444853179e-01
7.928950392391961310e-01
7.942954123456216209e-01
7.930973884781020722e-01
7.908473499915764648e-01
7.895001673516547358e-01
7.973918519022245022e-01
7.974027948854813808e-01
7.969763987623158519e-01
8.033110811014189112e-01
8.030926651753899081e-01
8.037331297821790344e-01
8.026040603438742149e-01
8.058236515617831497e-01
7.989369015754694825e-01
8.001497004546770375e-01
8.049846987614002192e-01
8.044526353452795542e-01
