2.250000000000000056e-01
0.000000000000000000e+00
0.000000000000000000e+00
2.202760791392733619e+00
2.167887030448836683e+00
2.185235993421497991e+00
2.172811678398436808e+00
2.338713861752882650e+00
2.328592988032401667e+00
2.298564014368496000e+00
2.295591140157357213e+00
2.294314042499679296e+00
2.306064326132086340e+00
2.296458902697426474e+00
2.250639031892723629e+00
2.221131901659982866e+00
2.200433136179071436e+00
2.160650476053036062e+00
2.123631870013117151e+00
2.099961917762791952e+00
2.092400245488013955e+00
2.053934708671365073e+00
2.011034003575138840e+00
1.976426712802949792e+00
1.949125747062072644e+00
1.886140252107493476e+00
1.867595408734681550e+00
1.847933666177060674e+00
1.789048922933876851e+00
1.803857340784241980e+00
1.785837075513034389e+00
1.777982846583135768e+00
1.751622908216228014e+00
1.741473472431631198e+00
1.754350817437142940e+00
1.761341259753284705e+00
1.775529266749381829e+00
1.749624851746818921e+00
1.804548424690702424e+00
1.806753015481839419e+00
1.814939743991714094e+00
1.808895757040207330e+00
1.853273118891150650e+00
1.830143792868863528e+00
1.830880705596089397e+00
1.873515339507598298e+00
1.858037488356755862e+00
1.861680234082486951e+00
1.869409743077420361e+00
1.871558180563898111e+00
1.852962992052577862e+00
1.837544665145751877e+00
1.831790459263913151e+00
1.829011712804538670e+00
1.819107031442699363e+00
1.793593213827555211e+00
1.779174810543615814e+00
1.796451633467271325e+00
1.814398068759934146e+00
1.811323275996976401e+00
1.808747309424445282e+00
1.813535648225125030e+00
1.826934522072803491e+00
1.827363987100300013e+00
1.816912546803287620e+00
1.804051037561755999e+00
1.798586587658032032e+00
1.790319550569314577e+00
1.789070542942956754e+00
1.799607135569253558e+00
1.815707682335441442e+00
1.823043924676404304e+00
1.817284942313188711e+00
1.819344421792330024e+00
1.823686780508729788e+00
1.822474411481926237e+00
1.812795474977817234e+00
1.819947397561056279e+00
1.813424813959964244e+00
1.813295866109503773e+00
1.808406498576701882e+00
1.814200319181709542e+00
1.813656229002842624e+00
1.820170777309565890e+00
1.804176683814369131e+00
1.804892062091614457e+00
1.813771512649217543e+00
1.818322585465986352e+00
1.818857819484002381e+00
1.829647322886383876e+00
1.841854632353229437e+00
1.845494756401622416e+00
1.844871127254784859e+00
1.851968780519498425e+00
1.850640511046247827e+00
1.851126511884189307e+00
1.851767145432852590e+00
1.852214879244677093e+00
1.850181675262182912e+00
1.843686034582094901e+00
