2.250000000000000056e-01
0.000000000000000000e+00
0.000000000000000000e+00
0.000000000000000000e+00
0.000000000000000000e+00
0.000000000000000000e+00
0.000000000000000000e+00
0.000000000000000000e+00
0.000000000000000000e+00
0.000000000000000000e+00
0.000000000000000000e+00
0.000000000000000000e+00
0.000000000000000000e+00
0.000000000000000000e+00
0.000000000000000000e+00
0.000000000000000000e+00
0.000000000000000000e+00
0.000000000000000000e+00
0.000000000000000000e+00
0.000000000000000000e+00
0.000000000000000000e+00
0.000000000000000000e+00
0.000000000000000000e+00
0.000000000000000000e+00
0.000000000000000000e+00
0.000000000000000000e+00
0.000000000000000000e+00
0.000000000000000000e+00
0.000000000000000000e+00
3.169412192294978614e-01
3.551806533984210867e-01
3.947667329948617576e-01
3.964300070316873481e-01
4.384556907739770582e-01
4.413187640815344759e-01
4.860015906892012905e-01
4.901426901257514013e-01
5.373171981815549891e-01
5.277047737639450897e-01
5.532652150403588598e-01
5.419963379002344928e-01
5.870035161930234890e-01
5.783603630040425880e-01
5.743760098824779448e-01
6.209201889749167425e-01
6.210845534375581956e-01
6.686181534921700198e-01
6.719262734844857476e-01
6.758741248961728232e-01
7.336543368426968748e-01
7.307268547719228957e-01
7.878530946322401807e-01
9.017670959112666917e-01
9.663222052724926847e-01
9.753672850222385726e-01
1.007920968702407993e+00
1.018460159000778242e+00
1.033619528619856842e+00
1.066687698689289254e+00
1.086270684474020864e+00
1.319272048416923804e+00
1.341180356431109777e+00
1.330227728477578086e+00
1.339241429121833749e+00
1.334610619128281161e+00
1.322524140805581894e+00
1.316469781863970123e+00
1.300660165836869719e+00
1.276789485189431250e+00
1.249128265845511399e+00
1.234101947260112908e+00
1.200249349387052522e+00
1.171248701248160939e+00
1.140655512336714139e+00
1.138481675973639362e+00
1.167419630297907407e+00
1.152680640311582128e+00
1.175686182218238507e+00
1.211515565963203755e+00
1.219219744060847432e+00
1.201650980325835727e+00
1.211052482458955470e+00
1.197984990326358856e+00
1.201357065313255479e+00
1.191869908630442509e+00
1.178857906341743922e+00
1.162611906950530738e+00
1.157964376008070451e+00
1.158554402410597373e+00
1.146668580792553849e+00
1.131789027413581117e+00
1.128330172708020607e+00
1.113366745062259966e+00
1.218950156455907985e+00
1.224358448246698039e+00
1.220200642128937307e+00
1.200655320341810883e+00
1.227372723332498916e+00
1.266739894390730647e+00
1.273404641784834590e+00
