2.250000000000000056e-01
0.000000000000000000e+00
0.000000000000000000e+00
2.493522075680841277e-01
3.530481824285749415e-01
6.521668744826729647e-01
8.819447233657945473e-01
1.247499606151658558e+00
1.501220413193271153e+00
1.658277244617155421e+00
1.843996810552536614e+00
1.926818793850755496e+00
1.935648059095797846e+00
1.906889706097608439e+00
1.886615114002845761e+00
1.892176211366569882e+00
1.983392720236832441e+00
1.897265332154166151e+00
1.816861998213016305e+00
1.713583172395936050e+00
1.651465229791508227e+00
1.609354244017013214e+00
1.600639548128944822e+00
1.547045032837144340e+00
1.569110240595803729e+00
1.558061636260287264e+00
1.576735723543251755e+00
1.609778541333542368e+00
1.621726591117653715e+00
1.655433821793923954e+00
1.643226338509717444e+00
1.646057884258942172e+00
1.638397077208169739e+00
1.617040784825287458e+00
1.636595938543243589e+00
1.646657553535407326e+00
1.651270919911026480e+00
1.672539395878540835e+00
1.679606503944383267e+00
1.692042765983625241e+00
1.688240392870660633e+00
1.707533829660658808e+00
1.711753794019231334e+00
1.724322508073366178e+00
1.724229827147737426e+00
1.717551483804067081e+00
1.713233931785735908e+00
1.727372585062950883e+00
1.754327158003425202e+00
1.768294538607662947e+00
1.763901620872491582e+00
1.760603873998849878e+00
1.756806186282184212e+00
1.740199443950937619e+00
1.717183517884428356e+00
1.727610724615412430e+00
1.742602118956871227e+00
1.735647113748231885e+00
1.714712620934026210e+00
1.708569807217354963e+00
1.703421566130166598e+00
1.701516544224421779e+00
1.694710822337644140e+00
1.689237986964755578e+00
1.689311351403982364e+00
1.691834284132589517e+00
1.695657831212705746e+00
1.707991405586025468e+00
1.718216987473316859e+00
1.728143097530725480e+00
1.733889812521411722e+00
1.742935129396488758e+00
1.756256608409659803e+00
1.762741297441837274e+00
1.764977953792520315e+00
1.763046559817026848e+00
1.763686768997372756e+00
1.769980825624897225e+00
1.778586739902738190e+00
1.784605601004043862e+00
1.783596910523620682e+00
1.782575914077828783e+00
1.778351970722280573e+00
1.779505044527509794e+00
1.781998218073573392e+00
1.774687950417743076e+00
1.769239875499428960e+00
1.769505231010756408e+00
1.768897935675522115e+00
1.771203602647467124e+00
1.779970348992133689e+00
1.786160135846274200e+00
1.786534602533733640e+00
1.793948577295405578e+00
1.788730401749950127e+00
1.783183512884065847e+00
1.781088047332537672e+00
1.777959097323541959e+00
1.769269256493352094e+00
1.765696311245500860e+00
