2.250000000000000056e-01
0.000000000000000000e+00
0.000000000000000000e+00
0.000000000000000000e+00
0.000000000000000000e+00
0.000000000000000000e+00
0.000000000000000000e+00
0.000000000000000000e+00
0.000000000000000000e+00
0.000000000000000000e+00
0.000000000000000000e+00
0.000000000000000000e+00
0.000000000000000000e+00
0.000000000000000000e+00
0.000000000000000000e+00
0.000000000000000000e+00
0.000000000000000000e+00
1.170638831609397273e-01
1.482250491322124886e-01
1.543452297285819175e-01
1.909560836339136425e-01
2.086219526777561284e-01
2.372405189002059211e-01
3.165620578935275375e-01
3.936438158366745710e-01
4.160354531148907631e-01
4.146728779491922756e-01
4.435302708697558272e-01
4.578162611852999997e-01
4.580079712181243656e-01
4.773672344354852326e-01
4.954131651974064132e-01
5.209781184854387348e-01
5.374513406790130121e-01
6.587306151840520707e-01
6.591543075120712691e-01
6.501016122223971516e-01
6.430327320182602779e-01
6.318847566071972288e-01
6.301924288216533832e-01
6.355127946249408133e-01
6.556296528936589318e-01
6.951063116076879878e-01
7.293447440267399884e-01
7.262785544135195170e-01
7.290560473838485489e-01
7.225682612294460627e-01
7.498439626816402193e-01
7.571981791210413704e-01
7.712735532261161264e-01
7.774857798926488872e-01
7.635143858928612470e-01
7.590916581117350681e-01
7.601274524807269950e-01
7.759884498817095633e-01
7.808881768029805048e-01
8.109976307503571347e-01
8.041172027324970939e-01
7.968088893347001767e-01
8.113689512746594668e-01
8.145556289241867587e-01
8.104002052746345219e-01
8.258171181991823540e-01
8.216503128586150062e-01
8.174003876956320580e-01
8.053809779268593649e-01
8.113515642002340211e-01
8.107285431952220289e-01
8.129616325145022637e-01
8.224860597378547133e-01
8.111505681797706035e-01
8.117989390646364045e-01
8.086442496543361225e-01
8.054093250654371650e-01
8.041931725344690918e-01
7.961424156695618981e-01
7.939073674751482290e-01
7.988232666385040037e-01
7.944964825372403672e-01
8.056104202952734106e-01
8.080630449784653724e-01
8.088111216840071505e-01
8.055010022558805050e-01
8.009683084791403562e-01
8.072508905122265377e-01
8.087366106191400394e-01
8.103094920516449307e-01
8.100201904109312068e-01
8.097660450442968338e-01
8.111476594148532282e-01
8.082632592125716942e-01
8.056473841774453026e-01
7.985938704816724076e-01
7.917112240724175631e-01
7.827962916013916361e-01
7.752362508202440550e-01
7.697508968248940597e-01
7.657252047924750782e-01
7.606827959281529106e-01
7.519516004468534964e-01
