2.250000000000000056e-01
0.000000000000000000e+00
0.000000000000000000e+00
0.000000000000000000e+00
2.193768412977817883e-01
2.193187662202140398e-01
2.589645827232078812e-01
2.608763474685341088e-01
2.857079254873807761e-01
3.098379715774838838e-01
3.111341764593681392e-01
3.172304911621242618e-01
3.416034063389291053e-01
3.492213593696082974e-01
3.429067084488121586e-01
3.850835467133290613e-01
3.918320969037608070e-01
4.134990736004043321e-01
3.851778523326450099e-01
3.291034726332536242e-01
3.438550493047224932e-01
5.441980978005022118e-01
6.038769160181869378e-01
7.033748130066774795e-01
7.993695050372934263e-01
8.300785711215492579e-01
9.317981168154896299e-01
9.333024755121723803e-01
9.494780703251946008e-01
9.603772996661814609e-01
9.560806212130943393e-01
9.239120151087679700e-01
9.234237291782947388e-01
9.580821159985114521e-01
9.760400810381376635e-01
1.003400598162027979e+00
1.004686980505166360e+00
1.024119952478514728e+00
1.008086302739986451e+00
9.928742977512801104e-01
9.832322090460874353e-01
9.661728378918412741e-01
9.736051130349285820e-01
9.832298279978843869e-01
1.003355795827183039e+00
1.000929750901823567e+00
1.003592638929705183e+00
1.001654185004052122e+00
9.994360994998122694e-01
9.902232180765966341e-01
9.896399294245094014e-01
9.956100019473171914e-01
9.960627249534915739e-01
1.001670890084816357e+00
1.005142457830046743e+00
1.005091868636667440e+00
1.016157155550057700e+00
1.015151050033163305e+00
1.009036161590548986e+00
1.006528337590202105e+00
9.976640707457404833e-01
9.911614718044979844e-01
9.810650398695334173e-01
9.865300426739529449e-01
9.804032986218252921e-01
9.687732043887733457e-01
9.735192797514702345e-01
9.800429397002344833e-01
9.901395289943855094e-01
9.862627401345848144e-01
9.823346099491760963e-01
9.882013065011828745e-01
9.956511443374103099e-01
9.945061767442155976e-01
9.940502834696095524e-01
1.001725643715853487e+00
1.002036361797312480e+00
9.985011734157114294e-01
9.972614822328267348e-01
9.917444972050754037e-01
9.854008541695885581e-01
9.808097577319537796e-01
9.726995861016353162e-01
9.672254162693771917e-01
9.659591017110021882e-01
9.684801117028327688e-01
9.699404516373145713e-01
9.647052456900178097e-01
9.599008138556547332e-01
9.644606079874379345e-01
9.696434576292816132e-01
9.693408954434741265e-01
9.675521892796044021e-01
9.682959580938591548e-01
9.725669987493846813e-01
9.783343914377996553e-01
9.747172677325405266e-01
9.787231144729164889e-01
9.886684613812611877e-01
9.962656556471042313e-01
