2.250000000000000056e-01
6.285046322594521617e-02
6.285046322594521617e-02
8.384282321978857311e-02
9.485682804166883919e-02
9.050837266906144873e-02
1.056813208746800042e-01
1.101110020850385729e-01
1.341153350361058982e-01
2.894684583795341659e-01
3.207952246689037556e-01
3.678349119107325316e-01
4.324501082516177264e-01
6.237321395659963796e-01
7.115553560746079587e-01
7.386307802883262941e-01
7.460328537479321565e-01
7.527991590945385392e-01
7.621500774513955134e-01
7.754227758639229418e-01
7.714308325364754859e-01
8.043148745464164806e-01
8.196695056678896529e-01
9.015458537470222300e-01
9.178425282221099879e-01
9.267857351909295494e-01
9.350877139990281250e-01
9.685228874970270851e-01
9.577878304919978936e-01
9.250391331873422107e-01
9.260254517389175932e-01
9.450705043251875770e-01
9.356813962691185038e-01
9.209482271348389260e-01
9.218983933630162664e-01
9.170035790167415657e-01
9.215712338614093779e-01
9.235240424593654796e-01
9.316222493491990164e-01
9.369606198852593604e-01
9.392388135258182835e-01
9.437374601250904105e-01
9.404146964187204416e-01
9.328652928918647058e-01
9.273960446774991428e-01
9.368273402516440473e-01
9.211848088849545757e-01
9.158564942452583901e-01
9.281136666211399211e-01
9.158229303435484470e-01
9.120802524930468058e-01
9.148327695973509366e-01
9.163568765097637181e-01
9.233660345812132464e-01
9.293588926606722866e-01
9.337373763724111653e-01
9.495832508644697079e-01
9.508072573403849592e-01
9.476438604539293431e-01
9.437513330606508433e-01
9.463101866432326315e-01
9.452044990052613782e-01
9.464030708074391285e-01
9.582010452142529777e-01
9.547752244683127554e-01
9.567252196659828956e-01
9.523731511530123539e-01
9.563610707549572432e-01
9.502950216791193894e-01
9.495430480358570957e-01
9.444246012186608974e-01
9.494531519983137047e-01
9.479475870185998243e-01
9.503689115817058886e-01
9.530559741169266630e-01
9.532713133163107644e-01
9.474960457096900379e-01
9.434096665246743951e-01
9.393005045637947692e-01
9.372975507151154462e-01
9.394038714284210778e-01
9.416054004456319015e-01
9.485227708110051115e-01
9.567501827584183882e-01
9.578291273033263664e-01
9.544064070145417134e-01
9.469530039166963453e-01
9.353458914258384604e-01
9.291769384803830745e-01
9.219537588459967292e-01
9.203179110704847732e-01
9.239090648715719833e-01
9.221587559486843499e-01
9.191653792423140068e-01
9.125604205500021937e-01
9.085228883366212038e-01
9.074751561771889907e-01
9.074716296441378560e-01
9.136341138604785472e-01
9.166304507476680241e-01
