2.250000000000000056e-01
0.000000000000000000e+00
0.000000000000000000e+00
0.000000000000000000e+00
0.000000000000000000e+00
1.231918165316066016e+00
1.250577466732040621e+00
1.260383073767148199e+00
1.278402890161904892e+00
1.291623520144643322e+00
1.220684998159566437e+00
1.207925750033306711e+00
1.200305459103471417e+00
1.234345129749329972e+00
1.334803969664732914e+00
1.436577420805599026e+00
1.437953177369150515e+00
1.432810746253224465e+00
1.428043386193508457e+00
1.389663046200169116e+00
1.360344154276565742e+00
1.343806731607167571e+00
1.324390550739082517e+00
1.301498495524971100e+00
1.261758025438682651e+00
1.229739556235010189e+00
1.213937423625955248e+00
1.153007971719864244e+00
1.106702733769268532e+00
1.084527404696988606e+00
9.715414814792114884e-01
9.413776087262671899e-01
8.794705881262772085e-01
7.857383278099669965e-01
6.699550291932430124e-01
6.124297322651005571e-01
5.829837715127655917e-01
5.582503693519493826e-01
5.377579400081234917e-01
5.209749454194746443e-01
5.073625517393323126e-01
6.616569679168387008e-01
8.565744427706764030e-01
1.214862243285012244e+00
1.224589139135935367e+00
1.204186823104598680e+00
1.261173743002051095e+00
1.217450070071649071e+00
1.203315084752627717e+00
1.227906300155907182e+00
1.233650019602068548e+00
1.318883271981498906e+00
1.370778593819667046e+00
1.363651399429059774e+00
1.350409345466696331e+00
1.338876921017805977e+00
1.321884997605605516e+00
1.327241173331799251e+00
1.315765310809322353e+00
1.307501721349554780e+00
1.294225747042102581e+00
1.289232251179822208e+00
1.241196028009948327e+00
1.249088708470801334e+00
1.268722287222716627e+00
1.264749843947032604e+00
1.262266948450000648e+00
1.237972171289317247e+00
1.218511928301530656e+00
1.200197878602595747e+00
1.186790121509182283e+00
1.166792047584922054e+00
1.159922538356152888e+00
1.215453741890831330e+00
1.249493008419070517e+00
1.254567887666699688e+00
1.259247512364633836e+00
1.262559889821760262e+00
1.240747034563212781e+00
1.226952795875769553e+00
1.251082818808615160e+00
1.286452557228950688e+00
1.249969631494634692e+00
1.245594762724537174e+00
1.247999706032988820e+00
1.256267408948343434e+00
1.267992169528819879e+00
1.269180406233960001e+00
1.311338793040453421e+00
1.308602779319888887e+00
1.310737208553751421e+00
1.335388601655260299e+00
1.320130150325269147e+00
1.306310259851456657e+00
1.311761353163855670e+00
1.309054524931506869e+00
1.306103738870689535e+00
1.326841747108581604e+00
1.329047674835273529e+00
1.299438230659819116e+00
