2.250000000000000056e-01
0.000000000000000000e+00
0.000000000000000000e+00
0.000000000000000000e+00
1.314149823594369160e+00
1.228450853986120084e+00
1.188815663628882691e+00
1.163388426009074106e+00
1.143443210471661420e+00
1.118448289854928834e+00
1.084191749697524854e+00
1.033255822907492627e+00
9.442380985407196059e-01
9.281036219256840747e-01
9.133220239181883970e-01
9.001285872453784753e-01
8.886239062947166589e-01
8.787937224468826969e-01
8.705390579433590625e-01
8.637079218375939282e-01
8.581228143680778020e-01
8.536014487879274304e-01
8.499704761567842271e-01
8.470732970917176363e-01
8.447734923086658299e-01
6.753372354305211545e-01
5.929450402202631754e-01
7.163804373488329436e-01
7.071951789504093977e-01
6.873685345134135094e-01
6.929245718767109707e-01
6.975689164495099126e-01
6.706732746224972619e-01
7.758207458714897475e-01
8.866071564609612210e-01
9.200922463071042889e-01
9.496787723104263002e-01
9.767839972387453162e-01
9.973769434831101233e-01
1.016738927278375559e+00
1.041269626400059378e+00
1.062464520436130933e+00
1.122222918195601160e+00
1.129717039005489587e+00
1.134954245079051738e+00
1.136283668952307924e+00
1.125687357931208110e+00
1.117267097407687260e+00
1.115967642644875690e+00
1.110271080458912429e+00
1.102551514317921200e+00
1.093692667073287161e+00
1.091684948000043009e+00
1.087364151251291711e+00
1.079094404160957366e+00
1.110222998349282619e+00
1.126337983920485675e+00
1.143941804026106457e+00
1.156293225962988336e+00
1.172235729335389776e+00
1.190590275152532129e+00
1.211705656998093961e+00
1.276678078615464118e+00
1.288652862399358279e+00
1.298256089107515665e+00
1.304458162881142247e+00
1.296951077973266919e+00
1.293884855967395442e+00
1.288776851345945218e+00
1.265736402394323390e+00
1.252964837229871620e+00
1.213851162975881692e+00
1.240409835261446769e+00
1.256431529455081408e+00
1.260370035926692056e+00
1.249593636808737696e+00
1.237643120892730098e+00
1.226604737497520414e+00
1.220158257295619775e+00
1.213502029031828133e+00
1.203090637934024043e+00
1.195497870446382782e+00
1.190717487743660152e+00
1.175808480331937744e+00
1.168850314287555259e+00
1.157855038708139661e+00
1.144489037631199579e+00
1.132956629561095108e+00
1.109839490889276581e+00
1.069730402932498992e+00
9.452189040035476886e-01
8.960959535920897112e-01
9.039657555369319253e-01
9.142346761107024156e-01
9.406341455510270899e-01
9.491006604547641556e-01
9.440652086390949327e-01
9.783639426883152801e-01
1.000535143279194239e+00
1.007615987143660741e+00
