2.250000000000000056e-01
0.000000000000000000e+00
0.000000000000000000e+00
7.471831223088214180e-02
7.469969370503863615e-02
9.021009055792632292e-02
8.723718408885319797e-02
1.417475464123340023e-01
1.434681369940073725e-01
1.595935097572398764e-01
1.916188607554505374e-01
2.119638479209782211e-01
2.383923147595481962e-01
2.704890387692720499e-01
2.887166662417781082e-01
4.032839244637432818e-01
3.956752304328803871e-01
3.986531250179598529e-01
4.035096556976573989e-01
4.054223765257095602e-01
4.138057274650378536e-01
4.691656689363655208e-01
5.233988206067591298e-01
5.475684634464053069e-01
5.610799432937432218e-01
5.994204882774771814e-01
6.289980809620090429e-01
6.591679294908624476e-01
6.718383188826393404e-01
6.887864195267384693e-01
7.131319044092094828e-01
7.276514072563762259e-01
7.306178380180455845e-01
7.452317372632768500e-01
7.482777703586965812e-01
7.529600155536047001e-01
7.501903983236450912e-01
7.483003175720750466e-01
7.589669584073353015e-01
7.665323806554135144e-01
7.708136005319996542e-01
7.813665377803633572e-01
7.792853916120029423e-01
7.852411908129104390e-01
7.880278728235463603e-01
7.871952655540923605e-01
7.863666004784735097e-01
7.913951240194938563e-01
7.972993056955617330e-01
7.960988514351547973e-01
7.929337646069479772e-01
7.862690512613363936e-01
7.801703802566499757e-01
7.819665170025722478e-01
7.777921246708945358e-01
7.769299568161250891e-01
7.744564652195204957e-01
7.775973847996160426e-01
7.806678482149094211e-01
7.894917584004628175e-01
7.900600441609443303e-01
7.998537695149300353e-01
8.051240551191839456e-01
8.065029258727596240e-01
8.137794837730710773e-01
8.210423651066451889e-01
8.282319519235854521e-01
8.339117180426104392e-01
8.367182280948650686e-01
8.518933396640152589e-01
8.628911929253935131e-01
8.762267053188229626e-01
8.834815495157803955e-01
8.970902432023558637e-01
8.976844523412966792e-01
9.029580397606083997e-01
9.154771770515333085e-01
9.315794048436267794e-01
9.432885849974880221e-01
9.561804929540076436e-01
9.626908298907125294e-01
9.639071098577981500e-01
9.684443478776237901e-01
9.699264568421208654e-01
9.738105444691245172e-01
9.802692746891067399e-01
9.844573947402029956e-01
9.854975706280912906e-01
9.862707031940826097e-01
9.918861897511825898e-01
9.951448882038662624e-01
9.998522729637450146e-01
1.004237935768192980e+00
1.003497027790008378e+00
1.004010866570987703e+00
1.004650465085222155e+00
1.004530131963037975e+00
1.007360967077213898e+00
1.006313301101363411e+00
1.007962135961341321e+00
