2.250000000000000056e-01
0.000000000000000000e+00
0.000000000000000000e+00
0.000000000000000000e+00
0.000000000000000000e+00
0.000000000000000000e+00
0.000000000000000000e+00
0.000000000000000000e+00
0.000000000000000000e+00
0.000000000000000000e+00
0.000000000000000000e+00
0.000000000000000000e+00
0.000000000000000000e+00
0.000000000000000000e+00
0.000000000000000000e+00
0.000000000000000000e+00
0.000000000000000000e+00
0.000000000000000000e+00
0.000000000000000000e+00
0.000000000000000000e+00
0.000000000000000000e+00
0.000000000000000000e+00
0.000000000000000000e+00
0.000000000000000000e+00
0.000000000000000000e+00
0.000000000000000000e+00
0.000000000000000000e+00
0.000000000000000000e+00
0.000000000000000000e+00
0.000000000000000000e+00
0.000000000000000000e+00
0.000000000000000000e+00
0.000000000000000000e+00
0.000000000000000000e+00
0.000000000000000000e+00
0.000000000000000000e+00
0.000000000000000000e+00
0.000000000000000000e+00
0.000000000000000000e+00
0.000000000000000000e+00
0.000000000000000000e+00
0.000000000000000000e+00
0.000000000000000000e+00
0.000000000000000000e+00
0.000000000000000000e+00
0.000000000000000000e+00
0.000000000000000000e+00
0.000000000000000000e+00
0.000000000000000000e+00
0.000000000000000000e+00
0.000000000000000000e+00
0.000000000000000000e+00
0.000000000000000000e+00
0.000000000000000000e+00
0.000000000000000000e+00
0.000000000000000000e+00
0.000000000000000000e+00
0.000000000000000000e+00
0.000000000000000000e+00
0.000000000000000000e+00
0.000000000000000000e+00
0.000000000000000000e+00
0.000000000000000000e+00
7.141756352289269083e-02
9.815345660323394894e-02
1.112014393229990572e-01
1.271657092670731848e-01
1.424528385091698435e-01
1.360795337855758291e-01
1.613173259353100075e-01
1.638119281104149505e-01
1.722012979701958990e-01
1.756080405243668763e-01
1.867650829929634604e-01
2.070719983353130622e-01
2.147533267684117453e-01
2.264460571177724091e-01
2.517167172698024369e-01
2.571626572133213218e-01
2.630369412987645927e-01
2.611922254003794519e-01
2.573021348853820611e-01
2.707554072852512705e-01
2.786563564215006616e-01
2.780151403382520869e-01
2.810638212880428033e-01
2.960361454569031547e-01
3.026447734080152108e-01
2.958688494135325309e-01
3.046496944506686400e-01
3.198227817922343896e-01
3.066348768801374081e-01
3.164384943903063574e-01
3.127342517197503335e-01
3.126724462555854900e-01
3.132362699446771814e-01
3.256342658709741045e-01
3.391396521956266952e-01
3.423766896856678676e-01
3.618186485819852027e-01
