2.250000000000000056e-01
0.000000000000000000e+00
9.507765774110855939e-02
8.190198617757711574e-02
8.188928183404403649e-02
8.186787375113904752e-02
1.286111888771686029e-01
1.314732098494250379e-01
1.330509151247915023e-01
1.344225056116390704e-01
1.355866960858058967e-01
1.940558999025504827e-01
1.914476515870848217e-01
1.948988276123082841e-01
1.966163036138681985e-01
2.044734640028761097e-01
2.561236879214279227e-01
2.612800108847364577e-01
2.656237865595239556e-01
2.688233321640124407e-01
2.772827933393494093e-01
3.223952639486249994e-01
3.259812365603744766e-01
3.288909522825500531e-01
3.310127514393924053e-01
3.392911672541745749e-01
4.020317149403140333e-01
4.073738737725897119e-01
4.119545543802968224e-01
4.158141354333725892e-01
4.747927337175855689e-01
4.712645877659698557e-01
4.649457001338822559e-01
4.668111108110019059e-01
4.681174339054920419e-01
5.570998300089358146e-01
5.665413800611294182e-01
5.649207740594573979e-01
5.706485868024077091e-01
5.374559303898407414e-01
6.075383576349553394e-01
6.121942817706419460e-01
6.162426895629622425e-01
6.197394140289340658e-01
6.133573949588640994e-01
7.201593804529365928e-01
7.016065960949158242e-01
7.066680260895208399e-01
6.867631307032981969e-01
6.634465652315850726e-01
7.726954524589036977e-01
7.756649847375850504e-01
7.663101490684490757e-01
7.429613167490928261e-01
7.422825969754711650e-01
8.675034321142400806e-01
8.422543808976051816e-01
8.463173787402019643e-01
8.493872335858740907e-01
9.177720955598416275e-01
8.904453347412113473e-01
8.930820127851984980e-01
8.916771518081636483e-01
1.021043547245598093e+00
1.035731005343943689e+00
1.010037583877052114e+00
9.704619151113503817e-01
9.493416379172169295e-01
1.049341836919958970e+00
1.039816450852326657e+00
1.042326899313714028e+00
1.137954779347115863e+00
1.147815204735805672e+00
1.120120960097697571e+00
1.123768890874129678e+00
1.230861387510712612e+00
1.192330244211510237e+00
1.159129755037912046e+00
1.281699760183658610e+00
1.289889022930999829e+00
1.345474461328260318e+00
1.336950327673995575e+00
1.342706735142894070e+00
1.406625926475575161e+00
1.534142180013704726e+00
1.952832424043855930e+00
2.033787041891548242e+00
1.967964744640348096e+00
1.805664536751591331e+00
1.834474390069610106e+00
1.861601564170613843e+00
1.847028576323582083e+00
1.843933352701342399e+00
1.865950660166426855e+00
1.901818809927482867e+00
1.889472440773507733e+00
1.871243445517531301e+00
1.853892301319787883e+00
1.922922190278059551e+00
1.904007479300073413e+00
