2.250000000000000056e-01
0.000000000000000000e+00
0.000000000000000000e+00
0.000000000000000000e+00
0.000000000000000000e+00
0.000000000000000000e+00
0.000000000000000000e+00
0.000000000000000000e+00
0.000000000000000000e+00
0.000000000000000000e+00
0.000000000000000000e+00
0.000000000000000000e+00
0.000000000000000000e+00
0.000000000000000000e+00
0.000000000000000000e+00
0.000000000000000000e+00
0.000000000000000000e+00
0.000000000000000000e+00
0.000000000000000000e+00
0.000000000000000000e+00
0.000000000000000000e+00
0.000000000000000000e+00
0.000000000000000000e+00
0.000000000000000000e+00
0.000000000000000000e+00
0.000000000000000000e+00
0.000000000000000000e+00
0.000000000000000000e+00
0.000000000000000000e+00
0.000000000000000000e+00
0.000000000000000000e+00
0.000000000000000000e+00
0.000000000000000000e+00
0.000000000000000000e+00
0.000000000000000000e+00
0.000000000000000000e+00
0.000000000000000000e+00
0.000000000000000000e+00
0.000000000000000000e+00
0.000000000000000000e+00
0.000000000000000000e+00
0.000000000000000000e+00
0.000000000000000000e+00
0.000000000000000000e+00
0.000000000000000000e+00
0.000000000000000000e+00
0.000000000000000000e+00
0.000000000000000000e+00
0.000000000000000000e+00
0.000000000000000000e+00
0.000000000000000000e+00
3.954443791325459173e-02
6.268220769145123328e-02
8.625089868688075312e-02
1.085923331958888044e-01
1.256398224312298972e-01
1.358222973845334136e-01
1.383579282139631161e-01
1.298740510670672033e-01
1.382187834570448581e-01
1.518016728528632509e-01
1.652433836212018614e-01
1.796721267404490507e-01
1.932395229443028828e-01
2.068967806097455620e-01
2.250040633076348939e-01
2.423233320954618075e-01
2.573036484802990742e-01
2.684916957111158076e-01
2.886421719307297740e-01
3.053366796450542320e-01
2.984504821833226518e-01
2.988546978554167954e-01
2.991621648255975985e-01
3.003883746583219660e-01
3.122844825993849049e-01
2.982687351008000975e-01
2.939243298283757411e-01
3.116241976631845545e-01
3.191583193176636413e-01
3.259685456433125128e-01
3.361484400532832040e-01
3.464471311827460043e-01
3.597807152675392417e-01
3.728244552366726250e-01
3.805197645027215136e-01
3.978554141267564570e-01
4.005055276146451404e-01
4.015524454504359464e-01
4.053919097761541357e-01
4.090095433633038624e-01
4.082030572140892266e-01
4.225911117503179937e-01
4.161884421686354862e-01
4.109914734386775903e-01
4.208901644688138877e-01
4.211665621367303158e-01
4.330973890991891562e-01
4.276411430742080855e-01
4.061773258367006867e-01
