2.250000000000000056e-01
0.000000000000000000e+00
0.000000000000000000e+00
0.000000000000000000e+00
0.000000000000000000e+00
0.000000000000000000e+00
0.000000000000000000e+00
0.000000000000000000e+00
0.000000000000000000e+00
0.000000000000000000e+00
1.907417953326365212e-01
1.907445965889345008e-01
1.443907957372336237e-01
1.884473877081866977e-01
1.895383193542397315e-01
2.087660392420363775e-01
2.167319351093405233e-01
2.066836507519867749e-01
2.051758801536457677e-01
2.263879780668257291e-01
2.392494468586670031e-01
2.586163001807800232e-01
2.715109051757690906e-01
2.684932718567397680e-01
2.798306049676460572e-01
2.777871843968514609e-01
2.880056938626762708e-01
2.983699383384550985e-01
3.070400902643662389e-01
3.132483797561662064e-01
3.179315841831046874e-01
3.332859253301776459e-01
3.543375777317100961e-01
3.633601470763611618e-01
3.717456688393243058e-01
4.473530279329101522e-01
5.671823742297804616e-01
5.892734870287520410e-01
5.839721044150859575e-01
5.874166645230423089e-01
5.928048442994544587e-01
5.790810046157139901e-01
5.964515757681035923e-01
6.383710004054633513e-01
6.740210922931582083e-01
6.909812904025386393e-01
6.870811045267112283e-01
6.924234494932779427e-01
7.152611852908137280e-01
7.247483685600774050e-01
8.031053828817872331e-01
8.203566401962872900e-01
8.152857869810752334e-01
8.034160467655701021e-01
8.167550079373765426e-01
8.386044356547939227e-01
8.679636075778026649e-01
8.970699690036963991e-01
9.292495020315750809e-01
9.692773473434808107e-01
9.997626296597943441e-01
1.026502914392060317e+00
1.068473924000241437e+00
1.100140656809184714e+00
1.142980522019960921e+00
1.245029565632270518e+00
1.281476810489455387e+00
1.297345709910216804e+00
1.307212526375625128e+00
1.307568670475272476e+00
1.315501231410567406e+00
1.333271456467145066e+00
1.352550177869956460e+00
1.357526821057102762e+00
1.375922992035337522e+00
1.436329590928251188e+00
1.480043156786183811e+00
1.488301240283049998e+00
1.480604847209188835e+00
1.459885610060800198e+00
1.437732204818146231e+00
1.419163724024846918e+00
1.420811108903808240e+00
1.408978315120312130e+00
1.407063972952069975e+00
1.415549978406114295e+00
1.424250794266759268e+00
1.440069429740278517e+00
1.450288747721647953e+00
1.437678241275031965e+00
1.423423163511525980e+00
1.413254681546755931e+00
1.433022808118188607e+00
1.433071881413620074e+00
1.437237152840719068e+00
1.447917229008182316e+00
1.435905979351149719e+00
1.423223672897997671e+00
1.420392623842357649e+00
1.396138045763438917e+00
