2.250000000000000056e-01
0.000000000000000000e+00
0.000000000000000000e+00
0.000000000000000000e+00
0.000000000000000000e+00
0.000000000000000000e+00
0.000000000000000000e+00
0.000000000000000000e+00
9.421685361791377888e-02
9.421888540233096243e-02
1.731849868497416511e-01
1.739543035404660376e-01
1.746363656741329873e-01
2.180048370069118946e-01
2.419441047341295004e-01
2.443913668462788236e-01
2.367047830881162385e-01
2.569176174540792612e-01
2.819899607030602606e-01
2.637018459833914141e-01
2.440065688515686837e-01
2.180473181226365020e-01
2.456339660592102569e-01
2.712088976290889519e-01
2.744765835418281341e-01
2.475201521175118269e-01
2.352552656448763935e-01
2.556583352637898376e-01
2.625102860619471512e-01
2.795047372645356742e-01
2.811451157717043126e-01
2.861048228392986115e-01
2.929051067264941133e-01
3.077781894631871906e-01
3.118011044277649857e-01
3.368519190869823654e-01
3.529138936594400922e-01
3.451777409735884428e-01
3.506177941850413537e-01
4.270553212364982532e-01
5.421576506513428040e-01
6.860370652595000340e-01
7.582757424888595388e-01
9.673963757566507171e-01
1.144285775564181318e+00
1.192856685644589465e+00
1.202538925354099453e+00
1.247610124158093692e+00
1.336713476418263769e+00
1.345621124050395023e+00
1.335818022432128771e+00
1.214898329618510298e+00
1.167488646267935914e+00
1.148605187573777497e+00
1.274107805277501670e+00
1.296380956437512610e+00
1.324351113313280370e+00
1.392363841601156560e+00
1.457758802131019937e+00
1.525684162486208750e+00
1.533124374492363939e+00
1.532066808492917209e+00
1.522368169162990670e+00
1.494623972612774576e+00
1.478230372594417030e+00
1.460727539780790396e+00
1.434299080915212521e+00
1.427934249715923976e+00
1.438119917632669775e+00
1.437491147809754954e+00
1.421791348050144510e+00
1.396931969985939492e+00
1.388706531221655105e+00
1.425678108370182162e+00
1.459330760335656674e+00
1.485271222777826194e+00
1.554943319455341921e+00
1.578822557944567828e+00
1.575942183077607694e+00
1.567073060375720583e+00
1.566163483356870501e+00
1.560621206118971260e+00
1.561512673597928558e+00
1.545956174713278619e+00
1.548447789788342188e+00
1.538505277861927700e+00
1.545932921445247299e+00
1.549936156790334030e+00
1.545962544550343321e+00
1.560057272284758767e+00
1.554314715569646399e+00
1.542179334813206015e+00
1.531177491243039146e+00
1.524393643545425503e+00
1.514984490466002365e+00
1.502203542552767335e+00
1.487171906034308932e+00
1.501826134675459112e+00
1.500709934775926513e+00
1.472493429414034161e+00
