2.250000000000000056e-01
0.000000000000000000e+00
0.000000000000000000e+00
1.425200200477160506e-01
1.425195216993552505e-01
1.817924449006020349e-01
1.869166513235699378e-01
2.191024766134415658e-01
2.192524369797745620e-01
2.290646445528491393e-01
2.586801037268169901e-01
2.546143624052017440e-01
2.624631658384859456e-01
2.848267541089826160e-01
2.825046929058840361e-01
2.943156295935164812e-01
3.074442044772103255e-01
3.163096140440341264e-01
3.224707046716199788e-01
3.309323740694593008e-01
3.587159803646821632e-01
3.510397288706355590e-01
3.285811596824601555e-01
3.462874476416009095e-01
3.482050196438198908e-01
3.408889898375125904e-01
3.277667859674769368e-01
3.183644353019532969e-01
3.320485459835322839e-01
3.256701000298449222e-01
3.392067276067754489e-01
3.461562444497990887e-01
3.932929347166933542e-01
4.125642181611897663e-01
4.282134052159921600e-01
4.482213130045089589e-01
5.133608289272684200e-01
5.365079352752476494e-01
5.685381303479742909e-01
5.913923284168121075e-01
6.224899989725565241e-01
6.534183157529600550e-01
6.825972276246053960e-01
7.126977637044888958e-01
7.311310451927675036e-01
7.296672743310529397e-01
7.424745545052849893e-01
7.601384176842754803e-01
7.630976640524242960e-01
7.673400698868139136e-01
7.703096194221318305e-01
7.724428546845516497e-01
7.782588554989201546e-01
7.720429022331487534e-01
7.647934609942541595e-01
7.689903700791408392e-01
7.679902257863973070e-01
7.622190961004431387e-01
7.592085439966551608e-01
7.536994360767907963e-01
7.576584486451618528e-01
7.585994066711544415e-01
7.592634001332808635e-01
7.530810818402419171e-01
7.532353743666111434e-01
7.555309994572203536e-01
7.596843899094193331e-01
7.612415266340901709e-01
7.599405038290912850e-01
7.625560549986556413e-01
7.699494311970668248e-01
7.754440802664012145e-01
7.744366434027445401e-01
7.783833742445384063e-01
7.783154261030578169e-01
7.739409044832767925e-01
7.767510381655993168e-01
7.827409906569733344e-01
7.843792260222338664e-01
7.897046510153384880e-01
7.952953232117674354e-01
7.994350009236914634e-01
7.986983942758003607e-01
7.989821669824985761e-01
8.010919259783850777e-01
8.009037130504730317e-01
7.993161617073339942e-01
8.024108452092325594e-01
7.997922688704204308e-01
7.993110407878207813e-01
7.926501870088898949e-01
7.953841043518875553e-01
7.928806021445604646e-01
7.919631278858009216e-01
7.880254609854147052e-01
7.881987635346930920e-01
7.893346681068892368e-01
7.902729559320458286e-01
7.919564700748625841e-01
7.911296985479404631e-01
