2.250000000000000056e-01
0.000000000000000000e+00
0.000000000000000000e+00
0.000000000000000000e+00
0.000000000000000000e+00
0.000000000000000000e+00
0.000000000000000000e+00
0.000000000000000000e+00
0.000000000000000000e+00
0.000000000000000000e+00
1.871965257648494085e-01
1.872129803700001427e-01
1.872287397453337998e-01
2.277389691806401273e-01
2.488698677811916060e-01
2.507277410438989995e-01
2.523583241572247560e-01
2.936656530122707109e-01
3.218246577924857021e-01
2.791538469664228139e-01
2.549080435693470426e-01
2.284429932482766323e-01
2.533957766665300149e-01
2.793059022645691392e-01
2.601123619420220856e-01
2.573053565931320841e-01
2.441168152914424960e-01
2.630327428078045315e-01
2.655958760649628769e-01
2.868256119473058807e-01
2.913294002392791682e-01
2.910364111127685671e-01
2.976046943923366661e-01
3.096996829706452070e-01
3.220960065933122785e-01
3.465946383293967981e-01
3.488799638586181917e-01
3.535141655869429300e-01
3.553176747112885003e-01
3.780869387479886545e-01
5.091236904751310632e-01
6.619907618950804373e-01
6.986836406986230985e-01
7.941444787016732620e-01
1.014172845221729347e+00
1.120282244918854087e+00
1.183390278244011107e+00
1.232033759215025448e+00
1.345994533143802352e+00
1.344136824288412857e+00
1.250423742218131462e+00
1.221331270451121664e+00
1.169031079853208199e+00
1.168926719791264723e+00
1.206906519299729474e+00
1.289022131362936197e+00
1.294729753494576308e+00
1.321488031831021148e+00
1.422236214065044857e+00
1.516347461231695171e+00
1.513130512195949962e+00
1.507636391674395560e+00
1.513958340554804494e+00
1.484274245355654109e+00
1.478307908963948591e+00
1.465098787133039204e+00
1.443388669355602172e+00
1.438628208326293345e+00
1.442906714448910943e+00
1.426874150978784339e+00
1.424566858679367609e+00
1.395110199050528577e+00
1.397605339456779117e+00
1.430617698958840611e+00
1.477420773714184010e+00
1.506123291925871799e+00
1.556302894397109560e+00
1.576188027162293448e+00
1.585257536195513905e+00
1.569614400850236624e+00
1.574202843705390098e+00
1.573033188017438633e+00
1.561196390399746781e+00
1.536261479314911194e+00
1.544454704932272771e+00
1.550229351555650448e+00
1.535618158849834325e+00
1.552313634117565622e+00
1.555132142793525185e+00
1.569701636520160370e+00
1.558185114326234189e+00
1.541344811567031181e+00
1.538201075842219767e+00
1.541272553991879013e+00
1.536425902735596427e+00
1.498439913227719966e+00
1.496331102660015011e+00
1.491804142026336155e+00
1.486125812919913303e+00
1.462339540639021829e+00
