2.250000000000000056e-01
0.000000000000000000e+00
3.556130244438797106e-01
4.534315774620625294e-01
4.786079898894814444e-01
4.776514556275213153e-01
5.307122382744874356e-01
5.506699513714560235e-01
6.332561430271768099e-01
7.002240182025993853e-01
7.948657035823492034e-01
8.640339317599072810e-01
8.727958661186464573e-01
8.777536914618419006e-01
8.712937491271776080e-01
8.662717591495192604e-01
8.571433184188842480e-01
8.527900741960391384e-01
8.519781751631340105e-01
8.470842463280939816e-01
8.535544604310127959e-01
8.615554779668191943e-01
8.634547026464314268e-01
8.662165926976371777e-01
8.588338910315024277e-01
8.526741902850122345e-01
8.476772742662848081e-01
8.351503554140318197e-01
8.304993280623008678e-01
8.249337371867536683e-01
8.033202454253952629e-01
8.052761871763717272e-01
7.888324417754516427e-01
7.748427664746494470e-01
7.721614902447915263e-01
7.660844174922919469e-01
7.773311225114873935e-01
7.811989132025606297e-01
7.841519405180890079e-01
7.875633277217357620e-01
7.926266994955583067e-01
7.929714465208765883e-01
7.960688171074955521e-01
7.767119400818700559e-01
7.618052196042045532e-01
7.509821614263159084e-01
7.424969514289120331e-01
7.566422867186656243e-01
7.624995609023571541e-01
7.728851984436767575e-01
8.036538458072721713e-01
8.292595830921811739e-01
8.301677747924800510e-01
8.378757321699699112e-01
8.367037009823049543e-01
8.353494639849522452e-01
8.369297508950153119e-01
8.410653283689248916e-01
8.338412298832140745e-01
8.340262349807137099e-01
8.281798215924881523e-01
8.173940365904416305e-01
7.960552583062187049e-01
7.900193641049696458e-01
7.881852492583105718e-01
7.917514840569966905e-01
7.999558715702067557e-01
8.110610657746990526e-01
8.124838164097772930e-01
8.180007679222512929e-01
8.246241357925299109e-01
8.240968027208098734e-01
8.237638466245698066e-01
8.294217350650211484e-01
8.333954548312682009e-01
8.355667717048882448e-01
8.411069755012804405e-01
8.489518975496515019e-01
8.537839853059528972e-01
8.563908429324535998e-01
8.601232977770472132e-01
8.587592904825185336e-01
8.565159084185396399e-01
8.591554285673053126e-01
8.614773753970836889e-01
8.571868974956211584e-01
8.600690457259759780e-01
8.560202727059716965e-01
8.490507479154808523e-01
8.366485435183925734e-01
8.349448130709834492e-01
8.327798010554443575e-01
8.371334546650675001e-01
8.451608700404145136e-01
8.491036220687910863e-01
8.540306876762563393e-01
8.580725377845235258e-01
8.629697232214715852e-01
8.618636989345751509e-01
8.619928785977064578e-01
