2.250000000000000056e-01
0.000000000000000000e+00
2.544823064727037010e-01
3.076644092142938880e-01
3.621064283408118589e-01
4.052243106652749782e-01
4.263426255010687727e-01
4.849585416631309598e-01
4.830927564286645048e-01
5.083851327077812954e-01
6.928810520413304364e-01
7.909178251162679585e-01
1.023366029953759471e+00
1.205299400610775340e+00
1.231387978970119867e+00
1.241247546036661431e+00
1.224717277247522551e+00
1.224861864547663881e+00
1.220810657643695896e+00
1.206589033918719522e+00
1.194496721792366101e+00
1.230959572282800396e+00
1.226838365793276209e+00
1.226168360179755279e+00
1.254344677296327371e+00
1.246948780476842877e+00
1.236812662590148548e+00
1.235674263957000862e+00
1.238634712421527340e+00
1.229490277768354511e+00
1.223715548156921074e+00
1.258019379282608874e+00
1.271804570177648808e+00
1.285424302177590627e+00
1.285438428541210820e+00
1.291814207375158396e+00
1.296728320748074648e+00
1.301600924137617410e+00
1.303511493687390166e+00
1.305068638786154311e+00
1.306327337461558935e+00
1.307338243923547250e+00
1.308145910904565890e+00
1.308788402303328269e+00
1.309297622452757492e+00
1.309699954360669771e+00
1.310016991240662065e+00
1.310266257977804605e+00
1.310461876758874045e+00
1.310615158680456860e+00
1.310735116433480174e+00
1.310828899997704466e+00
1.310902161004449340e+00
1.310959353371300207e+00
1.311004593788724026e+00
1.311040484386037708e+00
1.311068146738961993e+00
1.311091187682006831e+00
1.026398308603617027e+00
7.530194984630445010e-01
6.317268700392877356e-01
5.606585451065604353e-01
5.505625215916374326e-01
5.882312057298404451e-01
7.025351851562696703e-01
1.227095569826691213e+00
1.239868263831702677e+00
1.251430889317223016e+00
1.239997924180013422e+00
1.242024665187562604e+00
1.249139473130730149e+00
1.281852932732458372e+00
1.285109832627861381e+00
1.288312906269508007e+00
1.291156484760704881e+00
1.293634019801290558e+00
1.295753031376174258e+00
1.297535235392852870e+00
1.299013735494056743e+00
1.300224856912639781e+00
1.301206122917542896e+00
1.301996942009248759e+00
1.302628719503589938e+00
1.303129047596433887e+00
1.303522028995455440e+00
1.303830997122654267e+00
1.304078034193798752e+00
1.304269061308042321e+00
1.304418850311487743e+00
1.304536464745059243e+00
1.304628707172755364e+00
1.304700743776017635e+00
1.304756966522382378e+00
1.304800826174101536e+00
1.304835028676270214e+00
1.304861692689204489e+00
1.304882475087355997e+00
1.304898670418885187e+00
1.304911289415728204e+00
1.304921120778093746e+00
