2.250000000000000056e-01
0.000000000000000000e+00
0.000000000000000000e+00
1.488783523806396669e+00
1.460251727575508696e+00
1.502234022287859849e+00
1.496795949393066705e+00
1.493768458940690103e+00
1.487685576481395877e+00
1.544996653031199374e+00
1.512922278624042161e+00
1.522608987410460912e+00
1.495292912285191678e+00
1.481917843558164583e+00
1.476640586835559432e+00
1.435174567425186565e+00
1.434956116617965849e+00
1.389461154088331041e+00
1.383589489441430898e+00
1.252902903114149202e+00
1.219473074794711565e+00
1.160560991234186989e+00
1.136155511270725338e+00
1.088523253337536856e+00
1.096712555624633545e+00
1.087006997189456481e+00
1.071446334059080963e+00
1.114845845797474588e+00
1.114949098526787363e+00
1.112942223224900218e+00
1.101326279748926273e+00
1.099329726839132437e+00
1.119364178613422300e+00
1.149431471714562614e+00
1.143656861336979746e+00
1.129556919690596573e+00
1.121409017887547988e+00
1.140496414188448160e+00
1.161562234233278978e+00
1.142680747421388920e+00
1.147425172527887893e+00
1.129971614901172039e+00
1.130178926639428427e+00
1.122322936302955876e+00
1.129841631531664614e+00
1.122730167966425663e+00
1.128353236375394530e+00
1.134384324183728809e+00
1.149616230236213177e+00
1.181525181474489594e+00
1.171745236521869682e+00
1.160517222366065582e+00
1.142535093443133754e+00
1.084168286835754502e+00
1.046734614099178673e+00
1.045282819265402452e+00
1.040551201477813326e+00
1.070348390779035430e+00
1.061793311625501612e+00
1.058287326992676025e+00
1.052974867425186423e+00
1.048803917149486953e+00
1.066657946610832353e+00
1.076616205430543705e+00
1.082450984751448297e+00
1.081234343520771635e+00
1.078594632244135321e+00
1.086475931961537800e+00
1.109682905420055876e+00
1.100232012709571494e+00
1.091619830637474253e+00
1.071410275342624230e+00
1.066109926614412506e+00
1.062459971551057647e+00
1.073227960617829435e+00
1.094000774049254110e+00
1.098056525342711476e+00
1.098890294578584337e+00
1.091052561093073026e+00
1.103582018646802831e+00
1.120673147083267596e+00
1.130806933191629948e+00
1.132698754192315693e+00
1.128310899499650688e+00
1.117711233304563789e+00
1.108182461438918409e+00
1.095185884585361702e+00
1.091023280919164007e+00
1.078483659029949582e+00
1.069343955141696556e+00
1.066328540901703370e+00
1.068264769261611624e+00
1.070417862993376046e+00
1.075288027272904623e+00
1.082858181522290408e+00
1.090501075686713506e+00
1.103873046759842547e+00
1.106160041529544502e+00
1.103995318419765947e+00
1.102257543374460802e+00
