2.250000000000000056e-01
0.000000000000000000e+00
1.325590483906305406e-01
2.369334014849121262e-01
2.366195065903921868e-01
3.055087281268957233e-01
3.064329339374128880e-01
3.001954286572772190e-01
3.870006165051074198e-01
3.825947214302847788e-01
3.769439457569816465e-01
3.326626462041145649e-01
3.844450532897057959e-01
3.872189741593974333e-01
4.145486174512407196e-01
4.767858272600690173e-01
4.860650043199840620e-01
5.235305997940346012e-01
5.230574983365193775e-01
5.890200261961853201e-01
6.253404295106597122e-01
6.148490454721758924e-01
6.110104497614311514e-01
6.909466471073006932e-01
6.892220095036962757e-01
1.318303861997349946e+00
1.392244035103571642e+00
1.410199910396591427e+00
1.434925212295770525e+00
1.409960371033719628e+00
1.509171982435621118e+00
1.507088918025618618e+00
1.550976921813637333e+00
1.580260043219851473e+00
1.593471764931073231e+00
1.582408697212746684e+00
1.576719889413129350e+00
1.607398587049295058e+00
1.590404757124609603e+00
1.587991388538218418e+00
1.584780707974245306e+00
1.593322775156167159e+00
1.575143101949520785e+00
1.572798323685529853e+00
1.546025576157622705e+00
1.531516821488786873e+00
1.521864796834218714e+00
1.529811124224120578e+00
1.513595983655015020e+00
1.484921995765195346e+00
1.454886566898954348e+00
1.479387475710319810e+00
1.480306775811772724e+00
1.527272939699871879e+00
1.522753549985245147e+00
1.482089762714295489e+00
1.476958342338941410e+00
1.454548687702175158e+00
1.456915716291269591e+00
1.450420411591888170e+00
1.428221662652490842e+00
1.412078404251336572e+00
1.400067921622899947e+00
1.406311978896428450e+00
1.410442012835293690e+00
1.416951341588122082e+00
1.415248959913561810e+00
1.392996976840757295e+00
1.383379790585395952e+00
1.394308830902888374e+00
1.383051112011320027e+00
1.384677499407359624e+00
1.370885675922237423e+00
1.352992118194874305e+00
1.347284458375201499e+00
1.349672700939229308e+00
1.343318511462365361e+00
1.332055963033285773e+00
1.331180364971044972e+00
1.302416917099474825e+00
1.276817036308702358e+00
1.280145605339318093e+00
1.279503854898662141e+00
1.268329858993312520e+00
1.277902749998940157e+00
1.263288958274885188e+00
1.266386727959766034e+00
1.273426949953309517e+00
1.264957945244952420e+00
1.262792397272708422e+00
1.262970819770693254e+00
1.250546458191335253e+00
1.254258142993019076e+00
1.269794704662144280e+00
1.279240764168990019e+00
1.269751673780141310e+00
1.287715237204100749e+00
1.277869777102730753e+00
1.290360141686255790e+00
1.302871869743271960e+00
