2.250000000000000056e-01
0.000000000000000000e+00
0.000000000000000000e+00
0.000000000000000000e+00
6.227079410633757917e-01
1.486385300618572325e+00
1.304263547396850242e+00
1.153001492696156038e+00
1.640264605637699491e+00
1.655077912726422351e+00
1.855713047147214745e+00
1.501525438755844100e+00
1.386435575277119581e+00
1.416263869999898395e+00
1.401754992415543022e+00
1.425447540784226641e+00
1.493325847762525527e+00
1.518054137310695495e+00
1.525108797649388892e+00
1.624558405198348154e+00
1.667842870475852779e+00
1.505824237468191829e+00
1.575878083504969940e+00
1.530180101620302047e+00
1.504448081995686026e+00
1.768135100456388109e+00
1.819344296910782255e+00
1.837976417335859924e+00
1.826796258105753523e+00
1.850655522762750582e+00
1.867546925124763835e+00
1.934665299292328111e+00
1.928497696662840655e+00
1.942243625091250481e+00
1.977987902001878240e+00
1.938943124803285789e+00
2.002183526514055956e+00
2.034414537242206222e+00
2.059403394077346849e+00
2.061450307727369591e+00
2.001758587483776441e+00
1.943579115221638176e+00
1.850099014614840609e+00
1.879907009329643275e+00
1.871497897308526781e+00
1.866922686648337049e+00
1.841163658496592692e+00
1.847050150515828548e+00
1.818988373835179306e+00
1.810214497940304534e+00
1.813800549348488556e+00
1.837748121174186400e+00
1.820089211705528509e+00
1.864597529263734454e+00
1.898866069872812368e+00
1.914868282203590066e+00
1.916634994641213785e+00
1.966147304044634225e+00
1.959157683400507555e+00
1.968007153900612760e+00
1.991411142983907423e+00
1.961857607163321804e+00
1.966623053524539699e+00
1.974025252301323752e+00
1.974633756883915625e+00
1.963991426420496955e+00
1.967665652315955027e+00
1.965826769677436747e+00
1.956989470479859161e+00
1.927143853779710092e+00
1.928695634078508414e+00
1.919898628291734966e+00
1.887746185173981850e+00
1.853983679853181021e+00
1.876875168122471127e+00
1.888053017468640959e+00
1.888533078481256400e+00
1.915936321394694719e+00
1.913471951555257400e+00
1.919275462150476619e+00
1.916879884401149425e+00
1.955407007906846850e+00
1.943471697347915583e+00
1.933505949356340237e+00
1.931035980657028528e+00
1.949428565977147088e+00
1.938402302774542951e+00
1.950861856482471346e+00
1.948317418529841749e+00
1.937026531319876010e+00
1.915892996496072920e+00
1.905422624932037179e+00
1.895948271220928349e+00
1.913283062730648298e+00
1.920741712863263784e+00
1.918473346237232757e+00
1.936454713856708088e+00
1.916312069682623243e+00
1.918451671685204696e+00
1.954742518321773259e+00
