2.250000000000000056e-01
0.000000000000000000e+00
0.000000000000000000e+00
1.470953813406816746e-01
1.470974487374842599e-01
1.471100127593448215e-01
1.654614392675438361e-01
1.742484631078861645e-01
1.324983921375507967e-01
1.326784881572265207e-01
1.429788525539725796e-01
1.653937570652880829e-01
1.737252850095358236e-01
1.802282572961263485e-01
1.744323717155872866e-01
1.854466088954540293e-01
2.012856083085615144e-01
2.106958210856248181e-01
2.227827974393789823e-01
2.356984680828775880e-01
2.376166774770057388e-01
2.487901943653250403e-01
4.756252162966742025e-01
5.303378253236559203e-01
6.057060348432828922e-01
6.777992007351320014e-01
6.769589349020250779e-01
6.913717723554585470e-01
6.870634656558004538e-01
6.959416052275895215e-01
6.953632575933980098e-01
6.830874546882507170e-01
6.627171001815972406e-01
6.502343665681110663e-01
6.408433296475788410e-01
6.385571749361933502e-01
6.502840387853284776e-01
6.635931135352449717e-01
6.792982295504146339e-01
7.002973054265626551e-01
7.383146444635887429e-01
7.880884828469788550e-01
8.280919150597394474e-01
8.862380876492056414e-01
9.231256952890383172e-01
9.521900195150324597e-01
9.680273924099864757e-01
9.927754316570401860e-01
1.003038975401952415e+00
1.000602768692431921e+00
1.008873741862110762e+00
1.014834333269917677e+00
1.014758294834286367e+00
1.011576354144285039e+00
1.015087891407779885e+00
1.016224826999151398e+00
1.033234862935642484e+00
1.043181796838113629e+00
1.053291089830587834e+00
1.054574249115619144e+00
1.073363870439581591e+00
1.077985732739279889e+00
1.080005418694053310e+00
1.084781653819292702e+00
1.090036823840435876e+00
1.090918375211809233e+00
1.086402792196415890e+00
1.085825438040912916e+00
1.079474543176780044e+00
1.072454899565168596e+00
1.060336387750141496e+00
1.052288476222275948e+00
1.049779512844836837e+00
1.055667990932432021e+00
1.058862758143250815e+00
1.059886592707236064e+00
1.062304445111127205e+00
1.057446815060067102e+00
1.049082695182224301e+00
1.046961614577571087e+00
1.039078223831521930e+00
1.032707223134281760e+00
1.024730948050685875e+00
1.014846722420240432e+00
1.001528166615220483e+00
9.888372915587088086e-01
9.692766073984779851e-01
9.637583406855170232e-01
9.555839223520452563e-01
9.466536887832189828e-01
9.302938154895536993e-01
9.164684382313822431e-01
9.011961884477690532e-01
8.910072184029861342e-01
8.805820874517277241e-01
8.794355086674858768e-01
8.783111040049913498e-01
8.736316462785888026e-01
8.751817451918892932e-01
8.822841113357365872e-01
