2.250000000000000056e-01
0.000000000000000000e+00
0.000000000000000000e+00
7.408053863768618297e-02
5.680546236404867555e-01
8.254755114088131451e-01
9.520472596252391728e-01
1.009163803881365951e+00
1.019231453356060690e+00
1.025184733755897915e+00
1.033893194213611366e+00
1.017050203767122740e+00
9.969907839441028985e-01
9.880713276819714785e-01
9.727132792750451395e-01
9.396701699968119659e-01
9.074369836455163929e-01
8.740699290540601130e-01
8.478233597319481119e-01
8.415131518960967671e-01
8.150042485039159512e-01
8.232629486938883856e-01
8.181473537581457345e-01
8.242888064627604816e-01
8.150901267493714242e-01
8.250377749985342568e-01
8.314039433287909731e-01
8.469717835010805995e-01
8.657535362703054904e-01
8.782864709028750383e-01
8.900155031974240627e-01
8.885965380981085682e-01
8.894895935883184723e-01
8.855301434814862871e-01
8.805779687584609494e-01
8.744582333454125056e-01
8.667167344090274117e-01
8.595728859833726698e-01
8.548216580921529362e-01
8.508401822750529808e-01
8.488749968630059373e-01
8.514939777035730462e-01
8.512675202255702844e-01
8.496553167795229955e-01
8.537057931736174998e-01
8.187601055497082392e-01
7.964168596428956581e-01
7.889405658775371366e-01
7.920000726944783631e-01
7.858350662067845604e-01
7.626925693909171189e-01
7.608911331183522142e-01
7.825907928451558693e-01
7.902016087519533327e-01
8.011954153099590803e-01
8.298573439119422135e-01
8.654964886266462987e-01
8.957211635470705424e-01
9.253885209397798572e-01
9.534501432492317186e-01
9.707044649049433316e-01
9.844282800514144727e-01
9.887431631252401321e-01
9.970803460043534683e-01
9.964311486046629751e-01
9.877052188902583074e-01
9.720876426582578667e-01
9.546855397625457762e-01
9.273491579723358580e-01
8.966253117798143046e-01
8.615903497078953865e-01
8.304141054696937418e-01
8.042736404245046655e-01
7.870393649946350045e-01
7.816821068649167925e-01
7.942543810706451657e-01
7.953311293484137678e-01
7.972955350683046394e-01
7.862381655421187832e-01
8.034639324312745634e-01
8.294388819091709220e-01
8.456909516429930163e-01
8.561098597589331671e-01
8.655811767570344983e-01
8.638560475355459012e-01
8.698988004672307817e-01
8.768848923773921999e-01
8.825879323800116527e-01
8.872761208648959341e-01
8.920285568996706438e-01
8.985158707886987672e-01
9.036516136112796582e-01
9.120352584688558029e-01
9.164357319270608482e-01
9.272198682859098540e-01
9.342029652813647056e-01
9.427411384555333118e-01
9.494215580700107182e-01
9.553047797539278019e-01
9.612289191123702947e-01
