2.250000000000000056e-01
0.000000000000000000e+00
1.156476210893123135e-01
1.685789200962835299e-01
1.711848186982799780e-01
2.233290675695253635e-01
2.266557510558724065e-01
2.288109243703545792e-01
2.850797167813746702e-01
2.897273467312408979e-01
2.926921261560273546e-01
2.953693780186910645e-01
3.539177383167768087e-01
3.656261488140928884e-01
3.674942240023625906e-01
3.713442667874345404e-01
3.799289221801628313e-01
4.495097062870146432e-01
4.492461999909512782e-01
4.056570128266458464e-01
4.013847243250758257e-01
3.812412606251863734e-01
4.179811356965584812e-01
3.991227903121611909e-01
3.915488957857504171e-01
3.723045809069243650e-01
3.640559548232901177e-01
4.037712805360781920e-01
3.877547152882757642e-01
3.869526879393513363e-01
3.873250616890992482e-01
4.226069401505391787e-01
4.276845813755930092e-01
4.311855228286000097e-01
4.429923434503248436e-01
4.833183542216273887e-01
4.927980213229939399e-01
5.031114421754048216e-01
5.917618365916040846e-01
6.690034716086523670e-01
8.221966147077920395e-01
8.806780435673142726e-01
9.168520973167022525e-01
9.504936171383391308e-01
1.007550955297823236e+00
1.043104258982655352e+00
1.111969671553439287e+00
1.122142348131516476e+00
1.104841940464513561e+00
1.126583174645618524e+00
1.130295792871315319e+00
1.134019496665249704e+00
1.131748680490859860e+00
1.155182014833717741e+00
1.182254078499826777e+00
1.191478129481672088e+00
1.208304080411400028e+00
1.224198939869672653e+00
1.230636076936127976e+00
1.244559712351003489e+00
1.252691203022061606e+00
1.264290203830605419e+00
1.285003971087228969e+00
1.307062686254449879e+00
1.311837045751967024e+00
1.326650266077866736e+00
1.324133180232156759e+00
1.326312802008701386e+00
1.318551058534804143e+00
1.307993920729906945e+00
1.308940675206722082e+00
1.300205879201285386e+00
1.305205699088006321e+00
1.300927586150159243e+00
1.299319427168478036e+00
1.286196245287343443e+00
1.280638317637250667e+00
1.266642800564261151e+00
1.264635814899014665e+00
1.250633445889149264e+00
1.252257522246390309e+00
1.241069052917298521e+00
1.231489095118108112e+00
1.230109553005754863e+00
1.222952129988351011e+00
1.227367358488769433e+00
1.225559697513276758e+00
1.214003484993169790e+00
1.205899989478779410e+00
1.218718204539904981e+00
1.213952696375310225e+00
1.225049101243695926e+00
1.219716709375404662e+00
1.236608107372183518e+00
1.229078229982611514e+00
1.224577324746660922e+00
1.216859402701369275e+00
1.213504722606654651e+00
1.213670581194485232e+00
1.211791256003287298e+00
