2.250000000000000056e-01
0.000000000000000000e+00
9.765632049107547674e-01
1.199256463412485596e+00
1.286571744325270439e+00
1.262501548274597374e+00
1.229530729196367966e+00
1.151566001577293052e+00
1.051672981474643720e+00
1.106122578846301829e+00
1.077065987110200185e+00
1.125490517749387021e+00
1.165413023031863560e+00
1.169342541368362909e+00
1.169180383700169523e+00
1.173915856866701857e+00
1.178655751935429263e+00
1.174768607720928504e+00
1.178516067929112232e+00
1.182610399920296596e+00
1.178165361410812517e+00
1.182376608328039369e+00
1.174490706913232652e+00
1.169007937158971666e+00
1.186231125936772601e+00
1.158628150058958806e+00
1.148586718648699545e+00
1.137316353170417349e+00
1.147477840345876077e+00
1.120332351036859464e+00
1.116762198429223307e+00
1.020281162130247443e+00
9.537236038125027626e-01
9.160973493483210994e-01
9.540403215845099094e-01
9.539396671073487877e-01
1.109514879773649598e+00
1.142614240106873513e+00
1.159631526043218841e+00
1.214635937154716849e+00
1.272005317233121380e+00
1.254580087419710166e+00
1.221637116230146036e+00
1.228203147061312617e+00
1.205154314319726971e+00
1.178094061910129442e+00
1.170978855268232088e+00
1.153851062798656679e+00
1.162916720190189102e+00
1.144065323305859527e+00
1.132825367109593806e+00
1.128075946235347793e+00
1.133579231272295207e+00
1.144457861212374805e+00
1.142228314513607179e+00
1.143987032206501997e+00
1.148478550444067325e+00
1.143780352106806397e+00
1.127876185396733399e+00
1.140755618796184478e+00
1.168382732627499809e+00
1.158393331747396671e+00
1.201129205169387371e+00
1.146459134542449076e+00
1.112821169102242935e+00
1.112015149793629698e+00
1.087349771532985843e+00
1.086681104227889438e+00
1.052470472574907001e+00
1.062677829868871049e+00
1.062358441169374945e+00
1.151103821022267271e+00
1.157648839935985663e+00
1.136518318702254726e+00
1.109218147539407839e+00
1.122029301547147195e+00
1.124075154797221865e+00
1.123397312249228230e+00
1.115133485209853115e+00
1.137373542238824253e+00
1.141937866873115492e+00
1.151194559958427899e+00
1.155944566326293721e+00
1.166273259426209075e+00
1.170798527853557980e+00
1.190104063723060435e+00
1.190931316267415774e+00
1.200905401241348924e+00
1.199623955248792839e+00
1.189142115732805927e+00
1.194596460886534484e+00
1.179998450540100663e+00
1.151313171590739204e+00
1.132050998464391389e+00
1.125075293733989401e+00
1.100498568835744262e+00
1.096345467057496803e+00
1.082261810681313552e+00
1.079517119754851429e+00
1.066874046230857243e+00
