2.250000000000000056e-01
0.000000000000000000e+00
0.000000000000000000e+00
0.000000000000000000e+00
0.000000000000000000e+00
6.164801629813061457e-01
6.376037864149159962e-01
5.428410210206496833e-01
5.264738654686310637e-01
5.753750321486048591e-01
5.302668113403109507e-01
5.545625852980902160e-01
4.917234564382656492e-01
5.018507110841864405e-01
5.091955949575892593e-01
5.393905719864413584e-01
5.574430059399350101e-01
5.995038291370926586e-01
6.595707512751313173e-01
6.901100091477336829e-01
7.160265447187935672e-01
7.330414734497791018e-01
7.278906388461116039e-01
7.395805736774813122e-01
7.501330755280262164e-01
7.883800964303114833e-01
7.981436324849290331e-01
8.085675935844229834e-01
8.229199585433891739e-01
8.522423664700007340e-01
8.496727510681436613e-01
8.497182940508408722e-01
8.546634959562127154e-01
8.664694269916682901e-01
8.833385460986457050e-01
8.646117165142218619e-01
8.294130625260922596e-01
8.104786998569211143e-01
7.687734661486085308e-01
7.339284517669701913e-01
6.934930821910969545e-01
6.774819302791489362e-01
6.810393127505188771e-01
6.880993460507865978e-01
7.015468881464483886e-01
7.416708119241175456e-01
7.669431797960207797e-01
7.899756786519629426e-01
7.908943703119071245e-01
7.905781590002987080e-01
7.869920405767342197e-01
7.903652740546091016e-01
8.149569143921990833e-01
8.195537684035101300e-01
8.161758495135348346e-01
8.176288057369532902e-01
8.322037583314086939e-01
8.376508792750573251e-01
8.327555868493474733e-01
8.354456559057512610e-01
8.496618654270456927e-01
8.571827750653713274e-01
8.632322130574850982e-01
8.578419026066886888e-01
8.467400276299565931e-01
8.401909956877143815e-01
8.253006672134071131e-01
8.153968819605758034e-01
8.172099496620321979e-01
8.077710492095896422e-01
7.981715649830252168e-01
7.755940543382241481e-01
7.684468295779928182e-01
7.596682005489227008e-01
7.396259723308297174e-01
7.600866391530839428e-01
7.657988625563363350e-01
7.606489561960031454e-01
7.646115705644440652e-01
7.806817834709270931e-01
7.892860364922726912e-01
7.923733149280000054e-01
7.925601841811105164e-01
7.957022827819638655e-01
7.903104370460809491e-01
8.081005260626764608e-01
8.199565389502094792e-01
8.173690106160409474e-01
8.263173404923038756e-01
8.383722015573605857e-01
8.387588394132784453e-01
8.452955000838302535e-01
8.611305905384838422e-01
8.575332185504587201e-01
8.610495764927267315e-01
8.487164965142912632e-01
8.387900645800763222e-01
8.349150572205208398e-01
8.368888165002049684e-01
8.205018959125057743e-01
