2.250000000000000056e-01
0.000000000000000000e+00
0.000000000000000000e+00
0.000000000000000000e+00
0.000000000000000000e+00
0.000000000000000000e+00
0.000000000000000000e+00
0.000000000000000000e+00
5.296663480711268912e-01
5.227938742696640606e-01
4.935106469169242560e-01
5.868789585753931837e-01
5.602190322953846113e-01
6.378746281168121701e-01
6.373157073780024717e-01
6.606359716451893904e-01
6.995041459813016171e-01
5.908007743740821827e-01
6.432812787767362428e-01
7.350113021058055640e-01
7.432793516680561430e-01
7.168548831101339003e-01
6.990610107074501922e-01
7.248877186693866159e-01
7.532638177455392992e-01
7.730812335153242065e-01
7.910800255028697103e-01
7.821970661950327086e-01
7.986349472598346377e-01
8.072537753590228737e-01
8.772196580732299909e-01
8.797123186692908936e-01
8.652965011590437738e-01
8.428276647120919174e-01
8.400479645632318304e-01
8.332154112272441848e-01
8.398942218512319702e-01
8.594169106123493718e-01
9.075862253644074729e-01
9.076041801723861990e-01
9.218860892893097070e-01
9.196357080682804330e-01
9.090883255696008414e-01
8.937412377346507508e-01
8.677322473088641130e-01
8.569229127103524801e-01
8.640058500596590196e-01
8.812341968709918039e-01
8.941535255561977591e-01
8.984575783032010543e-01
9.094661956385946544e-01
9.171890869927666889e-01
9.170094957713569306e-01
9.139414429672276796e-01
9.135368941967348944e-01
9.110499181728345386e-01
9.165127960410922592e-01
9.133245470473581040e-01
9.081361082770834647e-01
9.101537399050794175e-01
9.120209478144137849e-01
9.221292491409668335e-01
9.290213303538321643e-01
9.296026872341295322e-01
9.285675416076134558e-01
9.331577776500213917e-01
9.303023292992603777e-01
9.292759321786212556e-01
9.242046734408951858e-01
9.174522329987978564e-01
9.157447153128230877e-01
9.109018593355997506e-01
9.120089448832584544e-01
9.191068934108457267e-01
9.209417866730935653e-01
9.183431287660488440e-01
9.140127468564407387e-01
9.173765238470199535e-01
9.198859247406449002e-01
9.138305443594562094e-01
9.209089336314133512e-01
9.266013872024437825e-01
9.265568530380744461e-01
9.248970267310010485e-01
9.285731491999507092e-01
9.265473953753173841e-01
9.279194394347033414e-01
9.207906629094800843e-01
9.153116046833119634e-01
9.088170357774780772e-01
9.003400465496759209e-01
8.949651541301990587e-01
8.876415687504707330e-01
8.907096019366893547e-01
8.828726226571147473e-01
8.744522738360924752e-01
8.618622798761800263e-01
8.562001908869723010e-01
8.487427048516630324e-01
8.568892081727069732e-01
