2.250000000000000056e-01
0.000000000000000000e+00
0.000000000000000000e+00
0.000000000000000000e+00
0.000000000000000000e+00
0.000000000000000000e+00
0.000000000000000000e+00
0.000000000000000000e+00
0.000000000000000000e+00
0.000000000000000000e+00
0.000000000000000000e+00
0.000000000000000000e+00
0.000000000000000000e+00
0.000000000000000000e+00
0.000000000000000000e+00
0.000000000000000000e+00
0.000000000000000000e+00
0.000000000000000000e+00
0.000000000000000000e+00
0.000000000000000000e+00
0.000000000000000000e+00
0.000000000000000000e+00
0.000000000000000000e+00
1.387923474549260794e-01
2.211047555625207661e-01
2.232237399887458951e-01
3.089634097839170646e-01
3.119558505884214017e-01
4.192371029496159696e-01
4.113265116327192716e-01
4.163558925938805610e-01
5.505734326322651029e-01
5.397663803542167571e-01
5.328031164961331001e-01
6.821071503314820594e-01
5.705138894672777683e-01
6.660273437266488461e-01
1.066803654098090526e+00
1.132647033822922422e+00
1.201790884447749841e+00
1.329754554349825035e+00
1.384220166432128529e+00
1.387157744523795033e+00
1.435427230367066098e+00
1.350505012146544059e+00
1.353221490986860731e+00
1.334137771864090993e+00
1.301453195849418432e+00
1.306948359915525826e+00
1.303809953395788535e+00
1.325628883714582873e+00
1.318489527822910956e+00
1.381586208301537333e+00
1.356715762762477739e+00
1.345298256268500747e+00
1.374557773762800084e+00
1.338307558482562776e+00
1.368836854399773317e+00
1.332310826323676034e+00
1.407834647107642834e+00
1.439880749750170441e+00
1.457457404379580712e+00
1.500115022653315533e+00
1.506077294478267659e+00
1.472327064897810622e+00
1.471716805716569265e+00
1.462869639923199960e+00
1.445605172098623381e+00
1.481193868558119853e+00
1.493451526075723956e+00
1.525326050039905512e+00
1.532512607037567420e+00
1.530008577593009234e+00
1.547741517968881375e+00
1.564411627632543267e+00
1.592797268713370240e+00
1.582011809198308416e+00
1.585578512776703253e+00
1.577523435239643446e+00
1.605069254514584598e+00
1.601294678438663688e+00
1.608713902689022923e+00
1.604172696427532241e+00
1.610855983474086539e+00
1.596923346924744580e+00
1.626421127162428482e+00
1.598927951003961789e+00
1.577593275513681004e+00
1.568175180405701363e+00
1.550130899428789455e+00
1.565525071807246649e+00
1.570814401742793853e+00
1.571416728107061900e+00
1.576915644996706334e+00
1.570812006174680198e+00
1.569464641027376928e+00
1.570718578537384058e+00
1.567901049168523464e+00
1.557985753512191041e+00
1.534025208274370833e+00
