2.250000000000000056e-01
0.000000000000000000e+00
0.000000000000000000e+00
0.000000000000000000e+00
0.000000000000000000e+00
0.000000000000000000e+00
0.000000000000000000e+00
0.000000000000000000e+00
0.000000000000000000e+00
0.000000000000000000e+00
0.000000000000000000e+00
0.000000000000000000e+00
0.000000000000000000e+00
0.000000000000000000e+00
0.000000000000000000e+00
0.000000000000000000e+00
0.000000000000000000e+00
0.000000000000000000e+00
0.000000000000000000e+00
0.000000000000000000e+00
0.000000000000000000e+00
0.000000000000000000e+00
0.000000000000000000e+00
0.000000000000000000e+00
0.000000000000000000e+00
0.000000000000000000e+00
0.000000000000000000e+00
0.000000000000000000e+00
0.000000000000000000e+00
0.000000000000000000e+00
0.000000000000000000e+00
9.815264868246710295e-01
8.940145513973678515e-01
7.190913957993676497e-01
6.318118409877500063e-01
6.083415307947708239e-01
5.814522605856299320e-01
5.842161159177410301e-01
5.804928103259314742e-01
6.272340875707222985e-01
6.742369935666548963e-01
7.368502601179292011e-01
7.592266856222243954e-01
7.838297188246176050e-01
7.937675535065890076e-01
8.046315603726407195e-01
8.062726752812512387e-01
8.029295486432086459e-01
8.048550483538218225e-01
7.962347600252440705e-01
7.934949560022708237e-01
8.144284022723986549e-01
8.209939331619048319e-01
8.220612366890102107e-01
8.237335097888065505e-01
8.281577762439247259e-01
8.301090962623546288e-01
8.307645899960051095e-01
8.317028182520708190e-01
8.359746702662559370e-01
8.336943115673990379e-01
8.312189606071407333e-01
8.301723728143283187e-01
8.286390553090707822e-01
8.322766672227199791e-01
8.331527355353609554e-01
8.227115656920879205e-01
8.152486307685864464e-01
8.121803721899866213e-01
8.026212115750922527e-01
7.960317075330703984e-01
7.904913138404172646e-01
7.917015531863389466e-01
7.904107335495083042e-01
7.929304341458686123e-01
7.940973948211021982e-01
7.879597303940650832e-01
7.917810750780317486e-01
7.935361082826566381e-01
7.917216294992792669e-01
7.952264477476879145e-01
7.973963468288879364e-01
7.939894877681141772e-01
7.822385503260192996e-01
7.786666683296266100e-01
7.738766564771092371e-01
7.708187019288840203e-01
7.688158242237261852e-01
7.619000011433507691e-01
7.635513506507641823e-01
7.746634688136705416e-01
7.833708336960527596e-01
7.805111716555087620e-01
7.877345009362326511e-01
7.873198761511204236e-01
7.759871470128221205e-01
7.811652887515675436e-01
7.830565102213722373e-01
7.814965963378603941e-01
7.885309396401553039e-01
