2.250000000000000056e-01
0.000000000000000000e+00
0.000000000000000000e+00
0.000000000000000000e+00
0.000000000000000000e+00
0.000000000000000000e+00
0.000000000000000000e+00
0.000000000000000000e+00
0.000000000000000000e+00
0.000000000000000000e+00
0.000000000000000000e+00
0.000000000000000000e+00
0.000000000000000000e+00
0.000000000000000000e+00
0.000000000000000000e+00
0.000000000000000000e+00
0.000000000000000000e+00
0.000000000000000000e+00
0.000000000000000000e+00
0.000000000000000000e+00
0.000000000000000000e+00
0.000000000000000000e+00
0.000000000000000000e+00
0.000000000000000000e+00
0.000000000000000000e+00
0.000000000000000000e+00
0.000000000000000000e+00
0.000000000000000000e+00
0.000000000000000000e+00
0.000000000000000000e+00
0.000000000000000000e+00
0.000000000000000000e+00
0.000000000000000000e+00
0.000000000000000000e+00
0.000000000000000000e+00
0.000000000000000000e+00
0.000000000000000000e+00
0.000000000000000000e+00
1.053616395041053533e+00
1.063363365094459834e+00
1.024025181434420784e+00
9.735354380108699468e-01
9.674649058404618529e-01
9.515742373522355635e-01
9.407108038488483093e-01
9.412588973611413223e-01
1.014887549799882605e+00
9.946371386551392524e-01
1.031624427771812069e+00
1.029451424179897989e+00
1.023624351316792191e+00
1.005774203714269177e+00
9.883289178388696694e-01
9.830493211787099117e-01
9.870585855952045407e-01
9.696181780268191552e-01
9.917908403462797340e-01
9.998836464750548991e-01
1.003675793411384687e+00
9.835396422142237416e-01
9.921695048757106505e-01
9.973765108204016849e-01
9.828695179247848301e-01
9.751344552020956291e-01
9.780926154354793178e-01
9.635541862299823457e-01
9.495433562051683873e-01
9.447910211211477671e-01
9.407479237275597761e-01
9.440835100391365975e-01
9.516748363951389456e-01
9.586547779417383675e-01
9.423395366802843620e-01
9.359983217916265641e-01
9.457990481307447794e-01
9.640837939090338704e-01
9.724179939520261051e-01
9.633016273615018221e-01
9.611946103118380602e-01
9.650023364610230692e-01
9.573688261973425373e-01
9.522923289906546351e-01
9.644846393615063018e-01
9.644818017039245017e-01
9.608081933968835031e-01
9.649488821623104506e-01
9.712919543034292946e-01
9.643743100446262595e-01
9.678375254998381472e-01
9.711027756572597758e-01
9.729542877541914603e-01
9.764693835475026784e-01
9.736483273604119582e-01
9.716849839891916751e-01
9.910333621950904170e-01
9.933619585860847812e-01
9.864886622560238294e-01
9.865383920076548074e-01
9.950286711014775243e-01
9.958921404884218953e-01
