2.250000000000000056e-01
0.000000000000000000e+00
0.000000000000000000e+00
1.088109214090949184e+00
8.098945730072031335e-01
8.047788231764149147e-01
7.827974936302484199e-01
7.883070830748249991e-01
7.832725491896713743e-01
7.662633169646642095e-01
7.921696456567344224e-01
7.950782587781809463e-01
8.006472553190938646e-01
8.019230012925921969e-01
8.031213540715024246e-01
8.042079795621630556e-01
8.051652216417638508e-01
8.257105201011898377e-01
8.584098102402046848e-01
7.943137455423154858e-01
7.890749590092840382e-01
7.784995172547921616e-01
7.891266837567528780e-01
8.068616410027038555e-01
8.088165303299745812e-01
8.003570669000168447e-01
8.022842458206187466e-01
8.174860902990712663e-01
8.482477692417674797e-01
8.429656421937306021e-01
8.143044647033254035e-01
8.299771319330309094e-01
8.222163957576086313e-01
7.972957368663302624e-01
7.783082285142345347e-01
7.451150643777136873e-01
7.188264484635693563e-01
7.196575855937216160e-01
7.433732871656406616e-01
7.462650230974972043e-01
7.711204712300140374e-01
7.658697696322839255e-01
7.967503714389637670e-01
8.128524773558468697e-01
8.227277445112360921e-01
8.275268609856294422e-01
8.354297001030019931e-01
8.387769497267000274e-01
8.500535631872740971e-01
8.998560458648425797e-01
9.278427207012693856e-01
8.509876574072015032e-01
8.079991060682079063e-01
7.998392485611530711e-01
7.941343306035087979e-01
7.889831178413697632e-01
7.844641742231267534e-01
7.805923659904110412e-01
7.773367858724473667e-01
7.746423918739767656e-01
7.724393650269674172e-01
7.706575893083164042e-01
7.692252028699863020e-01
7.680835506779267741e-01
7.671774893270758566e-01
7.664618364143339635e-01
7.658980444033900437e-01
7.654549984910609117e-01
7.651075217910134896e-01
7.648346849288708560e-01
7.646124164659189315e-01
7.644506594198543503e-01
7.643350573554342775e-01
7.642279988975503313e-01
7.641267457528602147e-01
7.640416524081971028e-01
8.469780503162195329e-01
1.145154226482192783e+00
9.245729015014033658e-01
8.702150868014734142e-01
8.612536499783923771e-01
8.458711636013810375e-01
8.089099394319223535e-01
7.955278867683583943e-01
7.754981679782537718e-01
7.708336007350864438e-01
7.666278253981763102e-01
7.629107648997744962e-01
7.596869667814987181e-01
7.569383884364112580e-01
7.546305640124462144e-01
7.527194145104242340e-01
7.286346973621190548e-01
5.985145257374454575e-01
5.594036329559758380e-01
5.550473218800848763e-01
6.168936042882808835e-01
7.506809221527540599e-01
9.186349226699849213e-01
9.141256751759349042e-01
