2.250000000000000056e-01
0.000000000000000000e+00
1.538586717689029437e-01
1.726750613379295640e-01
2.115313398891958130e-01
2.118749297086647831e-01
2.642175934183397246e-01
4.014025519059967184e-01
4.673699130212403130e-01
4.775972744588055097e-01
5.010407837171254597e-01
5.359988083744270382e-01
6.351379441912174961e-01
6.898738148668516201e-01
6.989213484711599422e-01
7.226449976354315519e-01
7.142493045239685090e-01
7.144867979094281507e-01
6.956891655119225026e-01
6.471961375076173972e-01
6.326618529545742220e-01
6.122266830662924653e-01
6.093744160878141747e-01
6.045096581598463636e-01
6.225391685514340967e-01
6.281675172893237402e-01
6.415388359263117790e-01
6.681955489455013719e-01
6.850523732747985095e-01
7.063585359100890138e-01
7.110599524276949301e-01
7.213597688103764449e-01
7.357583102021310051e-01
7.068155408063591105e-01
6.960271580234129729e-01
7.041595773425504134e-01
7.061125102336904824e-01
6.875942660653078242e-01
6.918013533406980331e-01
7.065852489064979869e-01
7.125554086300652790e-01
7.211128068825103377e-01
7.401013821103479273e-01
7.547211379185277957e-01
7.568292821127398096e-01
7.686734887493260615e-01
7.815896970883019490e-01
7.988852773335707314e-01
8.006181411953295912e-01
8.061523818685588649e-01
7.986349998300910080e-01
7.937114912116399745e-01
7.951354465698902141e-01
8.018633922386404489e-01
7.911188640811869233e-01
7.622087090061990811e-01
7.400787758252496129e-01
7.254805794859747747e-01
7.138174903824778816e-01
7.083697731031846079e-01
7.137131631080007033e-01
7.097339913419100643e-01
7.186039544369517973e-01
7.248792303448802210e-01
7.247826186892384337e-01
7.246782713102453144e-01
7.232366438080899407e-01
7.294067311911185403e-01
7.321931593764925417e-01
7.322963698343671890e-01
7.380731562800637580e-01
7.395070075308781687e-01
7.388150999977551869e-01
7.401215770559865792e-01
7.540897344294585913e-01
7.642043770737162456e-01
7.689897610464875299e-01
7.770774601615441091e-01
7.804644599287962059e-01
7.728057258781608763e-01
7.695771924893483051e-01
7.757812803308734573e-01
7.764360201702636965e-01
7.832347077528901691e-01
7.886252967136824221e-01
7.905465036537567824e-01
7.843422414003859977e-01
7.664013361725884321e-01
7.491530892807619635e-01
7.504702778171956634e-01
7.485091685633524783e-01
7.541905034502995875e-01
7.587967734679426091e-01
7.615685396675606622e-01
7.658223416059829480e-01
7.736892266121052630e-01
7.772423343521128736e-01
7.674892804356091558e-01
7.661804699372430916e-01
7.603087949777347365e-01
