2.250000000000000056e-01
0.000000000000000000e+00
0.000000000000000000e+00
1.268146566945044518e-01
1.654399013185079981e-01
1.654831193973436698e-01
1.617318404309246727e-01
2.145818648192852895e-01
2.112048797132448641e-01
2.127341748516617392e-01
2.183563275784282942e-01
2.152700836070095269e-01
2.659645265587419205e-01
2.735313097358018086e-01
2.763031908492445399e-01
2.820915681062650671e-01
3.424278188672930101e-01
3.389010767845900274e-01
3.082023313485637850e-01
2.916354894403855869e-01
2.931931848684238284e-01
3.380282896690718353e-01
3.451587051542989171e-01
3.405052758831819126e-01
3.332674316986405927e-01
3.471876417249383229e-01
3.979109315454114615e-01
4.032124539916466244e-01
3.945027555772394057e-01
4.089671799858898282e-01
3.275961067912614433e-01
3.410751281672392832e-01
3.422428100505657822e-01
3.263704978803514956e-01
3.277330077187579072e-01
3.614083859720507719e-01
3.633527299634278784e-01
3.484289316854937701e-01
4.937957488731140043e-01
5.197902271001982877e-01
5.236918089319053671e-01
5.752003351359680217e-01
5.821161020725150737e-01
6.469378041123525769e-01
6.588267060008333731e-01
6.509997017469506542e-01
6.458388855839162224e-01
6.808915692121014773e-01
6.840870542426015222e-01
6.964677257402683841e-01
7.021749628978345426e-01
7.343502489275703926e-01
7.324195901895286243e-01
7.338752649780027060e-01
7.571475388792079375e-01
7.592078193851816703e-01
7.710576486712170663e-01
7.547369964624284222e-01
7.610456680010707631e-01
7.710812984752080101e-01
7.729059615087914281e-01
7.579820692067860133e-01
7.546416930428598846e-01
7.649855672451377764e-01
7.627195011333102181e-01
7.742785568593453238e-01
7.768622081734631868e-01
7.796790818912042731e-01
7.869757973031779041e-01
7.994343693467410583e-01
8.055298478896544268e-01
8.160900175311271987e-01
8.143116871146410807e-01
8.103130488976523216e-01
8.109308576410187985e-01
8.061533155419974284e-01
8.138203675811522819e-01
8.266961120945632846e-01
8.304362020686796297e-01
8.244497129223112841e-01
8.215032020452253114e-01
8.199942491878620121e-01
8.251779803852531403e-01
8.120553306586767439e-01
8.069590064531424467e-01
8.025685650427829554e-01
7.951171334400939372e-01
7.951495859927298904e-01
7.996977217819427608e-01
8.081184124276530323e-01
8.119176940678773935e-01
8.133848433062558225e-01
8.182576962353977912e-01
8.261130853616878156e-01
8.303547440194577467e-01
8.260560036961390740e-01
8.270024085596973107e-01
8.313744583398099408e-01
8.327249375953240662e-01
8.310093547258650126e-01
