2.250000000000000056e-01
0.000000000000000000e+00
0.000000000000000000e+00
0.000000000000000000e+00
5.736036943326474624e-01
5.880383950390237757e-01
7.247098592970373510e-01
8.438298337262899462e-01
8.533806629900967389e-01
8.136426699580711075e-01
8.265030590885588113e-01
7.938149085890093826e-01
7.732423753601583849e-01
7.806916710223547051e-01
7.716702391968240926e-01
7.822698982656475231e-01
7.741389809682216461e-01
7.769543564668870417e-01
7.715574332531361934e-01
7.752358473319426180e-01
7.716797652682088060e-01
7.730748884209527327e-01
7.821631983147904199e-01
7.833348539654233500e-01
7.878271805917377302e-01
7.923701968576269961e-01
7.940741990761598368e-01
7.991052020166717895e-01
8.031729606063319205e-01
8.061561919666049292e-01
8.070163047066594153e-01
8.065652700178334022e-01
8.025323790357727916e-01
8.000918044166868137e-01
8.048846214954200606e-01
8.040279470638361792e-01
8.026330945473743039e-01
8.045679637315034105e-01
8.079503465641149074e-01
8.098893704066235655e-01
8.062464592090148319e-01
8.076628709836332076e-01
8.066312493193737998e-01
8.068449078499224658e-01
8.097309808150791044e-01
8.118284353571690870e-01
8.090681491197465602e-01
8.093891064705051042e-01
8.103517824650738888e-01
8.093727242194782567e-01
8.098141432753857005e-01
8.102779511045603567e-01
8.099010535993417248e-01
8.097851946234279064e-01
8.124434426130064946e-01
8.124784081317084627e-01
8.074720122296270564e-01
8.090761102899015622e-01
8.077541869654106810e-01
8.080128432980282494e-01
8.102407272745122402e-01
8.075324705912595435e-01
8.086148631267165987e-01
8.106673567879356668e-01
8.092953978092481959e-01
8.080659274630531685e-01
8.088158410072262550e-01
8.063941247628204634e-01
8.086101216482082243e-01
8.080828673966563569e-01
8.078319690019125643e-01
8.059392325210017471e-01
8.050753905864356241e-01
8.037145217881509485e-01
8.034532046520914683e-01
8.048554944971580971e-01
8.001960349314719556e-01
7.993091959997679075e-01
8.010912513723159600e-01
8.031127365998479428e-01
8.031590070811758242e-01
8.054547149218584945e-01
8.045546465141204528e-01
8.057516660503144523e-01
8.083151115980807822e-01
8.068450584049869923e-01
8.049043620257785303e-01
8.052840403005306902e-01
8.042777381869394837e-01
8.043794967214068503e-01
8.038159829085687047e-01
8.046297769226673502e-01
8.045998845255716292e-01
8.039648234540748284e-01
8.016088071814791993e-01
7.976835035238398763e-01
7.946730509111155083e-01
8.005973215376620544e-01
8.003473605031981020e-01
8.001628069568771373e-01
