2.250000000000000056e-01
0.000000000000000000e+00
0.000000000000000000e+00
0.000000000000000000e+00
0.000000000000000000e+00
0.000000000000000000e+00
0.000000000000000000e+00
0.000000000000000000e+00
0.000000000000000000e+00
0.000000000000000000e+00
0.000000000000000000e+00
0.000000000000000000e+00
0.000000000000000000e+00
0.000000000000000000e+00
0.000000000000000000e+00
0.000000000000000000e+00
0.000000000000000000e+00
0.000000000000000000e+00
0.000000000000000000e+00
0.000000000000000000e+00
0.000000000000000000e+00
0.000000000000000000e+00
0.000000000000000000e+00
0.000000000000000000e+00
0.000000000000000000e+00
0.000000000000000000e+00
0.000000000000000000e+00
0.000000000000000000e+00
0.000000000000000000e+00
0.000000000000000000e+00
0.000000000000000000e+00
0.000000000000000000e+00
0.000000000000000000e+00
0.000000000000000000e+00
0.000000000000000000e+00
0.000000000000000000e+00
0.000000000000000000e+00
0.000000000000000000e+00
0.000000000000000000e+00
0.000000000000000000e+00
0.000000000000000000e+00
0.000000000000000000e+00
0.000000000000000000e+00
0.000000000000000000e+00
0.000000000000000000e+00
0.000000000000000000e+00
0.000000000000000000e+00
0.000000000000000000e+00
0.000000000000000000e+00
0.000000000000000000e+00
0.000000000000000000e+00
6.528222538309136347e-02
6.529408480746934362e-02
9.284219436877630405e-02
1.044110522851564304e-01
1.261765013896586629e-01
1.415488909902779258e-01
1.580091837573706359e-01
1.521333128914803545e-01
1.570352644251833407e-01
1.736773601208467244e-01
1.806297580342063891e-01
1.861884539451328369e-01
1.930328191283111061e-01
2.102588878372443071e-01
2.122650232178298346e-01
2.198309346231962780e-01
2.206789249769977312e-01
2.418842801654612906e-01
2.555184807575954786e-01
2.633675060035968740e-01
2.766489801649189006e-01
2.820621014816538374e-01
3.021465265175607984e-01
3.045725501107414135e-01
3.096300997591198145e-01
3.191309998664031422e-01
3.400043344805203094e-01
3.558051418167358371e-01
3.551877866092702507e-01
3.557292687117404872e-01
3.733194976892539318e-01
3.929745551088685840e-01
3.935777566610580425e-01
3.840171885437737020e-01
3.494100972465896682e-01
3.498698721167107784e-01
3.559627275844873817e-01
3.613147354093819152e-01
3.612758906225866373e-01
3.580344300250208334e-01
3.630180249819596194e-01
3.783836015982802725e-01
3.780977813911266527e-01
3.922982347429093131e-01
4.004010638569014402e-01
4.095980475388866782e-01
4.227401471379312325e-01
4.283806712937961447e-01
4.366475021083808250e-01
