2.250000000000000056e-01
0.000000000000000000e+00
0.000000000000000000e+00
0.000000000000000000e+00
0.000000000000000000e+00
0.000000000000000000e+00
0.000000000000000000e+00
0.000000000000000000e+00
0.000000000000000000e+00
0.000000000000000000e+00
3.460789190886754962e-01
4.340412435496987520e-01
4.890569486148544920e-01
5.329957707005159584e-01
5.696535981886025057e-01
6.122590243701527823e-01
6.486052650080390558e-01
8.981503010001694598e-01
9.424289987339763419e-01
9.382180190439969314e-01
9.183780744224722126e-01
9.012516536070417361e-01
8.896051401737730124e-01
8.870554918363836583e-01
9.137142447894133213e-01
9.257509525645972737e-01
9.597774591501972985e-01
9.559376832836573579e-01
9.668339142057122970e-01
9.634848138993027389e-01
9.796187882459309604e-01
9.848520951029761106e-01
9.872741293707149035e-01
1.007528739860926947e+00
1.011940223028264141e+00
1.009352907298961766e+00
1.015391527946364114e+00
1.022192128646927767e+00
1.016136569572091419e+00
1.018823356607308606e+00
1.009983679049900829e+00
9.929422258908224830e-01
9.860783601307985258e-01
9.899149084188695324e-01
9.897709159638250487e-01
9.778874019918748495e-01
9.789115127933605276e-01
9.688872120217155715e-01
9.610101158763697526e-01
9.546619320213974857e-01
9.550304772626903027e-01
9.511908030011969606e-01
9.451340071085400085e-01
9.416578129619238569e-01
9.388207355912161489e-01
9.389649148914317456e-01
9.406102507052638284e-01
9.396936878477413213e-01
9.487084432905977804e-01
9.393311963223081040e-01
9.242135642281178454e-01
9.256546947456176788e-01
9.393707368892695309e-01
9.494210014381132545e-01
9.551313357605977217e-01
9.640275710655539232e-01
9.611932120650873435e-01
9.623841726380895079e-01
9.650990904196056208e-01
9.685620360024033149e-01
9.658040128108882350e-01
9.735847277477388539e-01
9.833020007590518308e-01
9.963376707930187148e-01
1.003714909925619514e+00
1.004962482900430443e+00
1.001978127666744323e+00
9.992722412639694074e-01
9.966769606676703086e-01
9.856783740362885515e-01
9.716236613207038797e-01
9.718754965462793605e-01
9.710671733654828719e-01
9.666943020715954571e-01
9.561894919873420440e-01
9.521019399962806773e-01
9.494167840827676397e-01
9.462582614756477328e-01
9.460949344173240627e-01
9.465275013165597162e-01
9.438058666752551229e-01
9.363813367381566000e-01
9.279234153130747620e-01
9.219288712668722852e-01
9.243414801584473039e-01
9.271654047247939179e-01
9.252618224411581771e-01
9.329446401246336285e-01
9.332088442558946761e-01
9.365429205970335902e-01
