2.250000000000000056e-01
0.000000000000000000e+00
7.735898911106391385e-01
6.863017126080035446e-01
6.756968008719440588e-01
6.673808050479688170e-01
6.777611699739480855e-01
6.951219993416063447e-01
7.092083095676303683e-01
7.179282658292359676e-01
6.299890388117049822e-01
6.240333770450492423e-01
6.206246686054388562e-01
6.165115614094651697e-01
6.233250273360303462e-01
6.559540007924086202e-01
6.597959013069362166e-01
6.109090792730723640e-01
6.016123006663811612e-01
6.047504612877923069e-01
5.993463073496959614e-01
5.732837246884756599e-01
5.931974403202537882e-01
6.028309675202370155e-01
6.075246500563452612e-01
6.100873297373941018e-01
6.177037108524240372e-01
6.260652623668202521e-01
6.023022915944182820e-01
6.010902606436518969e-01
6.025863631474587256e-01
6.062278346080277602e-01
6.125331487950661513e-01
6.100464908029502586e-01
6.189641667640686240e-01
6.149428425160257117e-01
6.166086063428932729e-01
6.129045190241743102e-01
6.015977173862677718e-01
5.987207877017896029e-01
6.016849210914342327e-01
6.058047089780446148e-01
6.063360458581117385e-01
6.017322834335042669e-01
6.020275387243444465e-01
6.029656379044532333e-01
6.071256510455325106e-01
6.066649543815961776e-01
5.936279273562952152e-01
5.795756605026711750e-01
5.763108528055636004e-01
5.772318807638924243e-01
5.786534631175648258e-01
5.823723171668852006e-01
5.847636708336715339e-01
5.911365496581647561e-01
5.994183840679888631e-01
6.032752157595702158e-01
6.051345901338355260e-01
6.013973495321109919e-01
5.962806317653809307e-01
5.929001431825455803e-01
5.943716915759199582e-01
5.960852287297959684e-01
5.953814578293387116e-01
5.988764557020469503e-01
5.999329951521206183e-01
5.993682001815865412e-01
5.987704574296783822e-01
5.976759545480397895e-01
6.007363141581182342e-01
5.997237979927734219e-01
5.996055675763107828e-01
6.009675155379878841e-01
6.054739238135098400e-01
6.030252953928595394e-01
6.034107857596840985e-01
6.031369673632023254e-01
6.017759178160595468e-01
6.008739577527948406e-01
5.969214335951751327e-01
5.966391261029400095e-01
6.022874269564175709e-01
6.039100164194598497e-01
6.055589537385306365e-01
6.074951549846541177e-01
6.038494217106170625e-01
5.971745547986211378e-01
5.972261575681291346e-01
5.972790809544930024e-01
6.007969631470290173e-01
6.003001636574769595e-01
5.969324772369474230e-01
5.949886977574102565e-01
5.946458981807316579e-01
5.935841923812563703e-01
5.934619676611226913e-01
5.945963561153780885e-01
5.965231979438870846e-01
5.984148081728669633e-01
