2.250000000000000056e-01
0.000000000000000000e+00
0.000000000000000000e+00
0.000000000000000000e+00
1.318363287486462809e+00
1.318363287486462809e+00
1.318363287486462809e+00
8.204360397562280305e-01
1.066531163066277266e+00
9.101586806164136956e-01
9.184015171454527060e-01
9.141482001142576808e-01
9.544475547764065260e-01
9.160098130784447568e-01
8.656581084162976447e-01
8.253151793832433913e-01
8.726375904767630365e-01
1.096470079166580902e+00
1.038625614799331576e+00
1.013083942392382086e+00
9.810741746866318280e-01
9.675641076681451569e-01
9.271055627975528513e-01
8.649144507069739252e-01
8.742866734484575630e-01
8.527464182376354174e-01
8.431322889496664086e-01
8.296225383219633098e-01
8.045605826259043525e-01
7.618002958887608589e-01
7.815369673620004010e-01
7.877662903912436843e-01
8.385935416253281760e-01
8.780114491688885137e-01
8.906542498667062713e-01
8.589277128260128791e-01
8.667154197939577198e-01
8.735669775167971274e-01
8.631725043586683244e-01
8.577367883253728120e-01
8.634791470317366713e-01
8.810181138895151198e-01
8.874242868181405619e-01
8.915026833566251918e-01
8.927819300886508103e-01
9.184947652568647980e-01
9.033179537962473526e-01
8.904902282919648915e-01
8.891928767469341466e-01
8.780618890462372761e-01
8.781973885293092863e-01
9.002157193958514325e-01
8.913688329548790090e-01
8.912725572473959579e-01
8.890160961323410049e-01
8.789359052788090487e-01
8.743881362639009946e-01
8.667252520775242663e-01
8.649546362834801272e-01
8.480556383923917307e-01
8.615647626643685442e-01
8.611482529214954384e-01
8.652112647871393891e-01
8.805329845876451733e-01
8.764046706688420896e-01
8.717459402377475408e-01
8.614610338445141124e-01
8.657483575277914456e-01
8.677177936352601373e-01
8.746320828191518348e-01
8.736597406017552192e-01
8.706634714540767428e-01
8.733824195006179014e-01
8.730959431407283589e-01
8.680908653400047914e-01
8.742553778336797921e-01
8.831321827639484479e-01
8.862436482625121181e-01
8.815372972051360723e-01
8.867693899169416527e-01
8.896109267823676392e-01
8.882973258821013074e-01
8.985253036495423062e-01
8.971091096951011590e-01
8.882752335038627267e-01
8.918102134137096959e-01
8.936026760336406305e-01
8.874679555457299918e-01
8.824506044051437792e-01
8.674335367108333417e-01
8.656321410919797232e-01
8.673135202110571207e-01
8.695253802597595616e-01
8.685037431595382662e-01
8.692446643177205168e-01
8.532121217255088652e-01
8.494663957669442711e-01
8.472030688417301336e-01
8.475096455754693725e-01
8.454658413433129294e-01
