2.250000000000000056e-01
0.000000000000000000e+00
0.000000000000000000e+00
0.000000000000000000e+00
0.000000000000000000e+00
0.000000000000000000e+00
1.657144616690873207e-01
2.196683175213582639e-01
2.205537857285553571e-01
2.611505138535562542e-01
2.519180600096944111e-01
8.910251141193704649e-01
9.305112613881190153e-01
9.718339123670368673e-01
9.406359352694374509e-01
8.926308713079391666e-01
8.490896189193926080e-01
8.175289382558164064e-01
7.894602685698692834e-01
7.704448088981814546e-01
7.816537481797898312e-01
8.075722165586314283e-01
8.317564651799123077e-01
8.440584012326801666e-01
8.554634361912489826e-01
8.491236751008117700e-01
8.433324695346724464e-01
8.431812760916727045e-01
8.427821587311910001e-01
8.352345858431524661e-01
8.213150472835668570e-01
8.073299878853084088e-01
7.892202405193109449e-01
7.864074152211957269e-01
7.820349042425441821e-01
7.737311130704577211e-01
7.629694102020591062e-01
7.562174114661180946e-01
7.557669883557924795e-01
7.506154021973572288e-01
7.542461697975182400e-01
7.712385447990790510e-01
7.772335029539497731e-01
7.643909375782172999e-01
7.641720555117655911e-01
7.700860344444707684e-01
7.686942315161711115e-01
7.636750334348905156e-01
7.585401816910247730e-01
7.463258956361779051e-01
7.395661467012386581e-01
7.379839870257708379e-01
7.375855047211817839e-01
7.444184692181073926e-01
7.569342506713530039e-01
7.612967072241219046e-01
7.648972382837663231e-01
7.687920668580887629e-01
7.665891719482295086e-01
7.620996411330828169e-01
7.632485153957552226e-01
7.590795776558482144e-01
7.569250167261988294e-01
7.603325502727742435e-01
7.439730370014282501e-01
7.366493288965312303e-01
7.460048733659239151e-01
7.481056285808692641e-01
7.476377045029667379e-01
7.393385513618044858e-01
7.283658544268543089e-01
7.371048070250849626e-01
7.564721960324035654e-01
7.678893065981666766e-01
7.785526972395782064e-01
7.921637336441735844e-01
7.974228686171709324e-01
8.082242689880306807e-01
8.124674202532305989e-01
8.142294642752286871e-01
8.116557872166468846e-01
8.038844956843583800e-01
7.901890236801091261e-01
7.811495091799225410e-01
7.671351098814492842e-01
7.435452374930469066e-01
7.473311322808396939e-01
7.478241533356689841e-01
7.377837568955665226e-01
7.468762842307484773e-01
7.503142335394630269e-01
7.642107757486572561e-01
7.704967500139312531e-01
7.766630599352494224e-01
7.763756575012802363e-01
7.603581187653947193e-01
7.475883154695338595e-01
7.389918803338451081e-01
7.376508574470153068e-01
7.252423103252482184e-01
