2.250000000000000056e-01
0.000000000000000000e+00
0.000000000000000000e+00
1.571338855570486859e-01
1.644204689378142292e-01
1.644007743465140670e-01
2.113030826774433268e-01
2.209694354599154031e-01
2.224535521272291150e-01
2.237571242762356194e-01
2.704257605395031794e-01
2.730468935624115190e-01
2.880080972584948551e-01
2.908916414196699440e-01
3.398718779155244785e-01
3.436131624927335482e-01
3.470040569869657365e-01
3.491977068089189840e-01
3.685454071690839051e-01
4.211681386049058728e-01
4.237054727017688927e-01
4.283129910563461817e-01
4.279446501142470938e-01
4.301399775235978939e-01
5.049148113804943216e-01
5.058279628477181378e-01
4.604903129997752753e-01
4.599136441599608882e-01
4.358988450008328686e-01
4.610610247536050532e-01
4.700914071642425807e-01
4.866490307318891428e-01
4.889222591430924525e-01
4.563313277647509381e-01
5.031216513658360867e-01
5.217893225400433987e-01
5.260113957285174058e-01
5.240812090797373202e-01
5.256305487736481208e-01
5.230801653056630363e-01
5.874218893572750178e-01
5.953835119886266014e-01
5.972970042497380838e-01
5.870045773425113245e-01
5.811609428591665294e-01
6.679444410216704986e-01
6.795004891017760729e-01
6.820242718489047951e-01
6.604251666714396896e-01
7.213497086968942984e-01
7.355946878945780476e-01
7.410208371105150293e-01
7.478497984466484505e-01
7.423442765042901348e-01
8.162349825104896484e-01
8.135010199804879605e-01
8.031976516048199288e-01
8.049399660907463616e-01
8.889547916702867925e-01
8.966591847737039878e-01
8.727481359939024408e-01
8.887137863291310058e-01
9.541408838565430539e-01
9.541819668032009982e-01
9.398491161867704724e-01
1.027430565450943245e+00
1.033221121189587643e+00
9.384300639383560405e-01
1.019777393263668896e+00
1.015495660844138781e+00
1.028566016036670527e+00
1.113306053067866896e+00
1.503326413745680989e+00
1.578656893469208677e+00
1.571051742000408868e+00
1.580870885955897753e+00
1.591939838881349489e+00
1.607791587785993626e+00
1.581283869235171169e+00
1.583736176063154533e+00
1.556171363157704102e+00
1.537740881851959784e+00
1.542909390287797722e+00
1.574697124492832723e+00
1.596567440995105169e+00
1.588465863400111422e+00
1.581678971609193463e+00
1.564939812378693285e+00
1.543640796443891183e+00
1.541864650096892886e+00
1.541326681790873510e+00
1.570389503571973044e+00
1.562138068278245751e+00
1.535895220883120249e+00
1.521495470033189745e+00
1.505299213032082140e+00
1.495730413519582580e+00
1.457775866619772209e+00
1.437647229866074960e+00
1.447501536296349256e+00
