2.250000000000000056e-01
0.000000000000000000e+00
0.000000000000000000e+00
1.817386322373428342e+00
1.791814145201777730e+00
1.740563215188519086e+00
1.626943352024529332e+00
1.560623886085753753e+00
1.398447102722494506e+00
1.259995670857147587e+00
1.182561776645422391e+00
1.067422208263059114e+00
9.578548669853632624e-01
9.039685405838742138e-01
8.461118250833884469e-01
8.557611803962018593e-01
9.057512300868545418e-01
9.755175461295989559e-01
1.195880938532530413e+00
1.269495398915963413e+00
1.274071077004158115e+00
1.243011916431625563e+00
1.219216006797150476e+00
1.181107433846534160e+00
1.131741050652754543e+00
1.134950884867446330e+00
1.132930708190483582e+00
1.112580190779113742e+00
1.053882750272462809e+00
1.009179081431054392e+00
9.861249529927976765e-01
1.031658373011064223e+00
1.034988597434884916e+00
1.055825335257955411e+00
1.044828142783151614e+00
1.029558901239429947e+00
1.000648040292351659e+00
9.887397359436203015e-01
9.946104662736492408e-01
9.960479343184310830e-01
1.015749817882364736e+00
1.026926529539864630e+00
1.021285803423185978e+00
1.031981481752351382e+00
1.039539382569443671e+00
1.056841701439905856e+00
1.072678326773346402e+00
1.056975408142752038e+00
1.058278394862079530e+00
1.067266275268828668e+00
1.054565227099224956e+00
1.069356975380667318e+00
1.067416962211152009e+00
1.067627592663678682e+00
1.086832394599021478e+00
1.089228290285656042e+00
1.091673201073443122e+00
1.104317743793984397e+00
1.099099192128538460e+00
1.076846793700501514e+00
1.087407530646980369e+00
1.090681422872431972e+00
1.106700475472108369e+00
1.123439386731435174e+00
1.121216574158821366e+00
1.120797984634403388e+00
1.129690330348951166e+00
1.148109024323157090e+00
1.167731361071874252e+00
1.173694725734756972e+00
1.185500197266761813e+00
1.169531029950031220e+00
1.149137284823943173e+00
1.136237208727223447e+00
1.116321892027691831e+00
1.122775551028480479e+00
1.105301812047666976e+00
1.089338676018450247e+00
1.076400616998867799e+00
1.078778086448822338e+00
1.088703238484786562e+00
1.094308924901622238e+00
1.133390203782676853e+00
1.155432437991545047e+00
1.166729054766030282e+00
1.174022629029494169e+00
1.180429361651596176e+00
1.177063942155087695e+00
1.170770941352156536e+00
1.171468161195117874e+00
1.155345635946035232e+00
1.133117116395839119e+00
1.135255458411587481e+00
1.125491342311344622e+00
1.114357074603437026e+00
1.107880399836981056e+00
1.111636636639342424e+00
1.109712007298787606e+00
1.123044261103195662e+00
1.130211614769053297e+00
