2.250000000000000056e-01
0.000000000000000000e+00
0.000000000000000000e+00
8.611908754038605229e-02
8.611768215452635100e-02
8.611398690350463569e-02
1.177550484545356463e-01
1.307505495604540102e-01
1.317757315451897615e-01
1.370335910693440962e-01
1.459186210827737584e-01
1.894215698127138803e-01
1.922240823615006533e-01
1.946625088448502572e-01
2.077182471190717750e-01
2.238013513933011789e-01
2.569711795144748456e-01
2.440215797368881223e-01
2.516790662831732694e-01
2.618830882782471892e-01
2.725922964484531197e-01
2.751162073963686061e-01
2.903559918845960430e-01
2.834711911290400677e-01
2.951272325747831826e-01
2.870337611075838291e-01
2.827684223284082643e-01
3.017480828942512017e-01
3.250453178689670652e-01
3.370643985344448090e-01
3.444318730632026093e-01
3.499231148709558425e-01
3.630179189300516973e-01
3.823748160316984834e-01
4.078016145859371111e-01
4.185816379512065644e-01
4.174971167720575860e-01
4.335043159586260964e-01
4.458050683767791900e-01
4.535460866500803379e-01
4.711386590728281476e-01
4.859362713273216450e-01
5.078335756789873479e-01
4.790534184548452812e-01
4.919908602239100870e-01
5.001728449146187749e-01
4.909750379213420057e-01
5.157970505070756939e-01
5.240188199312031392e-01
5.229098184871904254e-01
5.275382626867374247e-01
5.281508486448549533e-01
5.325624558688785148e-01
5.566943617956880974e-01
5.586196489984772695e-01
5.466409583341962364e-01
5.632061230643280458e-01
5.755871660712669202e-01
5.999302277786594528e-01
6.039747230243437404e-01
6.105488851458832356e-01
6.218667731347236050e-01
7.907982499515311403e-01
8.362798750300635131e-01
8.672071340211673363e-01
8.825563651611117999e-01
8.933726463757014624e-01
9.115760150034977194e-01
9.161426810105112173e-01
9.285554538248937950e-01
9.410902788432264909e-01
9.882069298620017594e-01
1.010220265779381954e+00
1.030694289669010999e+00
1.036536015521541954e+00
1.040158025762713434e+00
1.067009166078891180e+00
1.077634435347056829e+00
1.080144465369463180e+00
1.116125743588646468e+00
1.125927801378115545e+00
1.142774979756049580e+00
1.135274102255650730e+00
1.164712260534698007e+00
1.172935647180717744e+00
1.296910516435318739e+00
1.337606160689930324e+00
1.346052981048885266e+00
1.344902195021922431e+00
1.312028543147200743e+00
1.308860731657975451e+00
1.286809536116314767e+00
1.268664099071589835e+00
1.266058584553062749e+00
1.249168135337095809e+00
1.241521148401577568e+00
1.220384260932995124e+00
1.228166260990348979e+00
1.220311884522979229e+00
1.226382652099845760e+00
