2.250000000000000056e-01
0.000000000000000000e+00
0.000000000000000000e+00
0.000000000000000000e+00
0.000000000000000000e+00
0.000000000000000000e+00
8.969070621523442810e-01
8.394771043784481357e-01
9.435596787942168717e-01
9.167296106521199972e-01
9.341567101432108888e-01
9.877193886617273710e-01
9.696709397421141574e-01
9.533209127086226253e-01
9.457364440812167095e-01
9.286215078630924991e-01
9.010052270413174691e-01
8.892755508464458281e-01
8.609719985242757501e-01
8.573241680736503056e-01
8.878631174768006895e-01
8.946491911441381006e-01
9.105727074900816786e-01
9.377055909165750158e-01
9.519343953247373369e-01
9.520065065452174569e-01
9.447990470745996072e-01
9.328487072566111760e-01
9.215247469183397433e-01
9.115853029294371801e-01
9.037526079393332079e-01
9.040138903400364301e-01
9.139786738500870200e-01
9.308658061224664992e-01
9.384241972266502696e-01
9.373461835173029222e-01
9.446299693696663669e-01
9.420508784963731452e-01
9.337837742355014070e-01
9.202767208714482949e-01
9.142612717804363687e-01
9.080917725871674451e-01
9.101522929403819129e-01
9.104634725797298156e-01
9.110032120710073178e-01
9.023743831377547542e-01
9.013878272501953948e-01
8.977633601651072714e-01
8.979119792476537576e-01
8.992449609844417324e-01
9.013683514966895904e-01
8.984276790984011551e-01
9.064884632638638973e-01
9.159127619470081028e-01
9.194142644958234190e-01
9.186965482645921277e-01
9.208023687890354303e-01
9.165144941539713486e-01
9.164161931967750307e-01
9.173527417758028379e-01
9.246605571662591672e-01
9.264227773860914672e-01
9.245495320520530358e-01
9.243539063484639273e-01
9.231860944228262866e-01
9.196859752042966241e-01
9.224885507819540198e-01
9.170559907615059014e-01
9.146123046526650757e-01
9.177501948822918143e-01
9.136230001919419808e-01
9.174934006318132829e-01
9.162478187657888684e-01
9.175331340883504661e-01
9.160572219514158121e-01
9.172507320530778330e-01
9.119183662038403693e-01
9.153510014792444194e-01
9.171083884001794972e-01
9.189272574921055758e-01
9.193539385842943723e-01
9.213881191601277498e-01
9.225521378436910558e-01
9.246727150109466109e-01
9.224563770838797305e-01
9.200757113197801651e-01
9.216689450134171180e-01
9.142582313144634876e-01
9.127196596217603819e-01
9.153619462254776185e-01
9.173187942875268286e-01
9.187187721461205214e-01
9.195864433418639017e-01
9.194840077639598874e-01
9.216539314104000846e-01
9.204330185539880693e-01
9.180082793650246042e-01
9.099455663824846940e-01
9.124897315981989054e-01
9.108293503253940271e-01
