2.250000000000000056e-01
0.000000000000000000e+00
0.000000000000000000e+00
0.000000000000000000e+00
0.000000000000000000e+00
3.166648205989099352e-01
3.491406407673895984e-01
3.808240530326748585e-01
7.921206103223114026e-01
9.402311917154565490e-01
9.128465185833901652e-01
9.153965121643831138e-01
9.257539875504222637e-01
9.389333304010664127e-01
9.479610496772706840e-01
9.141103724452048773e-01
8.529633151244500056e-01
8.620357420319864072e-01
8.495829853872659543e-01
9.179364065061147437e-01
9.180846007556695554e-01
9.060908333694404071e-01
8.922437432223849774e-01
8.951692976603240481e-01
8.942869968719575624e-01
8.936005200721094388e-01
9.065168223688357951e-01
9.087931462389925441e-01
8.976072394786676067e-01
8.849382369758224121e-01
8.773992063652776840e-01
8.831736758577656277e-01
8.988687519190462494e-01
9.324338930588962349e-01
9.292295397695417014e-01
9.227616427946583322e-01
9.088980028810346168e-01
9.051617808929696141e-01
8.908604045128872828e-01
8.778814072236234001e-01
8.735125389824051068e-01
8.795680714532537747e-01
9.107445783568521858e-01
9.093015251694184231e-01
9.033416349533311962e-01
9.080314620699033723e-01
9.108957190124515879e-01
8.953609920376204290e-01
8.914437852283986219e-01
9.250161921261987885e-01
9.340983564716074383e-01
9.316993416544286921e-01
9.254693547505117301e-01
9.232926070880634883e-01
9.211694222903302753e-01
9.189517371484532404e-01
9.082611116661740702e-01
9.163014356840138985e-01
9.092232924175679409e-01
9.122179902303664267e-01
9.125501496669838897e-01
9.060334868116710627e-01
9.040951377399044642e-01
8.873768716579973903e-01
8.792848539138403696e-01
8.859018001081525595e-01
8.852454215191836173e-01
8.941085535297748077e-01
8.928772008021432782e-01
8.820552052498399354e-01
8.835016020225620048e-01
8.775176177008183753e-01
8.669468010124679047e-01
8.643344677720639080e-01
8.783839638493031732e-01
8.757337899726856945e-01
8.840920156551261844e-01
8.834294143465142302e-01
8.848767098857100999e-01
8.878437745519006663e-01
8.868738203561835620e-01
8.804698825483657787e-01
8.745144383762419871e-01
8.716143681117486386e-01
8.563520014913645895e-01
8.442109089734619598e-01
8.377266171681253537e-01
8.514471032957423580e-01
8.733508169384287534e-01
8.752344928981985461e-01
8.750401386303287010e-01
8.678498038520090496e-01
8.673305690474573115e-01
8.934643939193103179e-01
8.898228979323951071e-01
8.848891589338013786e-01
8.836512856221092616e-01
8.862781165039672615e-01
8.850457163912217595e-01
8.893404960195960829e-01
