2.250000000000000056e-01
0.000000000000000000e+00
1.839309638571180461e-01
1.867355592571070255e-01
2.087483587625712511e-01
2.173100589060298071e-01
2.543641723154593248e-01
2.736271404425287823e-01
2.854262109193285157e-01
3.165877566408033528e-01
3.340112478423936104e-01
5.987202405820808426e-01
7.066542407962294048e-01
8.325281368645955915e-01
8.148812913358156607e-01
8.013809233781405972e-01
7.558899070641665885e-01
7.108171713484550125e-01
7.115326067944048871e-01
7.335700871394164047e-01
8.212650007938269159e-01
8.775552182277149837e-01
9.564881655074957134e-01
1.021343437507608254e+00
1.105945514437376875e+00
1.222360006646261210e+00
1.370757526035096818e+00
1.354115856851260569e+00
1.354006554175452015e+00
1.324323720415977457e+00
1.315052769886401185e+00
1.333097434594618047e+00
1.317563971346957574e+00
1.294180309122902939e+00
1.259678933682805591e+00
1.229021316154654597e+00
1.229657874074118640e+00
1.243644821384027210e+00
1.324954249764507930e+00
1.345938012980130605e+00
1.392926696091855598e+00
1.388481502619458796e+00
1.376887860023965793e+00
1.361928999716694122e+00
1.372793047277778511e+00
1.390270290050289903e+00
1.391361195050160315e+00
1.379974201120744981e+00
1.366715974395142474e+00
1.346896014474662007e+00
1.327087157297023312e+00
1.337408618190708998e+00
1.384084799749430550e+00
1.392725661935360071e+00
1.397406236105013688e+00
1.389928538596199914e+00
1.372064977649910089e+00
1.365614702839335726e+00
1.378756404068316233e+00
1.374646105937599616e+00
1.365722703323834164e+00
1.367736105993442530e+00
1.360359712451083780e+00
1.357881391029657658e+00
1.338745859156312168e+00
1.349589310867090441e+00
1.346401488347050535e+00
1.362341200722522183e+00
1.380843783641902967e+00
1.391478633429392264e+00
1.401450508214846735e+00
1.403029051341933675e+00
1.414739953200651268e+00
1.402591738215858364e+00
1.386795199768199760e+00
1.372504215908430414e+00
1.372196194376132938e+00
1.387114766165339130e+00
1.390064962647830082e+00
1.402423946213551487e+00
1.398939350605659993e+00
1.392295808709860694e+00
1.398838282968495772e+00
1.417211210026057655e+00
1.436150727088254975e+00
1.457819750293125161e+00
1.452285862990214893e+00
1.449991159583616795e+00
1.450528757728984042e+00
1.454099933379586984e+00
1.465809712850109525e+00
1.463945626940768019e+00
1.469127382334972864e+00
1.464720877391234133e+00
1.455851406836827122e+00
1.461877453753336775e+00
1.457328809973586381e+00
1.455646513605027392e+00
1.455774063656002371e+00
1.462455616057180219e+00
