2.250000000000000056e-01
0.000000000000000000e+00
0.000000000000000000e+00
2.681593258567828708e-01
2.684664344420633064e-01
2.331159128653864376e-01
3.423959809760754869e-01
3.305535026895995432e-01
3.204241698066287447e-01
4.137789167998757733e-01
3.347675072498854654e-01
3.382500114849383843e-01
4.229686440947687531e-01
4.518429979097109417e-01
4.983616237661821491e-01
5.366570376855789304e-01
5.503057416631517151e-01
6.065351217050456434e-01
5.985433347809441251e-01
6.277258431254374438e-01
6.389163433102569289e-01
1.293317922780228502e+00
1.321920519853877041e+00
1.356191847931258243e+00
1.360280611436602394e+00
1.343927127716806114e+00
1.414495236506873033e+00
1.398214758947829539e+00
1.436377902938192896e+00
1.445221900566355799e+00
1.485274650212437875e+00
1.506159417303623904e+00
1.487314218504910190e+00
1.474584401592894167e+00
1.434084813376032441e+00
1.456857457829461522e+00
1.516034389911521396e+00
1.508981569562333203e+00
1.511629595407979698e+00
1.500556606011034688e+00
1.515026393805824600e+00
1.518168042821222530e+00
1.517968798371471806e+00
1.479696331673653109e+00
1.463301020527972396e+00
1.472856853952120071e+00
1.493342546540687099e+00
1.479553368878186559e+00
1.475191563354299795e+00
1.455960927906679636e+00
1.452463652935633176e+00
1.454752192410278644e+00
1.427468080678587992e+00
1.405241898801722567e+00
1.389437861210933489e+00
1.395842872555387748e+00
1.378650719125042556e+00
1.371236409528121314e+00
1.378945309603663683e+00
1.369952519245259959e+00
1.362337819800148564e+00
1.358263947722752940e+00
1.352576675725637445e+00
1.331874024771403597e+00
1.326431574344193454e+00
1.309549957347470706e+00
1.299877962622134620e+00
1.288230695814423621e+00
1.289450120899616747e+00
1.285564070675717652e+00
1.280663311345954014e+00
1.273517437843549871e+00
1.272248530530804445e+00
1.286330860976964141e+00
1.274769775085929702e+00
1.276533829392102692e+00
1.238888840684430059e+00
1.228473797192233929e+00
1.228221451607696357e+00
1.218940661102776213e+00
1.204245746808317641e+00
1.201360644796318544e+00
1.207061004028437967e+00
1.215063047797516838e+00
1.216807411433855624e+00
1.244423502124833547e+00
1.256111380552966228e+00
1.255896898161483977e+00
1.246184269444054804e+00
1.250276613646902124e+00
1.239450537414217735e+00
1.239109735140301538e+00
1.263922871172239670e+00
1.263518825689742719e+00
1.268922392530376531e+00
1.280859071824665518e+00
1.262884937944643626e+00
1.246947358583993859e+00
1.250507120601702438e+00
1.271713432998582194e+00
