2.250000000000000056e-01
0.000000000000000000e+00
1.653963670509790429e+00
1.611655301349488090e+00
1.566062751170497647e+00
1.506699726002425521e+00
1.597960225094322562e+00
1.659342083919704391e+00
1.621733310787000670e+00
1.586330607293226391e+00
1.556122877811654259e+00
1.543011398021983061e+00
1.568931395897545933e+00
1.566626963186293908e+00
1.651061233352281388e+00
1.640185337630228890e+00
1.649567017321510898e+00
1.618559366284359591e+00
1.604205251094027229e+00
1.597693374109039111e+00
1.613276309115173168e+00
1.620962558296000999e+00
1.630505107710823687e+00
1.633197742023300814e+00
1.626242089167998284e+00
1.619751779773931366e+00
1.616321671324043363e+00
1.624813283212272141e+00
1.616940667423729883e+00
1.618595622046799631e+00
1.622245695624286776e+00
1.629707504431338938e+00
1.631063155011967192e+00
1.623173643961598911e+00
1.624858357225190675e+00
1.634716125314920943e+00
1.633299228730301200e+00
1.624221935095562230e+00
1.632175555553360358e+00
1.635584446168284689e+00
1.635194997120640537e+00
1.632937499095495237e+00
1.625372135115886962e+00
1.632005277563277845e+00
1.626081376279558288e+00
1.620834432053297469e+00
1.611707832530825613e+00
1.607840021468317726e+00
1.603874327659214227e+00
1.593169709186462946e+00
1.587109721881390323e+00
1.577747572245615126e+00
1.578110276529536948e+00
1.564144387963936511e+00
1.557622464603151791e+00
1.547341090454593004e+00
1.550167500821165278e+00
1.539909287325236020e+00
1.545070157465672223e+00
1.532408143862144190e+00
1.531128578588299982e+00
1.523102804936549370e+00
1.508024048672926831e+00
1.502015414905331969e+00
1.494257672745279875e+00
1.501516284295854486e+00
1.496509068331642878e+00
1.482841718299887424e+00
1.495411352797104687e+00
1.491111480383461529e+00
1.491420872262783082e+00
1.490308749655491205e+00
1.501703963027205546e+00
1.501488516715914878e+00
1.522895243915564745e+00
1.541363787433719823e+00
1.554758538627295961e+00
1.571016664417093534e+00
1.597832593279957525e+00
1.614567484501933770e+00
1.626653289071950059e+00
1.630338765004883506e+00
1.618972263368774200e+00
1.637786170547689713e+00
1.647507603355973460e+00
1.676235202369200650e+00
1.684292470609345838e+00
1.674020212026261278e+00
1.668798134353571161e+00
1.676703944169332772e+00
1.681234889583827607e+00
1.692597645601733758e+00
1.678526826012411322e+00
1.674601973693582657e+00
1.651577322599749653e+00
1.640253371307171193e+00
1.640476988685709347e+00
1.632158899115949691e+00
1.628959250127937963e+00
1.627267428520267956e+00
