2.250000000000000056e-01
0.000000000000000000e+00
0.000000000000000000e+00
0.000000000000000000e+00
0.000000000000000000e+00
1.083281626361927374e+00
9.384334984260505053e-01
8.116444241606426413e-01
6.079696998964165822e-01
4.340746749502122359e-01
4.570602198546152573e-01
4.781302280718476294e-01
5.456760514484624291e-01
5.916866289333203577e-01
6.066282481853527697e-01
6.629275186717862312e-01
6.836162149943114663e-01
7.095830686541696464e-01
7.589069321052279715e-01
7.965279511579971272e-01
8.884179590097613932e-01
9.117785675505482024e-01
9.200139963239670760e-01
9.014493760285541279e-01
8.704048478995924931e-01
8.596388096610861895e-01
8.813573060731068054e-01
8.983156435268000450e-01
9.143029749367614922e-01
8.695408959447950004e-01
8.697142358690236330e-01
8.761142771367872450e-01
8.840937859711350821e-01
9.036269787711425083e-01
9.008294866906921827e-01
8.880146336901219017e-01
8.789007791076969278e-01
8.214799569656944245e-01
8.078763639349698655e-01
8.235434762870750269e-01
8.238427100914098578e-01
8.416634891498788740e-01
8.227236672432318709e-01
8.217069516421409148e-01
8.029489787559138669e-01
8.137309203305838068e-01
8.300759170049556435e-01
8.382617546989187263e-01
8.510353149189816557e-01
8.585268295320548360e-01
8.559285842089920937e-01
8.558827025795247012e-01
8.551378792476771462e-01
8.720243524604317509e-01
8.830441568927575036e-01
8.731728540218137713e-01
8.539692808332387530e-01
8.318437231968308643e-01
8.235267692131776895e-01
8.191842430762920069e-01
8.141031548079951108e-01
8.223830858217632267e-01
8.159699902607668864e-01
8.336938978869903316e-01
8.230627495670070903e-01
8.181496786505894070e-01
8.228890858827958565e-01
8.253318587749047808e-01
8.278058272514400295e-01
8.323796688248804587e-01
8.274921829646167959e-01
8.223054824832802812e-01
8.169497529007480052e-01
8.092786837740142403e-01
8.130605635013800070e-01
8.163344851821452419e-01
8.240179349866014746e-01
8.236620369138342168e-01
8.180647422281556169e-01
8.214136609053189764e-01
8.164348434643738939e-01
8.163658308428756172e-01
8.281197704849082575e-01
8.290100004403270217e-01
8.371875115853225635e-01
8.321224702443456023e-01
8.229555653270762550e-01
8.195054695449371929e-01
8.187467675056763206e-01
8.112599359899617113e-01
8.112756645882357454e-01
8.149212452517533567e-01
8.095252272358263168e-01
8.044646571354364673e-01
8.030469313731752878e-01
8.006211947348295110e-01
7.981365125675770056e-01
8.029152755823065757e-01
8.084188814398975964e-01
8.167664496212938552e-01
