2.250000000000000056e-01
0.000000000000000000e+00
0.000000000000000000e+00
0.000000000000000000e+00
0.000000000000000000e+00
0.000000000000000000e+00
0.000000000000000000e+00
0.000000000000000000e+00
0.000000000000000000e+00
1.143920892619432861e+00
9.833062405919280602e-01
9.300080603898870368e-01
8.926760392006893863e-01
9.009601184811076857e-01
8.702252055045147650e-01
8.722654702375086666e-01
8.777530361072563014e-01
9.082378251072731334e-01
9.550573774739158361e-01
9.709674986343836967e-01
9.991125770659030625e-01
9.946853226076968202e-01
9.917378232497466861e-01
9.997001122025145348e-01
1.005287822697374045e+00
9.884454358367279481e-01
9.560523601228801960e-01
9.392988093868440691e-01
9.125827962075094835e-01
9.128443656267477557e-01
9.079944649425063519e-01
8.941191571408765304e-01
8.955352734219502731e-01
8.970199053822415225e-01
8.961650016799584950e-01
8.861315172678601026e-01
8.820392136935223393e-01
8.983578899141425600e-01
8.954069566141726888e-01
8.839666164833617223e-01
8.867025715803800168e-01
9.032113566084492007e-01
9.205356049207746860e-01
9.267560457461266887e-01
9.268976043127825637e-01
9.273736694748763165e-01
9.369742074639667573e-01
9.548368821934350992e-01
9.504729246727700032e-01
9.430780786658533588e-01
9.419921388185553690e-01
9.395217974155238849e-01
9.406097235602949302e-01
9.535916422323996722e-01
9.556491449382166214e-01
9.553281061840372956e-01
9.526491203028233379e-01
9.537177575868014401e-01
9.643871473026069951e-01
9.597762142125413343e-01
9.728770338050153343e-01
9.798064841953441073e-01
9.820610553959461253e-01
9.818648295672105508e-01
9.810746505478219470e-01
9.769307557718389656e-01
9.754245381051172004e-01
9.793132746262940280e-01
9.746863056309014173e-01
9.660590196347853542e-01
9.648840662482297548e-01
9.670485483358625123e-01
9.602198540508554148e-01
9.560430883410822034e-01
9.417753745582889691e-01
9.413905421918657979e-01
9.358459493019811726e-01
9.263344587684930742e-01
9.141183392324000456e-01
9.019784184070418487e-01
8.997066908679083319e-01
9.001275586254906536e-01
8.938174959305008604e-01
8.856534603384639270e-01
9.002188433877005291e-01
9.003215407940543535e-01
8.954691345913796674e-01
8.896950062712291052e-01
8.866939923145977787e-01
8.872894854886169691e-01
8.835401510394487179e-01
8.791219175438018674e-01
8.746510513069223336e-01
8.677728474647188328e-01
8.678714623499498293e-01
8.814377624768938713e-01
8.864930166578479653e-01
8.871008767078565338e-01
8.866998618771819718e-01
8.821689117576549943e-01
