2.250000000000000056e-01
0.000000000000000000e+00
0.000000000000000000e+00
0.000000000000000000e+00
0.000000000000000000e+00
7.211293380067322900e-01
7.329369619131733682e-01
8.082954362439950247e-01
9.162106453199740930e-01
8.490973780086864542e-01
8.401235562308970728e-01
8.715611175726200033e-01
1.007950310685567397e+00
9.311015998429317264e-01
9.689975920302253964e-01
9.564704200719511551e-01
9.465978504268104388e-01
9.357659624532397302e-01
9.126505312807863257e-01
9.063473459959998646e-01
9.134727116397884927e-01
9.112932100178576800e-01
9.098049334629282336e-01
9.240542154642229500e-01
9.420911809830292416e-01
9.440113663461474625e-01
9.548695542165183126e-01
9.591017795133872648e-01
9.623933347055522169e-01
9.834749676931404672e-01
9.903894914194695254e-01
9.952636924576721000e-01
9.972547968982404809e-01
1.007202312181651793e+00
1.009573903205435386e+00
1.008916072663725627e+00
1.018198076366501281e+00
1.027861656448024963e+00
1.035798858900268682e+00
1.037068057656240105e+00
1.028114391090194646e+00
1.014984983447632549e+00
1.017046556429738624e+00
1.028186789279911251e+00
1.029652148028793457e+00
1.017768578327269191e+00
1.014658334492380298e+00
1.011261474475743549e+00
1.007574399279903998e+00
1.006337044568951011e+00
1.012097202667165741e+00
1.014804309201403854e+00
1.016841663845904797e+00
1.022070483307703004e+00
1.023925284869585672e+00
1.021918888803668990e+00
1.016774690452250107e+00
1.023212822850253945e+00
1.017379740475709893e+00
1.011585768807606645e+00
1.009197986673410430e+00
1.004780756740026204e+00
9.984639338985979995e-01
9.960093238799380133e-01
9.933049756094345373e-01
9.953025844069540717e-01
1.004391011960046320e+00
1.005392452661378666e+00
1.001999676574980569e+00
1.004496008897197479e+00
9.998552082497941251e-01
9.979123935127830469e-01
9.959357452154491419e-01
9.950568088867481897e-01
9.958880073102115427e-01
1.000587466711468032e+00
1.001696010788402091e+00
1.007952044966410776e+00
1.013870262400407896e+00
1.011331162531754924e+00
1.004754079059744454e+00
1.001666338665253120e+00
1.000459439857581678e+00
9.997536491152120286e-01
9.964609886664288485e-01
9.950074681330302040e-01
9.906858600348495969e-01
9.833364920860114822e-01
9.841532631375353724e-01
9.769823614734483019e-01
9.818030208551737914e-01
9.837041032547380048e-01
9.809361084717597157e-01
9.793791670465441523e-01
9.767080853116355543e-01
9.786676494981927377e-01
9.759431512540004405e-01
9.764519350017514254e-01
9.741118841838911635e-01
9.700957207819144168e-01
