2.250000000000000056e-01
0.000000000000000000e+00
0.000000000000000000e+00
0.000000000000000000e+00
0.000000000000000000e+00
0.000000000000000000e+00
0.000000000000000000e+00
0.000000000000000000e+00
0.000000000000000000e+00
0.000000000000000000e+00
0.000000000000000000e+00
0.000000000000000000e+00
0.000000000000000000e+00
0.000000000000000000e+00
0.000000000000000000e+00
0.000000000000000000e+00
0.000000000000000000e+00
0.000000000000000000e+00
0.000000000000000000e+00
0.000000000000000000e+00
0.000000000000000000e+00
0.000000000000000000e+00
0.000000000000000000e+00
0.000000000000000000e+00
0.000000000000000000e+00
0.000000000000000000e+00
0.000000000000000000e+00
0.000000000000000000e+00
0.000000000000000000e+00
0.000000000000000000e+00
0.000000000000000000e+00
0.000000000000000000e+00
0.000000000000000000e+00
0.000000000000000000e+00
1.159774874009303236e+00
1.171172212676587554e+00
9.569792304485281731e-01
1.062421707657413616e+00
1.227744206635897672e+00
1.230092866930826201e+00
1.215292089353721350e+00
1.218574307690268199e+00
1.223440638332522035e+00
1.233981797193309582e+00
1.247368263173024738e+00
1.273930677798922995e+00
1.294428683332130570e+00
1.298208215638003926e+00
1.302341183494940324e+00
1.316060576199153065e+00
1.318598221604186271e+00
1.323750154737288742e+00
1.322913616189042907e+00
1.322936025328722787e+00
1.309738171395739892e+00
1.292503701512986547e+00
1.285872752079087800e+00
1.292712741186245795e+00
1.290767341609377894e+00
1.267441496461249484e+00
1.245128009946451897e+00
1.221872640604179550e+00
1.218004670209747786e+00
1.220563657077714970e+00
1.225724327829887494e+00
1.228093488283216628e+00
1.270014298537115449e+00
1.272233781631085803e+00
1.280592641115248176e+00
1.296106214913739008e+00
1.307183416341191950e+00
1.310762578716261562e+00
1.303313250905446585e+00
1.303743520857349347e+00
1.304772195561310522e+00
1.296203539452353448e+00
1.297448629457702562e+00
1.295221096796710381e+00
1.304010043197494362e+00
1.299515265089402183e+00
1.295947323092404790e+00
1.294498760582643015e+00
1.274460153436140830e+00
1.267602584185086645e+00
1.265674874827295904e+00
1.259421495234896105e+00
1.250348847655404105e+00
1.241226538958761783e+00
1.222931753488385676e+00
1.216218471151462754e+00
1.210138695124362007e+00
1.208110907438197046e+00
1.200712075398977285e+00
1.216645166802580613e+00
1.230650744542720831e+00
1.238647590305652635e+00
1.244354207356867414e+00
1.257933868332612004e+00
1.288927535162481153e+00
1.303085231826551338e+00
