2.250000000000000056e-01
0.000000000000000000e+00
0.000000000000000000e+00
0.000000000000000000e+00
0.000000000000000000e+00
0.000000000000000000e+00
0.000000000000000000e+00
0.000000000000000000e+00
0.000000000000000000e+00
0.000000000000000000e+00
0.000000000000000000e+00
0.000000000000000000e+00
0.000000000000000000e+00
0.000000000000000000e+00
0.000000000000000000e+00
0.000000000000000000e+00
0.000000000000000000e+00
0.000000000000000000e+00
0.000000000000000000e+00
0.000000000000000000e+00
0.000000000000000000e+00
0.000000000000000000e+00
0.000000000000000000e+00
0.000000000000000000e+00
0.000000000000000000e+00
0.000000000000000000e+00
0.000000000000000000e+00
0.000000000000000000e+00
0.000000000000000000e+00
0.000000000000000000e+00
0.000000000000000000e+00
0.000000000000000000e+00
0.000000000000000000e+00
1.303751275757401240e+00
1.164804305544835827e+00
1.053052585680684716e+00
9.942268952208598298e-01
1.076205790714811705e+00
1.064992345988877043e+00
1.056948369062272297e+00
1.064940935502309838e+00
1.061684585082867116e+00
1.055253485526941537e+00
1.028386111596822694e+00
1.007109122865170514e+00
1.016295691406626123e+00
1.003561390748344273e+00
9.909142892902293998e-01
9.753252105996456089e-01
9.637617906864747175e-01
9.589481582358035938e-01
9.305861586087798010e-01
9.720774231941041732e-01
9.714701611844197560e-01
9.508208962562512134e-01
9.494219978107957258e-01
9.810613568399046969e-01
9.808535834682151622e-01
9.767458269439979190e-01
9.728223501390957928e-01
9.833662009735091303e-01
9.945489993952820740e-01
9.972195742104950078e-01
1.005305126655511527e+00
1.008361448675951344e+00
9.998002317389712568e-01
9.733043824941369770e-01
9.499884901068404996e-01
9.627101945603273592e-01
9.645949789464222102e-01
9.434116884730472385e-01
9.342016027454771443e-01
9.564062659081801199e-01
9.564123742855092924e-01
9.551107930837756665e-01
9.597316807645813741e-01
9.555109030420290139e-01
9.581247363877773981e-01
9.644342568428464491e-01
9.656065935846874781e-01
9.719319420985773617e-01
9.675713666584059292e-01
9.583650574966554592e-01
9.667019847199117555e-01
9.652879628731686479e-01
9.661110813491403659e-01
9.672585097304331470e-01
9.659715214716481091e-01
9.625759098106638767e-01
9.666826889401655132e-01
9.616867335083368884e-01
9.666388291574967706e-01
9.698040442893847146e-01
9.770120547354104179e-01
9.829173707524599957e-01
9.775915394060542551e-01
9.806952659331595878e-01
9.775387463629805485e-01
9.796040850250178345e-01
9.744181726159543144e-01
