2.250000000000000056e-01
0.000000000000000000e+00
0.000000000000000000e+00
0.000000000000000000e+00
0.000000000000000000e+00
0.000000000000000000e+00
0.000000000000000000e+00
0.000000000000000000e+00
0.000000000000000000e+00
0.000000000000000000e+00
0.000000000000000000e+00
0.000000000000000000e+00
0.000000000000000000e+00
0.000000000000000000e+00
0.000000000000000000e+00
0.000000000000000000e+00
0.000000000000000000e+00
0.000000000000000000e+00
0.000000000000000000e+00
0.000000000000000000e+00
0.000000000000000000e+00
0.000000000000000000e+00
0.000000000000000000e+00
0.000000000000000000e+00
0.000000000000000000e+00
0.000000000000000000e+00
0.000000000000000000e+00
0.000000000000000000e+00
0.000000000000000000e+00
0.000000000000000000e+00
0.000000000000000000e+00
0.000000000000000000e+00
0.000000000000000000e+00
0.000000000000000000e+00
0.000000000000000000e+00
0.000000000000000000e+00
0.000000000000000000e+00
0.000000000000000000e+00
0.000000000000000000e+00
0.000000000000000000e+00
0.000000000000000000e+00
0.000000000000000000e+00
0.000000000000000000e+00
0.000000000000000000e+00
0.000000000000000000e+00
0.000000000000000000e+00
0.000000000000000000e+00
0.000000000000000000e+00
0.000000000000000000e+00
0.000000000000000000e+00
0.000000000000000000e+00
0.000000000000000000e+00
0.000000000000000000e+00
0.000000000000000000e+00
0.000000000000000000e+00
0.000000000000000000e+00
0.000000000000000000e+00
0.000000000000000000e+00
9.186490938531496897e-02
1.459094651537619358e-01
1.466804787252964926e-01
2.032981172196040298e-01
2.058002970047983216e-01
2.080961171604248927e-01
2.712144774404778858e-01
2.351839682585546154e-01
2.115208777169121090e-01
2.594474395145252577e-01
2.703925272254481538e-01
2.523304795171417148e-01
2.848586563480699496e-01
3.145495801699753069e-01
3.351639416370197355e-01
3.601628259237250607e-01
3.889634069161888585e-01
3.895760451718321971e-01
3.964920963757119776e-01
4.029381998023450207e-01
3.803507655551016109e-01
3.665591149932824200e-01
3.888174719262085799e-01
3.893462156598279655e-01
4.070938522221320688e-01
4.222823609674101197e-01
4.336705440970228809e-01
4.156220143026805314e-01
4.192649737083575801e-01
4.305405216645047384e-01
4.483912038536297384e-01
4.644313743613810996e-01
4.733422673205701647e-01
4.648088597043013581e-01
4.813143635069084825e-01
5.165527445332582790e-01
5.119725552842330218e-01
5.243446494911836453e-01
5.375014234552486503e-01
5.427089821959285576e-01
5.410586360514307858e-01
5.433844603617338231e-01
