2.250000000000000056e-01
0.000000000000000000e+00
0.000000000000000000e+00
0.000000000000000000e+00
1.002548612965652230e+00
8.797584072060681271e-01
8.679846521379062096e-01
8.932431588428189073e-01
9.251437006674556596e-01
1.068794867429675222e+00
1.075248099979101646e+00
1.080582526926995302e+00
1.085379908920930392e+00
1.089559196398772967e+00
1.093123884325328143e+00
1.096110336406697527e+00
1.098575369184369155e+00
1.100585431450948004e+00
1.102208523098479054e+00
1.103508949896961022e+00
1.104544440858766574e+00
1.105364973760349478e+00
1.106012699339166350e+00
1.106522490402521486e+00
1.106922788252514778e+00
1.107236540249347811e+00
1.107482110485204618e+00
1.107674104007273286e+00
8.614397811605456479e-01
8.371197807998764784e-01
8.171511604654376759e-01
8.601853826589128671e-01
9.080732937657467474e-01
9.336436002526204980e-01
1.066298535479309084e+00
1.068046838453567515e+00
1.065672390741396525e+00
1.052069947316139231e+00
1.031456795510591107e+00
1.000084198016107484e+00
9.849466609628634295e-01
1.000110967583603738e+00
1.007794744363709638e+00
1.020927052356758624e+00
1.016421250675959120e+00
1.050372318221410417e+00
1.049775683993483755e+00
1.073219898722148846e+00
1.057744514948536052e+00
1.040211446108895821e+00
1.029804578245247404e+00
1.044735779189449820e+00
1.081670215721886485e+00
1.067780520867249949e+00
1.060492573691518059e+00
1.076184241919736495e+00
1.070161718506177584e+00
1.064975614307592577e+00
1.047631929107973869e+00
1.032242542035785249e+00
1.014263477745606101e+00
9.960007760246016861e-01
1.021380004604409697e+00
1.011639431188988691e+00
1.004120518256579553e+00
1.003678711991553563e+00
1.032821385278639204e+00
1.055028579934332189e+00
1.055220250848543984e+00
1.043990996122848181e+00
1.037984169962652192e+00
1.043354732382477890e+00
1.048398002172771015e+00
1.036667789727948374e+00
1.010382339377159822e+00
9.975186848301244025e-01
1.007676188298766817e+00
1.042381855687247283e+00
1.045376883871409479e+00
1.064735196494218439e+00
1.070352521055755179e+00
1.050998154916390925e+00
1.040325208334794027e+00
1.030278809458637923e+00
1.031094319609816123e+00
1.025614459400965961e+00
1.012373526258179890e+00
1.005182028973516273e+00
1.043094541652547891e+00
1.039098998878501989e+00
1.038707019948315047e+00
1.033239384458826571e+00
1.029746609424992743e+00
1.029578370038192636e+00
1.036344914284685670e+00
1.044104879822573384e+00
1.048504711518022381e+00
1.046803649877251496e+00
1.053185577106192872e+00
1.046902523580349964e+00
