2.250000000000000056e-01
1.025582983905111822e+00
1.026124665610475661e+00
1.053692051255140649e+00
1.035820625712669196e+00
1.022737266740436413e+00
9.898678485543758176e-01
9.491508597542294146e-01
9.433359128769432944e-01
9.537151608522251856e-01
9.704587626208383000e-01
9.930613171895726898e-01
1.022162284808560528e+00
9.192164380577615423e-01
9.287992820140807959e-01
9.355195952774293389e-01
9.395565678843240676e-01
9.637105415130998720e-01
9.709813288072537407e-01
9.802860588407456000e-01
9.886427056081733555e-01
1.010863457691990597e+00
1.054825405476530253e+00
1.056455293139090923e+00
1.073935037531479564e+00
1.066595378796719062e+00
1.061365672070588406e+00
1.047936786353824701e+00
1.047574763519578456e+00
1.051753110023553761e+00
1.048942777059279630e+00
1.057901371064257301e+00
1.060711879980178018e+00
1.078872419745484201e+00
1.066319071836287602e+00
1.109621850522467090e+00
1.127527116840970622e+00
1.138833069820028632e+00
1.168754873748648615e+00
1.201158701688171071e+00
1.196014241861950822e+00
1.161086065019510505e+00
1.148587703437108809e+00
1.154415485299335353e+00
1.152161096344301860e+00
1.157069853957742422e+00
1.167032150940361390e+00
1.214929319307931355e+00
1.216161628903138947e+00
1.216239570245910118e+00
1.218901381686160690e+00
1.242010039891584317e+00
1.257458563986632027e+00
1.239409762414056759e+00
1.235481943261709015e+00
1.222955326956938427e+00
1.242216825791939039e+00
1.250657391851792255e+00
1.245435907070493231e+00
1.233542073595541355e+00
1.225795605672201471e+00
1.225347520536550494e+00
1.225877948666426187e+00
1.228211848835096598e+00
1.231830232595956032e+00
1.221606891279757301e+00
1.209373030995534615e+00
1.214058075022435013e+00
1.219915590002121242e+00
1.223611050807490441e+00
1.223023149396034848e+00
1.241386133285800275e+00
1.259617316390351238e+00
1.258115685379801452e+00
1.255605361909419848e+00
1.252617354021725138e+00
1.249202048691307576e+00
1.251847494558344875e+00
1.247317391312119161e+00
1.229846968165834831e+00
1.227782031576127197e+00
1.214699354648607565e+00
1.208631829437154970e+00
1.207209022712652624e+00
1.223086963218276813e+00
1.233262484388248481e+00
1.239511033912829685e+00
1.249728314322520184e+00
1.262424482665137404e+00
1.273420921116954041e+00
1.269983639347934234e+00
1.269502747937491183e+00
1.271954480632256912e+00
1.272095585710039778e+00
1.262177364755042719e+00
1.246558837730315838e+00
1.243134471763650550e+00
1.230302826441627140e+00
1.226270398614332180e+00
1.230861771164175611e+00
