2.250000000000000056e-01
1.473916383173389910e+00
1.437899820574633170e+00
1.382027199373602855e+00
1.384564781872847705e+00
1.339616070582455576e+00
1.299821425854486012e+00
1.230629146380243011e+00
1.209890549988348551e+00
1.192036055008737216e+00
1.126428808260007797e+00
1.098734457615946125e+00
1.075315415875300662e+00
1.049725053578925094e+00
1.002145337186342466e+00
9.220618989178734903e-01
8.737578628724903540e-01
8.410871403013151504e-01
7.665943629505420631e-01
6.607677932641902174e-01
6.504521334740791527e-01
6.270750738845103367e-01
6.124857999182992119e-01
5.954752839144952237e-01
5.953000076161316656e-01
5.724515071354638884e-01
5.572377235722955069e-01
5.758234774813359991e-01
5.519220648644890259e-01
5.745799621833422854e-01
5.845864097602734288e-01
5.769057990260973989e-01
5.705445847161323414e-01
5.713484076150022739e-01
5.727626027190819702e-01
6.003626961689216834e-01
7.671198663723930444e-01
8.187741108230921494e-01
1.069303804547327541e+00
1.368632931039420075e+00
1.531546601514212513e+00
1.548806107284489419e+00
1.584276893526817442e+00
1.566189224999302576e+00
1.508669099601146257e+00
1.471993208619545745e+00
1.426399551167740531e+00
1.377788563404896749e+00
1.308931576042455580e+00
1.295366385058386971e+00
1.280635333330518266e+00
1.299243387201637123e+00
1.310072078029632880e+00
1.297124353089303739e+00
1.313583239534287239e+00
1.309314266887111389e+00
1.304915854379583573e+00
1.287151243264887279e+00
1.284645688284851817e+00
1.300445338658662076e+00
1.292661555998718015e+00
1.327462568938545528e+00
1.354014557415732511e+00
1.396253929586191767e+00
1.424949045233925737e+00
1.425639249247253160e+00
1.435370502355875155e+00
1.446372306530311125e+00
1.445637915029305942e+00
1.447602465976516539e+00
1.482552166474125244e+00
1.487681971066678877e+00
1.499056456176179886e+00
1.532369530974151184e+00
1.558675144227139819e+00
1.587382314086301704e+00
1.578637089249623982e+00
1.570639339556376024e+00
1.599202413889135865e+00
1.589318316061766323e+00
1.576722445384713289e+00
1.562833515874689327e+00
1.556368162572575375e+00
1.550464873132578747e+00
1.561168564224389099e+00
1.554567034791520586e+00
1.557023597612539501e+00
1.553073648388773931e+00
1.535543052027103172e+00
1.523497135141015146e+00
1.515584643762065253e+00
1.496966940753604813e+00
1.527200812831591925e+00
1.517656322919504364e+00
1.483731915069511187e+00
1.466782244249331013e+00
1.451811537099743310e+00
1.435010623873925528e+00
1.430476411916544510e+00
1.418824618021971240e+00
