2.250000000000000056e-01
0.000000000000000000e+00
0.000000000000000000e+00
0.000000000000000000e+00
1.259250490438129866e+00
1.172199783776244120e+00
1.223863117445651572e+00
8.340493341283471418e-01
8.033285509863686835e-01
8.245727098043897918e-01
8.158722554370552160e-01
7.502703526521254940e-01
7.120982300118360309e-01
7.383821765498237433e-01
7.739351329529441381e-01
7.804515628019462747e-01
7.866829839344772202e-01
7.732576754376921935e-01
7.487067933777432627e-01
7.636388152174672372e-01
7.823864216175903108e-01
8.006329404450654996e-01
8.154638640609934708e-01
8.136558651090896044e-01
8.295304678177128910e-01
8.056182689560854593e-01
7.961386904576331913e-01
7.720691499495532240e-01
7.709154301717033864e-01
7.931362839695609290e-01
7.918189725662092560e-01
7.795185655436377425e-01
7.837413588131914022e-01
7.861086093561359123e-01
7.715150106526201812e-01
7.663582482621738023e-01
7.811339131377672551e-01
7.792935394439263197e-01
7.809804365268147031e-01
8.027676016412746973e-01
8.111901981380854609e-01
8.078207150607665810e-01
8.092563848629237278e-01
8.081869679271008744e-01
8.091536893945063813e-01
8.123314817792333109e-01
8.045515189713715598e-01
7.988525670380807187e-01
7.922200844773285011e-01
7.977850463235947043e-01
8.111317249398881657e-01
8.255209143451588405e-01
8.280644194853549189e-01
8.307466978443586170e-01
8.309844027535284727e-01
8.364733640106091217e-01
8.464507873590221276e-01
8.570631585162374888e-01
8.498917315417089391e-01
8.439739380488281428e-01
8.532311777543508668e-01
8.605951195788837937e-01
8.612721210404160610e-01
8.605413121642687679e-01
8.603119109252662655e-01
8.536613045817699197e-01
8.521143418739284270e-01
8.597944188884376615e-01
8.633614366907235160e-01
8.636632322446938792e-01
8.691591559138716061e-01
8.680856471317381917e-01
8.700842241285103862e-01
8.704113395593434666e-01
8.725453855984831586e-01
8.730784416051248220e-01
8.709539276516022888e-01
8.744659058069280677e-01
8.760890128509872810e-01
8.781950083061075274e-01
8.872013769654647497e-01
8.911206251045427074e-01
8.875345610412583852e-01
8.886015332029223446e-01
8.899798066132351693e-01
8.883779937593333509e-01
8.871897809694230252e-01
8.891997423873053696e-01
8.894631759530029491e-01
8.904983593861272029e-01
8.887112596029489442e-01
8.913528894479367803e-01
8.903164630372563115e-01
8.911397083679553077e-01
8.934900834940359138e-01
8.941441610486096092e-01
8.953421112159228867e-01
8.993323073276164870e-01
8.999009555459257514e-01
8.971507263218078121e-01
