2.250000000000000056e-01
0.000000000000000000e+00
0.000000000000000000e+00
1.942646269510149293e-01
2.571435369147087591e-01
3.280191734064799580e-01
2.877832102350239007e-01
4.225600672868584096e-01
6.068889060988656992e-01
6.920402236892946313e-01
7.519887765409806191e-01
8.233217267406782724e-01
8.354965228748957307e-01
8.554423885075275180e-01
8.706395986947298438e-01
8.765416374925352194e-01
8.815413096085118472e-01
8.857242169897742157e-01
8.891846385555518539e-01
8.920187820327809547e-01
8.943196454765447445e-01
8.961734405764157918e-01
8.976574425918745215e-01
8.988390378232935518e-01
8.997756807550004732e-01
9.005154665642790546e-01
9.010980610576690975e-01
9.015557884483595963e-01
9.019147388654580322e-01
8.677593317531112627e-01
6.409847724722350648e-01
7.171384257943710372e-01
8.290142652895270414e-01
8.505433769969957813e-01
8.062546358632858290e-01
8.769855419779704064e-01
8.738369438539211886e-01
7.958906912259680055e-01
7.962091956968972983e-01
8.063008140152539971e-01
7.992958206285728506e-01
8.003206071624381357e-01
7.962265625366016231e-01
7.758672893980401719e-01
7.677755763666304079e-01
7.638408964854288552e-01
7.690227741127531047e-01
7.644885181468079605e-01
7.614506536565814887e-01
7.597672250307980768e-01
7.800338366454390160e-01
8.035514037909986529e-01
8.214438904268954733e-01
8.349190728980386833e-01
8.415286344933465834e-01
8.439729758060020570e-01
8.491152639648037459e-01
8.435870902723500153e-01
8.364446424850291439e-01
8.302125166670459855e-01
8.285890480978986838e-01
8.319263248546524547e-01
8.330224911915208308e-01
8.291853763196608273e-01
8.484136628001686109e-01
8.554947827716536946e-01
8.705553571084302389e-01
8.821000756190003900e-01
8.966197336378727289e-01
9.020090972557911480e-01
9.018974260926917452e-01
9.003230999620084329e-01
8.996545986415231955e-01
8.954937961790346845e-01
8.918833038225023602e-01
8.849820431933682618e-01
8.760394289461321815e-01
8.663885309129980561e-01
8.261751819490701365e-01
6.461744443541207472e-01
5.433404978245996997e-01
5.061235333527500657e-01
5.082929801047809670e-01
5.568641375505916091e-01
6.321889242046119239e-01
6.744691170537344682e-01
7.231325518620812520e-01
7.754666926823549078e-01
7.777642424578836700e-01
7.503550209915474944e-01
7.558375806786385986e-01
8.058515518365577668e-01
8.234702766417238973e-01
8.249425969990078489e-01
8.279985075495737146e-01
8.344974696213250942e-01
8.222066988649577857e-01
8.308862463373333229e-01
8.184921620406716558e-01
8.219783361543000488e-01
