2.250000000000000056e-01
0.000000000000000000e+00
0.000000000000000000e+00
0.000000000000000000e+00
0.000000000000000000e+00
0.000000000000000000e+00
1.628538259746558969e+00
1.605807012310880078e+00
1.582386481520807964e+00
1.590015039243141137e+00
1.574354303032019065e+00
1.576842174554078602e+00
1.557705060262347452e+00
1.561457859664132641e+00
1.560808319517758003e+00
1.611679953883000893e+00
1.617653812731044471e+00
1.601249644649800130e+00
1.601840824929874341e+00
1.624441491425857143e+00
1.611723249494420918e+00
1.604675783584183613e+00
1.584229393305933709e+00
1.545037607826650783e+00
1.484230329688049910e+00
1.485365321476374456e+00
1.464541955834349096e+00
1.466254600365871186e+00
1.430362943496431116e+00
1.378079516601861787e+00
1.384378684920455793e+00
1.389289770559865911e+00
1.398507666584493547e+00
1.405628937072082696e+00
1.363775829291217656e+00
1.347082926981768125e+00
1.325995669930448040e+00
1.303760662683060012e+00
1.279139239512859572e+00
1.262134574176504875e+00
1.250746929769683602e+00
1.224369069897958351e+00
1.197345316570221474e+00
1.180259026226460062e+00
1.159440366654450827e+00
1.124717541047089542e+00
1.118733762060416081e+00
1.109189257638359516e+00
1.113909171173196766e+00
1.098163403071698463e+00
1.064844758725173035e+00
1.046965051266553592e+00
1.041435184668204394e+00
1.056699892765588622e+00
1.037899437906095512e+00
1.032525125581392311e+00
1.045809001491496026e+00
1.065692785914568619e+00
1.086658981154212444e+00
1.085293637702336333e+00
1.078176933499147117e+00
1.076651040758603406e+00
1.069803895128731419e+00
1.063825055545613463e+00
1.055689627725893809e+00
1.059166870849199693e+00
1.068826871161047132e+00
1.086034535757621100e+00
1.103323433016568655e+00
1.101824188627635426e+00
1.103144255901693738e+00
1.101173729897167108e+00
1.101785641517554204e+00
1.109204935510237133e+00
1.110941766510541440e+00
1.113354985331944658e+00
1.098464571667109979e+00
1.099873808220541260e+00
1.100923177315158208e+00
1.093755638701054966e+00
1.084377461067492110e+00
1.088712891829169971e+00
1.109640018532971784e+00
1.123101921915242052e+00
1.132226280214693181e+00
1.123261652133500377e+00
1.132984083155361699e+00
1.134421035164553837e+00
1.135593600670608438e+00
1.141080141745054455e+00
1.154964303888164068e+00
1.153225754973584483e+00
1.140564252640673404e+00
1.133815040062013724e+00
1.121534706179153407e+00
1.111549036574970506e+00
1.109528403086988080e+00
1.114082543531481839e+00
1.133727061425429339e+00
1.139533468275837791e+00
