2.250000000000000056e-01
0.000000000000000000e+00
0.000000000000000000e+00
0.000000000000000000e+00
8.687874607981237451e-01
9.141115672142602344e-01
8.190758322741420461e-01
6.681841658256688632e-01
7.032053528374785367e-01
7.626103726219854995e-01
8.048404237367131620e-01
8.464124325379596137e-01
8.845091880615516544e-01
8.412431507921487306e-01
8.427899172413675366e-01
8.545714008128659778e-01
8.647293313080137711e-01
8.921019722652376860e-01
8.709360593864079458e-01
9.037668243762532194e-01
9.021016754275266170e-01
9.122494213727971868e-01
9.278277484109175299e-01
9.250392535156645168e-01
9.381923189843300870e-01
9.241621583199163270e-01
9.293660296315303659e-01
9.290660181518336502e-01
9.278978112197064920e-01
9.160729930912011598e-01
9.192294999056327409e-01
8.984359177957530473e-01
8.931076898641171491e-01
8.892464524587333496e-01
9.088607172528753164e-01
9.153197845398277632e-01
9.262350134860859452e-01
9.341580039234099742e-01
9.369198771727221819e-01
9.345967434242160587e-01
9.285743502067320687e-01
9.125996125094315570e-01
8.986195109213670484e-01
8.916400202107087614e-01
8.947971441858305619e-01
8.921026790128229189e-01
8.996694061451266933e-01
9.104445730002482806e-01
9.100373160938333150e-01
9.043551318524094551e-01
9.067214984784366383e-01
9.014352138947214765e-01
9.032575699441879324e-01
9.121732670816516952e-01
9.277855733758387791e-01
9.287073759923456517e-01
9.223840991093802399e-01
9.063359956411844998e-01
8.927074433593372715e-01
8.911411455541581317e-01
8.939940571576088235e-01
8.988976517349775985e-01
8.981911409293493742e-01
9.054269741567949614e-01
9.012795065329437527e-01
9.027484077837123477e-01
8.918654593422515875e-01
8.953375862806747243e-01
8.964533678993428234e-01
9.030462607591343005e-01
9.129122501303700288e-01
9.120061659273407395e-01
9.162188195725398110e-01
9.095171829265088492e-01
9.051538321694959643e-01
9.040977898620021769e-01
8.994856800387548423e-01
8.925809802981667929e-01
8.841605770469259662e-01
8.889857243644904150e-01
8.900659550315405122e-01
8.987532160964567529e-01
9.076863191128524688e-01
8.988749321466642517e-01
8.881435755638943386e-01
8.940372973086423425e-01
8.844195437135033977e-01
8.899828674436586207e-01
8.893046210476071023e-01
8.873378887878865529e-01
8.812411318589262743e-01
8.767358006527666836e-01
8.685050321900924519e-01
8.677816440414882759e-01
8.664779515186148418e-01
8.695192437088888893e-01
8.724658736223073197e-01
8.728052659248385359e-01
8.756098864559792583e-01
8.828533568220243710e-01
