2.250000000000000056e-01
1.879328840353688135e-01
2.552739794753265401e-01
3.185540428236775523e-01
3.425523073903242177e-01
4.049064995652364995e-01
4.686386175402409981e-01
1.019486693212022788e+00
1.070037961711638008e+00
1.073601652775891591e+00
1.063739498815428064e+00
1.027992922131278908e+00
1.003244149161450105e+00
9.558446532661708517e-01
9.000498354476834661e-01
9.624866337965335417e-01
9.421350729498644272e-01
9.481400068152548988e-01
9.232937833819547802e-01
9.188288480228031796e-01
9.314508105680715522e-01
9.539500262456735991e-01
1.010930622356926767e+00
1.011298352218694463e+00
9.888357843635909861e-01
9.727813149378746749e-01
9.710093573565218295e-01
9.695524124208062533e-01
9.779708510398812393e-01
9.767518176644963690e-01
9.766208698421987577e-01
9.904453524868265246e-01
9.929218621442778003e-01
9.954456439518191146e-01
9.939227591369773629e-01
1.022522086557164256e+00
1.027764368894071856e+00
1.023493398520343822e+00
1.060963156594782797e+00
1.053534808627351715e+00
9.052681086939741162e-01
7.769298459914255606e-01
7.413679126301448985e-01
8.060721168370176271e-01
8.354468963216609145e-01
8.895243298097129658e-01
9.515947660025309007e-01
1.001375756859113730e+00
1.014457946451735149e+00
1.020904090779938267e+00
1.025844374966556227e+00
9.913013235297530867e-01
9.984523815773688193e-01
1.006147469263852345e+00
1.024458781133151364e+00
1.038043794065938608e+00
9.897847216118360603e-01
9.780702933689312539e-01
9.715464995808388293e-01
9.687265757961771584e-01
9.723194247087516562e-01
9.897217074969087980e-01
1.009735361045564384e+00
1.011447631645970180e+00
1.005758455743263724e+00
1.001473277984168631e+00
1.007976178601113881e+00
9.982881063968387370e-01
9.948220642529831403e-01
9.877307595973228160e-01
9.756036042499202088e-01
9.657144727223958558e-01
9.544103690812536511e-01
9.409539889950289115e-01
9.301898693308762178e-01
9.192835832567292087e-01
9.153209027260263975e-01
9.149156050718761923e-01
9.157915530789334513e-01
9.269810128684882189e-01
9.662702084487649890e-01
9.940631588401279695e-01
9.850304814562668154e-01
9.617081996321313886e-01
9.382661839155939099e-01
9.180537130753824160e-01
9.303401084920158715e-01
9.235409254444570948e-01
9.039372990138002661e-01
9.276674496448745755e-01
9.244377854684755480e-01
9.644909847713369899e-01
9.754061187159732693e-01
9.659236871710533689e-01
9.684358673311180832e-01
9.900260114437218206e-01
1.026767113739383452e+00
1.022608933118100527e+00
1.003080815679378457e+00
9.862527180444964348e-01
