2.250000000000000056e-01
0.000000000000000000e+00
0.000000000000000000e+00
0.000000000000000000e+00
0.000000000000000000e+00
0.000000000000000000e+00
0.000000000000000000e+00
0.000000000000000000e+00
0.000000000000000000e+00
0.000000000000000000e+00
7.304134006235210586e-02
7.304257288724455566e-02
1.100783270787344115e-01
1.108314640227648362e-01
1.492738010694056594e-01
1.583884331037207771e-01
1.283691107119359631e-01
1.463804907874419747e-01
1.857732820071995861e-01
3.185420174835555396e-01
3.982124712190125426e-01
4.208963307607586080e-01
4.303736925993901785e-01
4.949447295152432091e-01
5.736427825379615264e-01
5.882434997671925903e-01
5.810380648199334752e-01
5.775512925803643061e-01
5.970045461025128564e-01
6.054736327415104480e-01
6.508070527565557040e-01
6.640040130934689033e-01
6.627243164774017092e-01
6.655083725319879129e-01
6.527451740958404303e-01
6.312738677026329404e-01
6.532669262673787003e-01
6.549181025054504612e-01
6.666648899187623822e-01
6.726637659701235616e-01
6.888781330155008265e-01
7.203988671641542441e-01
7.532670623004379395e-01
7.792510893810767891e-01
7.844318599553011806e-01
7.872971272447827351e-01
7.788990926027480333e-01
7.791489246636772448e-01
7.715215189371488202e-01
7.574097184711348074e-01
7.354817456047400004e-01
7.335428255575122680e-01
7.238626441832586300e-01
7.134188928110972716e-01
7.071096457392948009e-01
7.069537316619214362e-01
7.025545303534372898e-01
7.192426575079657880e-01
7.298076651802603010e-01
7.331214434877518782e-01
7.394167795436631385e-01
7.444590992079631597e-01
7.400509241009189942e-01
7.263471436923443214e-01
7.320374366597096616e-01
7.176100185217295646e-01
7.091316420055467917e-01
7.002298451124479017e-01
7.019862110931842647e-01
6.942149716441257112e-01
6.844534157673098917e-01
6.926832865897265545e-01
6.988641150718795103e-01
7.100555743998836489e-01
7.051697707599391407e-01
7.109791307482229428e-01
7.153351467740494130e-01
7.265020149490087897e-01
7.316000762800932700e-01
7.271349847278443246e-01
7.330969749842159988e-01
7.363649773853281344e-01
7.429845441336321299e-01
7.454549990539238724e-01
7.439910868102130870e-01
7.467993625827409332e-01
7.447258181416900324e-01
7.425841474415182386e-01
7.421497447784762835e-01
7.372689238529857025e-01
7.441687299210089090e-01
7.444009055757678794e-01
7.449564065040473748e-01
7.456873327581745592e-01
7.356299323350764530e-01
7.270538806625514994e-01
7.221273391279398046e-01
7.161004411077034337e-01
7.112622202393047433e-01
7.145328729856422756e-01
