2.250000000000000056e-01
0.000000000000000000e+00
5.116661089965173631e-02
9.509616782453857164e-02
1.039599587467950337e-01
1.269692594136407338e-01
1.288122593527968596e-01
1.495172003137608951e-01
1.590667602813268799e-01
1.611630845763770969e-01
1.801709790143169176e-01
1.920320317626864892e-01
1.901450514467268316e-01
2.072599997069301814e-01
2.179161879436192495e-01
2.257716338321621163e-01
2.429289688739532105e-01
2.523179316831115626e-01
2.655762742155004519e-01
2.791568860996925250e-01
2.953590339969549561e-01
3.108732947377795819e-01
3.196551639605861306e-01
3.144329877839178722e-01
3.108018885405643417e-01
3.243383163011456238e-01
3.177474764992189171e-01
3.148149995479889718e-01
3.227225577260372513e-01
3.185909426006000023e-01
3.280518533653002944e-01
3.430998015755087338e-01
3.486231192569353432e-01
3.531734528689228769e-01
3.566682942343522567e-01
3.622388712920153186e-01
3.617191362438179625e-01
3.749528878433250334e-01
3.897221321730371946e-01
4.042276498373414406e-01
4.106834370220877051e-01
4.213481932227811644e-01
4.201876133683862258e-01
4.287021967047437432e-01
4.465941548767585756e-01
4.513779820243781771e-01
4.641585723411136843e-01
5.071226647582968150e-01
5.405755585344688141e-01
5.610081126397808982e-01
6.200226192863594887e-01
6.828322736906500268e-01
7.188482786672264480e-01
7.342189459747032743e-01
7.570568525201513133e-01
7.900506385645937879e-01
8.001488193435356555e-01
8.131587912940998475e-01
8.096479939072458443e-01
8.193168348775756726e-01
8.281253353206403656e-01
8.365743229592994545e-01
8.391366785539029483e-01
8.310390185860528911e-01
8.237467158735902739e-01
8.206947820785944758e-01
8.274148345666858528e-01
8.350287509120204454e-01
8.378331719179137327e-01
8.354891490327682746e-01
8.303373371255932112e-01
8.207461638638527957e-01
8.172043632512988598e-01
8.315645752720960404e-01
8.332798059797862367e-01
8.571259137582588616e-01
8.609596424541393622e-01
8.728814744460857700e-01
8.725042072517620317e-01
8.786710603913377993e-01
8.795374476689481469e-01
8.780531382133032192e-01
8.765055717334057084e-01
8.759722072971779516e-01
8.630528226076213949e-01
8.572824215189348562e-01
8.521640512966914827e-01
8.532567213568369446e-01
8.539551906641276169e-01
8.542642896174428291e-01
8.493063460738857762e-01
8.448137084297119292e-01
8.408519489560316584e-01
8.354962477777185814e-01
8.296630138932732379e-01
8.191496152076355175e-01
8.153252857009114507e-01
8.031725320658273937e-01
7.966120932380156283e-01
7.981119517661308116e-01
