2.250000000000000056e-01
0.000000000000000000e+00
0.000000000000000000e+00
0.000000000000000000e+00
0.000000000000000000e+00
0.000000000000000000e+00
0.000000000000000000e+00
1.466222219804524718e+00
1.617424463084623065e+00
1.543963515658152374e+00
1.544029776347499938e+00
1.539442272341303708e+00
1.531277617541518810e+00
1.521983837150006291e+00
1.605747819185321168e+00
1.590042456261766768e+00
1.590118193085183096e+00
1.575915933306221817e+00
1.542445346698759101e+00
1.545148519703612777e+00
1.498848019108539154e+00
1.489786550479178295e+00
1.437141419169880585e+00
1.371840720655485235e+00
1.309401956612098017e+00
1.268041557004430997e+00
1.170478603140750362e+00
1.169300080453587576e+00
1.121874036728619517e+00
1.068648848108008531e+00
1.080510406826106218e+00
1.060897854003125973e+00
1.027321194819416750e+00
1.028894887340434217e+00
1.058859926937955720e+00
1.090259636862945136e+00
1.076519589096637919e+00
1.064899298104917458e+00
1.081792739870970355e+00
1.116062256770319339e+00
1.125765793833129580e+00
1.137639126367055775e+00
1.108144669605667376e+00
1.090792803097205388e+00
1.086340325296973219e+00
1.080476555311603581e+00
1.117754229832313539e+00
1.156701089361074963e+00
1.175795992886646602e+00
1.179088602222587934e+00
1.168399345697477942e+00
1.194775126450849045e+00
1.204971982751497972e+00
1.198525020888614456e+00
1.191741136001083889e+00
1.182962354427285590e+00
1.175702871393130788e+00
1.206758567819493644e+00
1.207534582979224558e+00
1.219108389610729537e+00
1.216363799125814271e+00
1.196674973232628725e+00
1.189281791202760674e+00
1.164622590194803964e+00
1.161644375295475706e+00
1.122936086160160718e+00
1.099922965675448783e+00
1.081138101136112084e+00
1.062456949743461720e+00
1.067549186511916659e+00
1.070521785605660581e+00
1.057184796537536497e+00
1.048873733779007056e+00
1.055003110737746885e+00
1.052572962750090602e+00
1.046896871170283960e+00
1.054227365290759444e+00
1.040554562829601792e+00
1.046078037134045458e+00
1.060924666714528675e+00
1.075629288972197672e+00
1.076258322175009496e+00
1.077584854233994971e+00
1.078946083718340665e+00
1.083702143856700495e+00
1.107947051544377226e+00
1.113410172685899813e+00
1.122832936880371335e+00
1.121867582196240054e+00
1.123844900897739807e+00
1.156160682703134102e+00
1.149656519296583745e+00
1.161773805368836010e+00
1.170781305259250615e+00
1.168203119630354614e+00
1.153506112793823313e+00
1.145887617866498509e+00
1.138190330405909778e+00
1.139422674804477120e+00
1.128413408446660604e+00
