2.250000000000000056e-01
0.000000000000000000e+00
0.000000000000000000e+00
0.000000000000000000e+00
0.000000000000000000e+00
0.000000000000000000e+00
0.000000000000000000e+00
0.000000000000000000e+00
0.000000000000000000e+00
7.488347471962011892e-02
7.488393267204865311e-02
7.488455589957375425e-02
7.488546252868867603e-02
1.025663524384395620e-01
1.166355006166716474e-01
1.180941498508812637e-01
1.271085927961712603e-01
2.442481795114508081e-01
4.808660227893007955e-01
6.425854842495337671e-01
6.985569390421261238e-01
7.674992180198680902e-01
7.917657645945269662e-01
8.077431310589764379e-01
7.421362093267922511e-01
7.305650245370753915e-01
6.684725681334263703e-01
6.818776005700858400e-01
6.246179699294912568e-01
6.566151203237534650e-01
7.615007945245508836e-01
7.806400949173687431e-01
7.692822765438983579e-01
8.081149558849662906e-01
8.774267312941177455e-01
9.263025874548653782e-01
8.175553057367105358e-01
8.040991045264666015e-01
8.616357495321501636e-01
8.600151852530812935e-01
1.166608759486355451e+00
1.148076090276442862e+00
1.138335456040262095e+00
1.116824985341864807e+00
1.107020037234576870e+00
1.096917201145278353e+00
1.080835211426766529e+00
1.090883538609459746e+00
1.035898489287601087e+00
1.027851682552359369e+00
1.020721852196520230e+00
9.993338266108754420e-01
9.943038358662267262e-01
9.800822826357040718e-01
9.903136249687786163e-01
9.957023519895512598e-01
9.903031059667428693e-01
9.643234386286374527e-01
1.035858202615950407e+00
1.117084294303256620e+00
1.129389242760688861e+00
1.121364463798187439e+00
1.131423730023900509e+00
1.116911794489984455e+00
1.088200004165923218e+00
1.041592888532749672e+00
9.981524316317031964e-01
9.409412939214004679e-01
9.200232275577130414e-01
9.106842351351935871e-01
8.976415460024494974e-01
8.899592630312401775e-01
8.841265563443538866e-01
9.027699224003582490e-01
9.052918516956662831e-01
9.083143167536574802e-01
9.185337756796546627e-01
9.021598893898407079e-01
8.611365282773864038e-01
8.613706854229397081e-01
8.844975859656638573e-01
9.274715201933541042e-01
9.378323959617688166e-01
9.514875343938934416e-01
9.809903366237836542e-01
9.928785027022738463e-01
9.922421726850567669e-01
9.908396314500488300e-01
9.964568657089952763e-01
1.009462936526283050e+00
1.002468741736526558e+00
1.011618655949701129e+00
9.986770946595142640e-01
9.772417156699905183e-01
9.579295983226168154e-01
9.625004752829983135e-01
9.562112055380588282e-01
9.506020456642401140e-01
9.397797232775313425e-01
9.575648401181455771e-01
