2.250000000000000056e-01
0.000000000000000000e+00
0.000000000000000000e+00
0.000000000000000000e+00
1.244069925714605507e+00
1.115330442856000692e+00
1.124947640579247121e+00
1.107244129040418024e+00
1.073470041381242801e+00
1.065457148706537627e+00
1.058413541896075394e+00
1.041658839664198144e+00
8.933635754570476983e-01
8.589559005944582548e-01
8.451033522002247000e-01
8.728406795337518842e-01
9.333058711773556393e-01
9.661884693991223960e-01
9.801192815894494981e-01
1.001765323967100496e+00
1.009612573685171322e+00
1.008002155512665921e+00
9.816935200082129720e-01
9.594034572744988276e-01
9.643204680412080787e-01
9.654223610404755185e-01
9.776212786484818063e-01
1.003200261230788870e+00
1.002776308070881139e+00
9.950319631571308276e-01
9.767024547771401277e-01
9.649224601214591024e-01
9.728832951385337768e-01
9.922098003554581380e-01
9.968606189213061741e-01
1.002289427578952896e+00
1.041805065071903291e+00
1.052826840961567534e+00
1.062497808060682392e+00
1.066255566096524499e+00
1.072234750019967819e+00
1.076926056741071003e+00
1.079103381053311494e+00
1.084837945693458039e+00
1.109317840322988191e+00
1.110832360322455248e+00
1.111723081546529546e+00
1.114081171403488613e+00
1.116018212523974151e+00
1.117581410507916484e+00
1.118824782407017437e+00
1.119802893134951738e+00
1.120566317821462210e+00
1.121159138553918355e+00
1.121618121228544984e+00
1.121972991688535926e+00
1.122247267890111422e+00
1.122459357498055921e+00
1.122623383589773649e+00
1.122750527322520897e+00
1.122850165573865411e+00
1.122927364822115859e+00
1.122989727530850690e+00
1.123038058910670767e+00
1.123115571851060368e+00
1.123186717815379598e+00
1.123253341975738007e+00
1.123347690403802224e+00
1.123392628722650777e+00
1.123450247299814020e+00
1.123526817290156687e+00
1.123518738646469783e+00
1.123547379881350228e+00
1.123630565429752037e+00
1.124088568193175819e+00
1.124591421188037677e+00
1.125148010107156704e+00
3.352397735903073772e-01
2.628888506061486385e-01
2.884297688166145845e-01
3.287977416709042533e-01
3.920612464769701599e-01
4.696269682541310830e-01
5.978147664432320596e-01
7.116424046575393625e-01
7.824548771136209391e-01
9.129260107568883953e-01
1.027353333739551511e+00
1.049565640760115270e+00
1.090439588693685957e+00
1.101616714943850717e+00
1.106686832964780098e+00
1.112912083057758128e+00
1.113664599477464989e+00
1.109028990396601078e+00
1.101430754900311726e+00
1.095296594356990783e+00
1.088923792450598338e+00
1.083721863190931334e+00
1.055583342841693639e+00
