2.250000000000000056e-01
0.000000000000000000e+00
0.000000000000000000e+00
0.000000000000000000e+00
0.000000000000000000e+00
0.000000000000000000e+00
0.000000000000000000e+00
0.000000000000000000e+00
0.000000000000000000e+00
0.000000000000000000e+00
2.929023205540446928e-01
3.353362992717824342e-01
3.898020869594398530e-01
4.132805892187048635e-01
4.623464985648423342e-01
6.868332593357880933e-01
7.795428882948896021e-01
8.352085830464290872e-01
9.117302510851165165e-01
1.073840907853481408e+00
1.162205845585599695e+00
1.146588904095292571e+00
1.145172391217341934e+00
1.139986418799448620e+00
1.120244446087381718e+00
1.128224706003230882e+00
1.106845881431874901e+00
1.192580881496931200e+00
1.205455743002453950e+00
1.185691997797529540e+00
1.163246741283101127e+00
1.147361700055211653e+00
1.142743672429793911e+00
1.167398813987250872e+00
1.171809814777407865e+00
1.163262965636736368e+00
1.146710917498119597e+00
1.125273662304182354e+00
1.103613995736716369e+00
1.082520865675333344e+00
1.104562600566076025e+00
1.153521092394947489e+00
1.232944456361685370e+00
1.207618709832896542e+00
1.173373534791923856e+00
1.096966031061581637e+00
1.111612712656922408e+00
1.124040703100104510e+00
1.118888235033327350e+00
1.158928902475346412e+00
1.209906869740603019e+00
1.186874962751193419e+00
1.169894860284426130e+00
1.125552872635429136e+00
1.090866455836863702e+00
1.056391174021660051e+00
1.091835971315721965e+00
1.129584109894591348e+00
1.102452714169591896e+00
1.109004307269711997e+00
1.105429157545221308e+00
1.113170189164718327e+00
1.101822503312744450e+00
1.122385453974074077e+00
1.125588264472704880e+00
1.113889996175230213e+00
1.106874853782859214e+00
1.105725047064892275e+00
1.088317956042255341e+00
1.077482130411155481e+00
1.098034148482870176e+00
1.127697709289645189e+00
1.137140897138177120e+00
1.136020119299656184e+00
1.127567136453992314e+00
1.125006260169015837e+00
1.124758820011412697e+00
1.115102507242602625e+00
1.113898104592460969e+00
1.106934882029152911e+00
1.124214664746138403e+00
1.129624590915838445e+00
1.133301996217908725e+00
1.125916903253121326e+00
1.126148539900051260e+00
1.138491825150531822e+00
1.135048571797212524e+00
1.133766894244185641e+00
1.113839146261467183e+00
1.115236169827200641e+00
1.121135843015770295e+00
1.119346260522044778e+00
1.121340343021247410e+00
1.134345686181321478e+00
1.122345678102651290e+00
1.135576996794362081e+00
1.141407937755920310e+00
1.128967282797688876e+00
1.144988988020371190e+00
1.153495240591259741e+00
