2.250000000000000056e-01
0.000000000000000000e+00
0.000000000000000000e+00
0.000000000000000000e+00
0.000000000000000000e+00
0.000000000000000000e+00
0.000000000000000000e+00
0.000000000000000000e+00
0.000000000000000000e+00
0.000000000000000000e+00
0.000000000000000000e+00
0.000000000000000000e+00
0.000000000000000000e+00
0.000000000000000000e+00
0.000000000000000000e+00
0.000000000000000000e+00
0.000000000000000000e+00
0.000000000000000000e+00
0.000000000000000000e+00
0.000000000000000000e+00
0.000000000000000000e+00
0.000000000000000000e+00
0.000000000000000000e+00
0.000000000000000000e+00
0.000000000000000000e+00
0.000000000000000000e+00
0.000000000000000000e+00
8.486243458435284159e-01
8.616592026907292645e-01
8.566090259107574933e-01
8.662174691084888467e-01
8.717889035291950250e-01
9.271697005724276464e-01
9.357503204066437430e-01
9.474746172558586865e-01
9.477137187455646483e-01
9.464027001753163582e-01
9.474202293766210703e-01
9.450940725968636213e-01
9.455826814805249336e-01
9.465446532749955955e-01
9.528823583084374826e-01
9.504764407647636748e-01
9.534021658261213616e-01
9.856483738047215892e-01
1.006469294837408324e+00
9.815453268645385476e-01
9.887901009021032861e-01
9.754127835983980033e-01
9.540037236741517601e-01
9.334876934576136209e-01
9.128357750951359151e-01
8.843137780177257046e-01
8.411496887787071053e-01
7.923152244761398899e-01
7.268171974435528870e-01
7.093337672812839445e-01
6.944740727880605036e-01
6.902469882182541427e-01
6.865607270903277826e-01
6.807086571653242490e-01
6.842818131666951187e-01
6.918236619620696803e-01
6.929893608441998198e-01
6.964518328136408698e-01
7.705232158087899075e-01
8.004226015467560407e-01
7.477726172310679154e-01
7.563977280481619658e-01
7.629188009679083171e-01
7.747234795439297272e-01
8.079682518148366688e-01
8.176261318429749458e-01
8.344253238629096847e-01
8.242656220441941795e-01
8.501393043587970322e-01
7.994166396218855830e-01
8.070958414699731520e-01
8.533025213311110635e-01
8.853206613050095264e-01
8.901847420819375412e-01
8.894233153354839105e-01
9.021348933095502121e-01
8.830109099627363456e-01
8.771822015040807718e-01
8.685896633071152895e-01
8.594904929115469994e-01
8.505201045004379123e-01
8.364367993921683064e-01
8.318341121794052828e-01
8.197224323901821652e-01
7.856291212645185595e-01
7.786594872149719126e-01
8.418180907898760168e-01
8.459042293150155212e-01
8.438940128836097676e-01
8.514922593804331585e-01
8.487684985550913996e-01
8.483964907059496907e-01
8.469999291775902606e-01
