2.250000000000000056e-01
0.000000000000000000e+00
0.000000000000000000e+00
1.662642298094537452e+00
1.649975105848483725e+00
1.644724853850242141e+00
1.641164117044489945e+00
1.621082422196090000e+00
1.619549451631441261e+00
1.618124204027710178e+00
1.600841816253389727e+00
1.586322489162050653e+00
1.583188195727328829e+00
1.534955599405868343e+00
1.446783065757077935e+00
1.421676715938232860e+00
1.408147327330241616e+00
1.395014984069228525e+00
1.410818758710986831e+00
1.395333066891692342e+00
1.352118078669381607e+00
1.329022254033678907e+00
1.315624822550051753e+00
1.272256896548463079e+00
1.265943339565915648e+00
1.223640859613062348e+00
1.209838622277789710e+00
1.234846322309519406e+00
1.256949031497357705e+00
1.224498740958237741e+00
1.213192360781109702e+00
1.144351110223451373e+00
1.059320131981436486e+00
1.002309642827361680e+00
9.867160536351650135e-01
9.989458140577344158e-01
1.009961601774811202e+00
9.882845282726319125e-01
9.581799331493718874e-01
9.444044763763740358e-01
9.134733701157510266e-01
8.925202491224055734e-01
8.873390874895316083e-01
8.803510039139404997e-01
8.716686989143185293e-01
8.885817577991350635e-01
8.886289942622295213e-01
8.973851346832383280e-01
8.814674123099941472e-01
8.880502794600014793e-01
8.746003205185075569e-01
8.715832782375910748e-01
8.755364081970202772e-01
8.899044242687049744e-01
9.096182639910824763e-01
9.268488451219782931e-01
9.359603415396930970e-01
9.579913407838454020e-01
9.475497794581034805e-01
9.546589495879606035e-01
9.572670283616978582e-01
9.705295982402730726e-01
9.857506996883247385e-01
1.014953575595193058e+00
1.029572644219598487e+00
1.025223021621604280e+00
1.024868112008010312e+00
1.025283218351304093e+00
1.032242392858468305e+00
1.021759208595348856e+00
1.008894194027336599e+00
1.012416549610018590e+00
1.010113103513137656e+00
1.008464659800115903e+00
1.009803837441652696e+00
1.012540260005271753e+00
1.026899231723007011e+00
1.022963011597501470e+00
1.018513139534905632e+00
1.038853061998234129e+00
1.054303281629650701e+00
1.059002172068084224e+00
1.084435633219304806e+00
1.106672310759216460e+00
1.109127169371138200e+00
1.110204879883340157e+00
1.125860857270262860e+00
1.138976642074111423e+00
1.150444197474165708e+00
1.157262027807226534e+00
1.174648590914467716e+00
1.194025093041673147e+00
1.192016666109129153e+00
1.181612467733130112e+00
1.175828032310792359e+00
1.167400330030319511e+00
1.146554393030354113e+00
1.127618427528995326e+00
1.121727700438435837e+00
1.127374434323765495e+00
