2.250000000000000056e-01
0.000000000000000000e+00
0.000000000000000000e+00
0.000000000000000000e+00
0.000000000000000000e+00
0.000000000000000000e+00
7.405424390709656191e-01
7.405424390709656191e-01
9.895788353367527268e-01
9.796943032412492869e-01
9.269382725073835871e-01
9.364743974938998239e-01
9.423638546605946908e-01
9.511807666740363931e-01
9.530875433844859801e-01
9.188526712116799056e-01
8.738445431190916546e-01
8.752474162063021978e-01
9.610629123501347459e-01
9.846762245524364188e-01
9.625464128912839534e-01
9.349083083623174195e-01
9.117668326898029640e-01
9.098150448889971154e-01
9.278657095871184479e-01
9.901850492543989857e-01
9.834752165695426207e-01
9.806788171207645455e-01
9.657995667511554139e-01
9.626754343757140120e-01
9.880689089849066242e-01
9.863141106851716078e-01
9.855659641237490831e-01
9.896293326623389897e-01
9.994581052401617649e-01
1.006895509366077412e+00
1.013574706744960974e+00
1.027910465633045556e+00
1.043899002325028080e+00
1.051185370764201821e+00
1.053209919008365913e+00
1.048243688065181312e+00
1.042280235551939382e+00
1.036550419067480799e+00
1.031585712270380650e+00
1.025605513069790531e+00
1.020014009235387098e+00
1.006298585715397653e+00
9.976094702191847796e-01
9.990719372804282017e-01
9.966309418613168436e-01
9.954143247779031478e-01
9.922731730795473215e-01
9.890862988716738746e-01
9.860753391443016769e-01
9.745145394712857456e-01
9.663873953341282075e-01
9.582920145693962777e-01
9.531189189465906209e-01
9.404154837231738506e-01
9.459906806531707124e-01
9.477328419663344494e-01
9.538159025879244801e-01
9.510956602427331763e-01
9.524554290506381804e-01
9.507993638149665472e-01
9.438533955934639286e-01
9.318209687141597586e-01
9.228193463537958108e-01
9.240573448423589076e-01
9.150905372301277874e-01
9.175480728699253463e-01
9.245747868175593354e-01
9.081355840551211811e-01
9.017417207019610137e-01
8.869810728029242641e-01
8.823420741001855028e-01
8.730164844907835064e-01
8.684044631369641776e-01
8.641708635004173855e-01
8.530693495275583071e-01
8.435440877335411702e-01
8.428682518985139982e-01
8.335230601903587111e-01
8.301820004522705299e-01
8.221223744490321339e-01
8.139231843964997992e-01
8.033756097248684336e-01
7.978172683794078068e-01
7.972377146938782744e-01
8.081121361716476770e-01
8.173927644169931561e-01
8.327316725043514278e-01
8.378119793758218581e-01
8.380768213620631846e-01
8.429616117003131404e-01
8.646719352994637342e-01
8.720654466427372187e-01
8.773702715270920161e-01
8.805805462741665979e-01
