2.250000000000000056e-01
0.000000000000000000e+00
0.000000000000000000e+00
0.000000000000000000e+00
2.653949595366601466e-01
2.652877295568175087e-01
3.202463847491944238e-01
3.213290326321309176e-01
3.223074395555889371e-01
3.814538161883777589e-01
3.429757695370175274e-01
3.271093992352150925e-01
3.882399441746103852e-01
3.811323727395359851e-01
3.818498912658969124e-01
4.468779214382304632e-01
4.452981554600256575e-01
4.773581549212162489e-01
5.119507512510369507e-01
5.185361743810216195e-01
5.558078129005343815e-01
5.906624893324847747e-01
5.979838499422641673e-01
6.306195067808816335e-01
6.322733338435331252e-01
6.624105314480650541e-01
6.985901686866781146e-01
7.308795047553883206e-01
7.245668950751981141e-01
6.583040680689561386e-01
6.731440078979946673e-01
6.932596003791009487e-01
7.208668369328046222e-01
7.196725513295227916e-01
9.252276785471443832e-01
9.025568908105343624e-01
9.426600406724275905e-01
1.110316603864194063e+00
1.147650645863175445e+00
1.171863936920802818e+00
1.179195152582388495e+00
1.208157953013667463e+00
1.199531983166997051e+00
1.210888056297898308e+00
1.183233125143644759e+00
1.228271638320064696e+00
1.226398006888122172e+00
1.189932941438616609e+00
1.179605944628403291e+00
1.143759225797630563e+00
1.104490451195000666e+00
1.092554867667791862e+00
1.068172727996616445e+00
1.042429968442132759e+00
1.036913539330901246e+00
1.017279539429214896e+00
1.011241525005601938e+00
1.035982770223139227e+00
1.037411332530997932e+00
1.041802005513330132e+00
1.033335688503096872e+00
1.033870235472215127e+00
1.043322366197124262e+00
1.051135195670459321e+00
1.061889940532611432e+00
1.072502636217570249e+00
1.077109222994771631e+00
1.067705628942559715e+00
1.091766438746736734e+00
1.173877870384783195e+00
1.193057086584524251e+00
1.187441793886775621e+00
1.167770633151498538e+00
1.166136773207562483e+00
1.221308332432333499e+00
1.220768763220016373e+00
1.216893415445207349e+00
1.303299769199771641e+00
1.314772901055029530e+00
1.321530309329299602e+00
1.318899597461232309e+00
1.309858413549346290e+00
1.287693000191838966e+00
1.259860035123377076e+00
1.241524306671722977e+00
1.233022755563986550e+00
1.217956126341156020e+00
1.201037823189132103e+00
1.186844474837907670e+00
1.173892267787254307e+00
1.156532032506492502e+00
1.155691392904555359e+00
1.144026046239643213e+00
1.130574264148087371e+00
1.120698003692643052e+00
1.111807525297780597e+00
1.105780596332202714e+00
1.124401964865448855e+00
1.136269071389973684e+00
1.130745949969540254e+00
