2.250000000000000056e-01
0.000000000000000000e+00
0.000000000000000000e+00
0.000000000000000000e+00
1.589716002954236762e+00
1.536390500014816585e+00
1.494611221100311305e+00
1.454311405953176983e+00
1.360589561224535782e+00
1.314428821051287111e+00
1.385022797456427313e+00
1.335930227514950941e+00
1.293629630168090072e+00
1.232542935466503398e+00
1.219047091195053056e+00
1.212995554134103982e+00
1.238812659501205005e+00
1.244362119939528721e+00
1.244167546585230877e+00
1.234915792535672185e+00
1.215606352513549204e+00
1.191743832079164234e+00
1.168659488615660047e+00
1.133137306288434676e+00
1.120274969005608190e+00
1.124725078885843388e+00
1.131336859829507491e+00
1.121429764333934376e+00
1.112440731134968441e+00
1.105545745830584625e+00
1.080724650849626212e+00
1.090798620220335469e+00
1.092205397313724236e+00
1.108858048102044469e+00
1.100239071741821562e+00
1.085775094100983829e+00
1.058231965794764751e+00
1.071362646175901379e+00
1.083227411217491776e+00
1.087020991806671111e+00
1.090428598608128574e+00
1.097072549070681857e+00
1.101906175607205718e+00
1.099676660727289645e+00
1.111849887507453616e+00
1.115337077680621958e+00
1.115638019262644498e+00
1.117361339603224479e+00
1.132418374382904380e+00
1.164617102747032451e+00
1.172182716063655761e+00
1.159590496678729821e+00
1.146230753377920353e+00
1.140356045733507573e+00
1.135701999046497823e+00
1.127800004726780436e+00
1.128717321570829712e+00
1.127060993758934204e+00
1.114727466347521290e+00
1.109621722251037390e+00
1.102927289602011030e+00
1.095433848367182827e+00
1.098538127533688069e+00
1.096683869191213301e+00
1.097778144170455272e+00
1.099125391217655512e+00
1.106660310418893900e+00
1.105049138969226519e+00
1.120157321903396674e+00
1.136058673886212400e+00
1.147385211420730355e+00
1.163941443471989468e+00
1.166390597270738017e+00
1.163332460575185134e+00
1.161494951697967570e+00
1.154399952239312022e+00
1.158697552077217141e+00
1.160590410878145295e+00
1.161416369285522165e+00
1.154299813962571752e+00
1.158389116759222848e+00
1.148916650752781266e+00
1.141807605097776568e+00
1.136313491290728672e+00
1.126427535132140667e+00
1.132231784861949198e+00
1.131795871714124990e+00
1.125517891939681547e+00
1.125970865617533789e+00
1.130862433130826794e+00
1.129051333104859278e+00
1.133768521987403854e+00
1.140218096831166150e+00
1.163595330960397689e+00
1.173715837669502271e+00
1.170365535105323707e+00
1.168271078354991666e+00
1.154966759488591066e+00
1.148625497642459026e+00
1.145529621216457850e+00
