2.250000000000000056e-01
0.000000000000000000e+00
0.000000000000000000e+00
1.109595369675253906e-01
1.110269447977710877e-01
1.110906868202945347e-01
1.111492621233359512e-01
1.506640469893221757e-01
2.172623528441174345e-01
2.730344254667094184e-01
2.357417944021042988e-01
3.798495718447261749e-01
4.689292555345871416e-01
5.230881404776074328e-01
4.852773791023674010e-01
4.726448048435867855e-01
8.753765103362320943e-01
8.916771644669255759e-01
8.992811410677710171e-01
8.991234638695279058e-01
9.184696099079290299e-01
9.333018040337968113e-01
9.690760998623391131e-01
9.895185197735206772e-01
1.028639114568493440e+00
1.092117961316172670e+00
1.099396901938562987e+00
1.099804358775454460e+00
1.087448451641036540e+00
1.107263241116189345e+00
1.141953885389368484e+00
1.136424924441891360e+00
1.124787526078761202e+00
1.112422939051552317e+00
1.143062466059410420e+00
1.153049896350273773e+00
1.139704860374396445e+00
1.123987795179725691e+00
1.128122354988714937e+00
1.117351580782505405e+00
1.110331640234975881e+00
1.101959106605167715e+00
1.099573349714886961e+00
1.100246884155179572e+00
1.093849663598892574e+00
1.107371986984106993e+00
1.103252469791655477e+00
1.104355309960411535e+00
1.093527417416491287e+00
1.085666359972591533e+00
1.084363476777469248e+00
1.084568741214473775e+00
1.071763363973755823e+00
1.063446805350182212e+00
1.049835775201536814e+00
1.048827194408445962e+00
1.058189748764255977e+00
1.078149203531701739e+00
1.065084400702499101e+00
1.074148375912931108e+00
1.074660648744128366e+00
1.074607549766216419e+00
1.078454532200334048e+00
1.112751113288038995e+00
1.108380461115096249e+00
1.105943222341213117e+00
1.098052782357227919e+00
1.116609931108804687e+00
1.135784239895230474e+00
1.136549142626400055e+00
1.127613018031799808e+00
1.119667906481193187e+00
1.116234252188960108e+00
1.113736697927828700e+00
1.102364981237999197e+00
1.092585516623595154e+00
1.088092130511812083e+00
1.097492573630383106e+00
1.093491582737182499e+00
1.091999813288478727e+00
1.089560850777398837e+00
1.092888805476665004e+00
1.089790000959738325e+00
1.081126412753504740e+00
1.077097497565822959e+00
1.080708889844043341e+00
1.072657033042238472e+00
1.064975626150490573e+00
1.090132457630018870e+00
1.093552710750235635e+00
1.081453435262076157e+00
1.074111528762351275e+00
1.063944059685455024e+00
1.070647714131628181e+00
1.071399498115903848e+00
1.085266469997592242e+00
1.098640755929222612e+00
1.139592880455052359e+00
1.131038490406765851e+00
1.125638936381515132e+00
