2.250000000000000056e-01
0.000000000000000000e+00
0.000000000000000000e+00
2.656979786066954174e-01
2.656819297978208483e-01
3.262626681848853072e-01
3.055557575446790075e-01
3.561125723252343001e-01
3.613196273368589617e-01
3.772228677961564358e-01
4.170338040964690074e-01
4.264011693432862016e-01
4.498257413509466618e-01
4.844651666381932786e-01
4.753680432368482256e-01
4.885064649090448685e-01
5.117739537749218526e-01
5.229925836889728341e-01
5.433023123116871300e-01
5.584865960500975390e-01
5.843884265230955277e-01
6.132430288580872357e-01
6.290854112255936936e-01
6.492136424018707386e-01
6.752180072944039546e-01
7.068848222486618926e-01
7.255752129213015600e-01
7.640049983678236512e-01
7.662526978627404173e-01
8.456230053667438407e-01
9.215652376829868153e-01
1.113525522214630081e+00
1.173829255320277154e+00
1.158755204788587179e+00
1.136203639776417695e+00
1.107829920107747945e+00
1.094480632707121925e+00
1.080589941548363075e+00
1.064650260199777820e+00
1.025256510166891122e+00
1.003100028743849625e+00
9.851831641641121129e-01
9.947537012706220150e-01
1.035789558098139995e+00
1.043945376734450203e+00
1.054367969225322721e+00
1.096772962788551853e+00
1.125091592242051686e+00
1.127235188240964137e+00
1.127593662426946919e+00
1.124409366865218640e+00
1.116649079960752466e+00
1.102760450935972081e+00
1.075491673043535990e+00
1.072345174713233096e+00
1.073922562061896402e+00
1.078557220847220277e+00
1.084724236736579250e+00
1.088333084614764745e+00
1.194540585030810842e+00
1.339180685617266553e+00
1.350803436309744532e+00
1.354714772142787016e+00
1.354465468013138496e+00
1.346775062174360604e+00
1.337971271971662768e+00
1.319944814887775042e+00
1.303654990100398647e+00
1.280897560555461778e+00
1.256330270254609971e+00
1.215573764135132961e+00
1.184229911952749070e+00
1.148485300802416065e+00
1.110736328645382187e+00
1.061728505757217000e+00
1.031007051730938651e+00
9.658413793583694451e-01
9.164150158900605803e-01
8.623353612042572447e-01
8.293972716494595332e-01
7.850329091447577623e-01
7.551908906876998451e-01
7.402897893274413832e-01
7.284030565191222939e-01
7.235539428064321488e-01
7.320664251259986210e-01
7.216313012350488165e-01
7.319967598416859955e-01
7.236885414702951547e-01
7.083599947471411751e-01
7.378444197919200587e-01
7.405745761093561752e-01
7.448128835397009873e-01
7.699773342226062800e-01
7.444979896763418425e-01
7.776500602691722719e-01
1.075847003177424988e+00
1.148693597560372925e+00
1.133365542044797003e+00
1.124933644807921684e+00
