2.250000000000000056e-01
0.000000000000000000e+00
0.000000000000000000e+00
0.000000000000000000e+00
0.000000000000000000e+00
0.000000000000000000e+00
0.000000000000000000e+00
0.000000000000000000e+00
0.000000000000000000e+00
0.000000000000000000e+00
9.581814525767554103e-02
9.505627359349369532e-02
9.505689798495239873e-02
1.278291862171793969e-01
1.287033409914683790e-01
1.543074333331019843e-01
1.664064059697262787e-01
1.912292522419606622e-01
1.637234521344207716e-01
1.895858331840770683e-01
1.966951260370782273e-01
2.124621653077465588e-01
2.142710655050925617e-01
2.278043422895859871e-01
2.350560602586316827e-01
2.363471575290051474e-01
2.522236961041022241e-01
2.678153081644449873e-01
2.652895638509062404e-01
3.832356833629166348e-01
3.885917816352686405e-01
6.201070686881849925e-01
6.693463294648421824e-01
6.734681413116110349e-01
6.758106673069474990e-01
6.526359722225205662e-01
6.856104076519482504e-01
6.733255412269345541e-01
6.371821118286984387e-01
6.377993411137933277e-01
1.031152623428819304e+00
1.062078746580451094e+00
1.168118198562393406e+00
1.243639764007494319e+00
1.226269521944609142e+00
1.184729062870365279e+00
1.188911081304178552e+00
1.141453921145248351e+00
1.088653038769975101e+00
1.078703910607330840e+00
1.061924206377704127e+00
1.191474910314301860e+00
1.233915612957587005e+00
1.346451039842683661e+00
1.438152651483856292e+00
1.472352238442492744e+00
1.542363717307319027e+00
1.557466931850170155e+00
1.537814299735791090e+00
1.519365934453024591e+00
1.488972725656131812e+00
1.478393297371617177e+00
1.474445751291334039e+00
1.460720289648192560e+00
1.480712460387469065e+00
1.480148569923584345e+00
1.487640738559226739e+00
1.482571643395833361e+00
1.527921152926263959e+00
1.527265001971390479e+00
1.517422974922483458e+00
1.525544651092444193e+00
1.549485611339195046e+00
1.548833398457649890e+00
1.546606694443133811e+00
1.515356078471908230e+00
1.532106805138689021e+00
1.525533069689358312e+00
1.520960804845238323e+00
1.503176389969905324e+00
1.481812212814780372e+00
1.452380545382408128e+00
1.439579245453814771e+00
1.457239270274794718e+00
1.471664033598521826e+00
1.488092550245675660e+00
1.535007253928851068e+00
1.543607111583517710e+00
1.543897467460257245e+00
1.547009319927233673e+00
1.539994869542200773e+00
1.518157111448319663e+00
1.496505531055183802e+00
1.482154102624811065e+00
1.467689881599865798e+00
1.441838376915771658e+00
1.439786146612767714e+00
1.417361182254450513e+00
1.423156856683482463e+00
1.422437284677178670e+00
