2.250000000000000056e-01
0.000000000000000000e+00
0.000000000000000000e+00
0.000000000000000000e+00
0.000000000000000000e+00
2.865318709377888129e-01
2.950120742203040103e-01
3.236823467408734278e-01
3.387069919351088920e-01
3.469175466752605352e-01
3.674885721548742379e-01
3.784213530859275587e-01
3.895229279357921293e-01
4.120221975085790467e-01
4.263861536596322277e-01
4.455875911926161503e-01
4.749894824956815143e-01
4.811878453366859043e-01
6.400028433419314711e-01
7.127470705726884903e-01
7.675648888417064830e-01
8.114903401511325276e-01
8.469780614841357913e-01
8.314058081541758627e-01
8.700942657736675523e-01
8.823628331116597501e-01
8.598185710012616889e-01
9.576997578693804414e-01
1.011208137214357761e+00
9.375813853654384467e-01
9.465533606679891188e-01
9.771109776243651623e-01
9.512208559031848365e-01
9.422546001544019889e-01
9.500757201164394816e-01
9.322759123238918422e-01
9.195058483773991265e-01
9.581140774391588844e-01
9.876595003221357860e-01
1.044057742215565687e+00
1.093260681615806806e+00
1.119852606554192942e+00
1.132420699614430371e+00
1.124900484602247008e+00
1.112386687005270769e+00
1.073538876638842288e+00
9.990285276685276772e-01
9.684325490153272709e-01
9.235514326654034045e-01
9.102250203116906135e-01
9.034401064699827399e-01
8.993332304773635766e-01
8.944426033795884745e-01
8.963244724242779293e-01
8.785550323542206108e-01
8.782892460779422317e-01
8.962711725788897743e-01
9.147067133912772929e-01
9.015023006425723073e-01
9.252805795042179371e-01
9.304687649245564351e-01
9.429103791337882789e-01
9.300289417305862560e-01
9.207697347968614165e-01
8.804492066686430141e-01
8.836142566324959313e-01
9.186758388451100599e-01
9.605349239621548962e-01
9.735586891487173489e-01
9.809513956741650054e-01
9.921698041248688815e-01
1.005342012120365336e+00
1.015985429307087573e+00
1.005220922050000354e+00
1.004644984291915843e+00
1.004911525155757213e+00
9.993741390497776766e-01
9.908278193858702787e-01
9.774859374366471343e-01
9.643002763959735990e-01
9.402761935422594419e-01
9.218499547166494335e-01
9.378637215738818700e-01
9.393294432090167900e-01
9.755422970362743751e-01
9.952537026197345593e-01
1.024525137590009960e+00
1.031709969774768920e+00
1.048343406052645532e+00
1.076017066281477419e+00
1.074760570391867676e+00
1.079126933875851568e+00
1.078462937423972479e+00
1.090970760948488882e+00
1.068234738883844903e+00
1.050823727245368211e+00
1.063343607045237116e+00
1.051577132683080729e+00
9.863149991339199563e-01
9.605874564069933896e-01
