2.250000000000000056e-01
0.000000000000000000e+00
0.000000000000000000e+00
1.012749520693369820e-01
1.408557609010452072e-01
2.004736469808437171e-01
2.522104573322097032e-01
2.683212334077701433e-01
7.229310808820254008e-01
9.220464005214383807e-01
9.713447213842453243e-01
9.932627806347212873e-01
9.790788844071290908e-01
9.565243031487645764e-01
1.049545164347456039e+00
1.149122290031719951e+00
1.128598713489187055e+00
1.102489468182777266e+00
1.125147077828696496e+00
1.121709878281718975e+00
1.109021319381277237e+00
1.092236370926805256e+00
1.073244877859167001e+00
1.074697960578228750e+00
1.076592722354665410e+00
1.063695070071480675e+00
1.042629335790214107e+00
1.062562509122523480e+00
1.045498594538736947e+00
1.033053370643500557e+00
1.030263647376998826e+00
1.012823394601282345e+00
1.014042928123767950e+00
1.013004455398009984e+00
1.014808387864692740e+00
9.989076792822592088e-01
1.049946727294769566e+00
1.069581024281678561e+00
1.067289445177533880e+00
1.059405792271416624e+00
1.050436003276473240e+00
1.053200665970871253e+00
1.050413857353766689e+00
1.065119026959277626e+00
1.052771802110487709e+00
1.048440991550687595e+00
1.027817096034985278e+00
1.025440488391329952e+00
1.043641441875044151e+00
1.042954526109151958e+00
1.045263034870220764e+00
1.042782835479099335e+00
1.039277579870992563e+00
1.026218012848777672e+00
1.012473711782103214e+00
1.014042958352757262e+00
1.000511087841012170e+00
1.000021317672561194e+00
9.951112072293488708e-01
9.765952175902281596e-01
9.660417269763550419e-01
9.711890873266859625e-01
1.017555745625827068e+00
1.017403992816189096e+00
1.019872041842911470e+00
1.012630725543423482e+00
1.018287303294963309e+00
1.016591249899698735e+00
1.024368282852670786e+00
1.058350570427609050e+00
1.065457940667571046e+00
1.077500976215475248e+00
1.079106547005759031e+00
1.058380071489186447e+00
1.032104591510226266e+00
1.017484547734542222e+00
9.948474434445713221e-01
9.753165334670259590e-01
9.656298782236182321e-01
9.705681445952605291e-01
9.639376793082580219e-01
9.592844958056055971e-01
9.542875647946501561e-01
9.474055058844482735e-01
9.500762713556375472e-01
9.495731640091726877e-01
9.571756724439118846e-01
9.675815386592845346e-01
1.004414701050423853e+00
1.010457180608569372e+00
1.009229550835584188e+00
1.009296714156822761e+00
1.004087009700003419e+00
1.008996686053763803e+00
1.015993658979249314e+00
1.017063956488746257e+00
1.031319190082930604e+00
1.031582609921654292e+00
1.047569096717333004e+00
1.048959139509430427e+00
