2.250000000000000056e-01
0.000000000000000000e+00
0.000000000000000000e+00
0.000000000000000000e+00
0.000000000000000000e+00
9.594158686729969965e-01
9.594158686729969965e-01
9.014558065139427478e-01
8.671562765421904073e-01
8.157634967311651053e-01
7.585504582856342770e-01
7.197601998588432082e-01
7.019495707710889931e-01
6.971731292699407945e-01
6.884232069527428388e-01
6.744238135769040632e-01
6.686304798377219472e-01
6.715055385458242876e-01
6.778241889664345932e-01
6.829736475043198807e-01
6.900032332034607974e-01
7.014716016092330531e-01
7.098394486243687629e-01
7.162033721132976538e-01
7.192792563634544667e-01
7.151311607113833846e-01
7.096956991293512651e-01
7.003857225373738560e-01
6.943903835226383769e-01
6.895265913469753594e-01
6.874583059527982210e-01
6.877444645686840996e-01
6.866147209491990644e-01
6.910802054409538320e-01
6.951748302315706729e-01
6.995780948008142319e-01
7.025415188660403265e-01
7.030166606462748824e-01
7.016697750250906473e-01
6.999889879597508413e-01
6.946475314660105482e-01
6.908710536249919043e-01
6.872245312287025287e-01
6.855082403954545489e-01
6.851226284185772952e-01
6.864961683003465431e-01
6.877864528243727849e-01
6.912622641721095640e-01
6.936021748681828747e-01
6.946798394345564676e-01
6.955478439939120072e-01
6.963248960613676042e-01
6.970082226666463043e-01
6.983554580812372237e-01
6.987697229559152179e-01
6.984204461226040106e-01
6.992591415094904228e-01
6.996166822258862439e-01
6.995812802240238826e-01
6.984896188292315511e-01
6.972727368139561843e-01
6.957456911167928526e-01
6.928520525505592609e-01
6.909348128718885151e-01
6.883833406592810844e-01
6.858073494697772832e-01
6.830142853433560646e-01
6.809078640004995187e-01
6.800534806314479930e-01
6.798047422112141192e-01
6.805863964927811871e-01
6.827525836891041866e-01
6.864683811464502572e-01
6.916303716075538066e-01
6.991905208353418333e-01
7.068041561897375757e-01
7.125207099357108165e-01
7.175722034251438286e-01
7.203941370471567129e-01
7.211699860268858675e-01
7.207662842938743486e-01
7.197909608572060636e-01
7.193162676088021845e-01
7.180344049290195985e-01
7.172525635175149850e-01
7.162385705893715704e-01
7.152655336164450706e-01
7.143892058594228933e-01
7.141904849846277825e-01
7.138588231701438191e-01
7.131420689854678363e-01
7.113731890696549653e-01
7.091488053124540558e-01
7.058054577436082555e-01
7.020481592271416993e-01
6.985557371416565298e-01
6.943927149736878190e-01
6.903664220855655342e-01
6.859280102143676672e-01
6.808888565619668487e-01
