2.250000000000000056e-01
0.000000000000000000e+00
0.000000000000000000e+00
0.000000000000000000e+00
1.578434090492650599e+00
1.580267399859831112e+00
1.567871802248329560e+00
1.567506381099853296e+00
1.575996091732708493e+00
1.573099299628879066e+00
1.576978881017862211e+00
1.577336182567272704e+00
1.569992701121098122e+00
1.569378427502410744e+00
1.570126286649300207e+00
1.575072102996233570e+00
1.575420137614029770e+00
1.575783738119687527e+00
1.589562063085855348e+00
1.591156624731288272e+00
1.571413293027298153e+00
1.568505984996327651e+00
1.567651681490474402e+00
1.550898687884365801e+00
1.537752956192498077e+00
1.579645251658019722e+00
1.513652428471830458e+00
1.483635021816605226e+00
1.487364598814434835e+00
1.463380319288021481e+00
1.453349344997937553e+00
1.479796474023372443e+00
1.478809565851210817e+00
1.519772040274668612e+00
1.502152862565222069e+00
1.554014010138215385e+00
1.552006171618491637e+00
1.626628735594970898e+00
1.745552991587432601e+00
1.753021533797424647e+00
1.745177768324803758e+00
1.743339932085166577e+00
1.725613887341848951e+00
1.740492775700113404e+00
1.712258989150266864e+00
1.697352208976668164e+00
1.707950833847042160e+00
1.692119848637165580e+00
1.717429883864288742e+00
1.771060657938039462e+00
1.730431752065459960e+00
1.689042120020705084e+00
1.644773019411877701e+00
1.628121794477452200e+00
1.578869588530870782e+00
1.510149179086609950e+00
1.478599030168781692e+00
1.458208740257936231e+00
1.439068171013509367e+00
1.431239893816044662e+00
1.402485480213558899e+00
1.416085801569926694e+00
1.404279847271117321e+00
1.413029841711567425e+00
1.397638526912625023e+00
1.376050345026727406e+00
1.352103014487642918e+00
1.382462519096036679e+00
1.387449011978937552e+00
1.474709562416131270e+00
1.519867925924583973e+00
1.652725350453397413e+00
1.673625969460401652e+00
1.698990538478080792e+00
1.682015498266667075e+00
1.651493035994333836e+00
1.634728013069485897e+00
1.622004941794917166e+00
1.575733827972191303e+00
1.557147558092946360e+00
1.590611593697881965e+00
1.605664650377063518e+00
1.613152695904854106e+00
1.642778612293156026e+00
1.710923073144557716e+00
1.791833253330133546e+00
1.815857851074436091e+00
1.830367325612559659e+00
1.851674225672039098e+00
1.845563207420870322e+00
1.814619875562294871e+00
1.788697967452998583e+00
1.772289103295114243e+00
1.745227520602492755e+00
1.715337682708752087e+00
1.688985914457947546e+00
1.675920020723977721e+00
1.647196561953176763e+00
1.620188549476661022e+00
1.596291670563498633e+00
