2.250000000000000056e-01
0.000000000000000000e+00
0.000000000000000000e+00
0.000000000000000000e+00
1.924745126973018416e-01
1.898468331978102885e-01
1.888987152391546354e-01
1.898653955418676820e-01
2.244686757582927961e-01
2.406541820213422833e-01
2.296785019674774386e-01
2.301669710254911905e-01
2.079420779268641439e-01
2.294007041233796784e-01
2.354573084724631282e-01
2.433759407475417358e-01
2.634007220178358200e-01
2.607461843045717487e-01
2.619044650112843375e-01
2.879334884779717330e-01
3.260753595223006007e-01
3.305823791871370099e-01
2.913313001718751405e-01
3.079090541191775721e-01
3.079302450861244322e-01
3.552482071867971714e-01
3.474822599367132225e-01
3.493747005415414608e-01
3.509617689184562628e-01
3.540278461070721638e-01
3.802077995232940877e-01
3.874703884414562594e-01
3.876109124507937653e-01
3.767257882162671767e-01
3.767791306178416844e-01
3.710162812276852073e-01
3.899399314536065586e-01
4.043943668538176883e-01
3.971458406199666613e-01
4.489216921854709552e-01
4.291503172942284783e-01
4.109896424510198210e-01
3.705002818094580985e-01
3.871882813405272961e-01
4.108952783335803050e-01
4.094005626621473048e-01
4.501299381341561934e-01
4.671469369532882387e-01
4.727444600721271706e-01
4.595433903331607728e-01
4.695698861448501238e-01
4.736199817847899785e-01
5.172292744755100369e-01
5.034804768470461100e-01
5.337090477072201633e-01
5.358109762665659304e-01
5.383468090585779020e-01
5.428072260425350626e-01
5.727227530639209530e-01
5.965149357390905349e-01
6.098292591693619258e-01
6.288893813003657574e-01
6.263765907207820005e-01
8.274374337353227471e-01
8.649104052784875041e-01
9.006047472090589201e-01
9.352132002515499698e-01
9.471993607931484815e-01
9.732826007938412127e-01
1.019791460727199395e+00
1.020525025302230659e+00
1.024877417504233224e+00
1.028189953764602205e+00
1.067833705411334488e+00
1.084056204213106556e+00
1.111863330849791387e+00
1.148510631574548357e+00
1.172230952145844052e+00
1.177691281532851075e+00
1.181016001404310956e+00
1.172702013207012950e+00
1.180174394582480302e+00
1.229380132128867986e+00
1.250297291053193760e+00
1.299737895642246954e+00
1.319515969050472082e+00
1.350015167343069589e+00
1.347312492751468360e+00
1.348658053181373884e+00
1.344884670774836088e+00
1.354379542955396420e+00
1.358939131884041140e+00
1.351916340236313241e+00
1.344071758699839858e+00
1.341433483024129014e+00
1.367282572001451424e+00
1.412763192561092396e+00
1.412083941293232225e+00
1.413045748617299813e+00
1.406594437041429835e+00
