2.250000000000000056e-01
0.000000000000000000e+00
3.416149932027697789e-01
3.416149932027697789e-01
4.344297197416959744e-01
5.045829944875775963e-01
5.061041047596829268e-01
5.780852873740857101e-01
6.284102734942769164e-01
7.003033373049504240e-01
8.184128183242702637e-01
8.882001161559777147e-01
1.018393641747213918e+00
1.612205614871213832e+00
1.602846774624212989e+00
1.482682764051193036e+00
1.360652107652062792e+00
1.337517431383703048e+00
1.324179334846336653e+00
1.333526499954166500e+00
1.330597118822954172e+00
1.418228431803651324e+00
1.429767035684227139e+00
1.429283796851875454e+00
1.451089003052541404e+00
1.403527691498662744e+00
1.365247868742143211e+00
1.350856189344007641e+00
1.327023913556181878e+00
1.326533092379109435e+00
1.284713660432688531e+00
1.274991486520510975e+00
1.269775509869620844e+00
1.261500405568746430e+00
1.236883188310524462e+00
1.206957020583919071e+00
1.165784597078246554e+00
1.137120217937056310e+00
1.193556505430262149e+00
1.196224534303379494e+00
1.154277273036245388e+00
1.144901002853513816e+00
1.145884559880065101e+00
1.154024045879469940e+00
1.191740379022299345e+00
1.199330024363846725e+00
1.214119290231839621e+00
1.213155885026928393e+00
1.223214630848888929e+00
1.222603266449414861e+00
1.241469457391900066e+00
1.275087230683489059e+00
1.281714756229914265e+00
1.287741220027041944e+00
1.296891483905699083e+00
1.290110548379642008e+00
1.295486837123337454e+00
1.296302633271593008e+00
1.292891214518045118e+00
1.298816239255639715e+00
1.342946504268338170e+00
1.349923175985148882e+00
1.369565038162714687e+00
1.389325207717581723e+00
1.414641961638560597e+00
1.478096785351478815e+00
1.501384658069908395e+00
1.512335740887701396e+00
1.503974779603284295e+00
1.485528215541912944e+00
1.472207601667608667e+00
1.446267326935163799e+00
1.455671553212050773e+00
1.489754142593509023e+00
1.482742662061868888e+00
1.455904750423593352e+00
1.423066281793937460e+00
1.396154939214607538e+00
1.370789823348222969e+00
1.355186921766406316e+00
1.374425391941038965e+00
1.384387826677687228e+00
1.366228178827962436e+00
1.356956632929399609e+00
1.360808379957316072e+00
1.380923336001432800e+00
1.363537340188814895e+00
1.346283870168948349e+00
1.312123098981740954e+00
1.311435047419846400e+00
1.291836787556859045e+00
1.276422218302067035e+00
1.267864031611452891e+00
1.252155446229693769e+00
1.256061241789595773e+00
1.259626163456672332e+00
1.229350368299436669e+00
1.221782594968145563e+00
1.209627146695225086e+00
1.234015142230319162e+00
