2.250000000000000056e-01
0.000000000000000000e+00
0.000000000000000000e+00
0.000000000000000000e+00
2.251237958970739306e-01
2.292636636628862523e-01
2.568583668361212879e-01
2.612892907239591223e-01
2.885671179757972604e-01
3.063712142100093461e-01
3.135427425059829631e-01
3.507680439750594514e-01
3.584432139167234022e-01
3.926992724513374000e-01
4.136020291708125685e-01
4.288636140873835489e-01
4.588992109435771072e-01
4.779567200129352655e-01
5.158333193279670548e-01
5.299393062187731651e-01
5.541428175968875491e-01
5.637752822466297609e-01
5.635206887608446014e-01
5.671104939006748058e-01
5.786679052012437818e-01
6.044921257037290108e-01
6.037736859144936519e-01
6.737930479133705797e-01
7.106729546129165742e-01
7.944461442305735810e-01
8.388692765736383006e-01
9.187718802709375909e-01
9.845652544614516000e-01
1.054354682026495738e+00
1.123475187668026232e+00
1.153109462479190439e+00
1.159988381336694907e+00
1.152405473552577719e+00
1.142140788854943745e+00
1.109495447170292470e+00
1.086994252334479327e+00
1.046155026073188443e+00
9.763926803241660402e-01
9.060306666757202976e-01
8.467062627737867997e-01
8.008863522835977244e-01
7.701545966545543243e-01
8.136631962647072891e-01
9.000984332642114616e-01
9.722809789398815239e-01
9.947604882592586684e-01
1.004381562135239880e+00
1.024254751425672794e+00
1.021497360765922569e+00
1.028575159377868697e+00
1.037946077735008910e+00
1.023984933177186640e+00
1.007217423519642274e+00
9.961150910103419021e-01
9.928314548510071003e-01
1.021211539906224042e+00
1.051043656880626953e+00
1.073767906890854107e+00
1.098533524393767058e+00
1.135721147944293463e+00
1.141167622392273318e+00
1.158403505863576877e+00
1.167082192853832190e+00
1.156783120463562575e+00
1.152206653395344560e+00
1.132948315443290666e+00
1.117412763892828176e+00
1.105629755499056621e+00
1.081550380780755383e+00
1.048934271678922947e+00
1.022640787283566111e+00
9.981023020555388481e-01
9.712430446182721555e-01
9.646689158252688134e-01
9.701762354979540648e-01
9.795912043102036337e-01
9.743331283753192684e-01
9.682343052910163950e-01
9.623012245624192884e-01
9.561545245445280949e-01
9.483734310693835434e-01
9.436858915602268638e-01
9.564329315834808609e-01
9.650800859375581187e-01
9.748562288129387632e-01
9.889584999555887102e-01
1.005296174077048965e+00
1.000135935835781087e+00
1.008845637070424850e+00
1.011589878067223669e+00
1.023871827687844904e+00
1.041255786798416461e+00
1.064075001107281704e+00
1.076129453330066488e+00
1.071579644195880476e+00
