2.250000000000000056e-01
0.000000000000000000e+00
0.000000000000000000e+00
0.000000000000000000e+00
0.000000000000000000e+00
0.000000000000000000e+00
0.000000000000000000e+00
7.443814124664147047e-02
1.392081759681719766e-01
1.395176179105036829e-01
1.791349534749690220e-01
1.908325938626248275e-01
1.921875894041819299e-01
2.270898928248827886e-01
2.410857971004496392e-01
2.324697697396078677e-01
2.233940051956801731e-01
2.607725809878239098e-01
2.794072284557859720e-01
2.758770711718839808e-01
2.773147334640828632e-01
3.016012982786048235e-01
3.394405810391260547e-01
3.439183128281110835e-01
3.558447312619644198e-01
3.591682765552198786e-01
3.881289411500170039e-01
4.156982742271922993e-01
4.327147268540227354e-01
4.295198018171715315e-01
4.525073772588916743e-01
4.674829627201794180e-01
5.027725314028227421e-01
5.084653782264964006e-01
5.254600009454126752e-01
5.317908941616895646e-01
5.352604169225779751e-01
5.669965862878151297e-01
5.726363589964386103e-01
5.354894376119231358e-01
5.312433187730977169e-01
5.045316299406837901e-01
5.982037932881884013e-01
5.994146227928092152e-01
6.053764892559002631e-01
6.100516469906615002e-01
6.462577626746396353e-01
6.781690539786663363e-01
7.088388594996122283e-01
7.335163474818884310e-01
7.202253309909201207e-01
7.336357365821077892e-01
7.396424141172242006e-01
7.324323313688329007e-01
7.400621724454969907e-01
7.745088958122294809e-01
7.783191895714041131e-01
7.824790135074628505e-01
8.246169887364537265e-01
8.410860080656581417e-01
8.270956416532717626e-01
7.815678113996693543e-01
7.511041296294129754e-01
7.480558525808639336e-01
7.707249158249310783e-01
7.962529190287619407e-01
8.159571917629993010e-01
8.068138215831125448e-01
7.867818646404827199e-01
7.834301710603231994e-01
8.028702229174720095e-01
8.053079161995452262e-01
7.989706146686053057e-01
7.984715973154130619e-01
8.016442138957213803e-01
7.673012736820443713e-01
7.503515805197359390e-01
7.435348286471302748e-01
7.469824221718482926e-01
7.608200040712537193e-01
7.635913097262757576e-01
7.685755019558964118e-01
7.499390568883729236e-01
7.551260382509549229e-01
7.715675710771520146e-01
7.733907155416601675e-01
7.786546442666141266e-01
7.818653738133057862e-01
7.824496642257107171e-01
7.876737114855242305e-01
8.003595406482785224e-01
8.073191426741928023e-01
8.044726429717501404e-01
8.012969608892072104e-01
7.924654567231124158e-01
7.757802419403314609e-01
7.844203630320196741e-01
7.869924466686909481e-01
7.874570673008414179e-01
7.830379867131193050e-01
