2.250000000000000056e-01
0.000000000000000000e+00
0.000000000000000000e+00
0.000000000000000000e+00
0.000000000000000000e+00
0.000000000000000000e+00
0.000000000000000000e+00
0.000000000000000000e+00
0.000000000000000000e+00
0.000000000000000000e+00
0.000000000000000000e+00
1.008154955260893049e+00
1.252865749530331030e+00
1.101061621500260879e+00
1.141047479452782287e+00
9.458856535420114842e-01
8.526155887531543520e-01
8.469247617604864775e-01
8.286415884696316514e-01
8.403124032243638464e-01
8.218150293023156472e-01
8.089338562379128073e-01
9.046890746562624708e-01
9.023118291638848598e-01
8.809580303136881341e-01
8.454609306458639173e-01
8.507222103519782586e-01
8.733000741694696423e-01
8.809611104873961152e-01
8.683862513451494625e-01
8.621521083172845046e-01
8.358454472888553477e-01
8.284107479182304390e-01
8.333623732066455236e-01
8.330257658710850110e-01
8.517573506163950148e-01
8.873565595944041817e-01
8.942283877454647589e-01
9.016812715093664998e-01
9.094078290064583348e-01
9.201418589216585620e-01
9.124119546027972261e-01
9.140968531727011737e-01
9.111139070105936932e-01
9.100699171085383510e-01
9.102671538102289350e-01
9.134381934891953048e-01
9.211320578792905334e-01
9.224911578641393772e-01
9.296321195318689723e-01
9.338974398583274050e-01
9.343855383017952709e-01
9.416710098632359305e-01
9.577563433321798492e-01
9.660186140362055918e-01
9.790339002701585747e-01
9.821730468027373151e-01
9.842556067426239119e-01
9.733789988187728781e-01
9.599294389285865092e-01
9.529444750641141715e-01
9.448076641370196649e-01
9.362065072354424089e-01
9.365414594183453234e-01
9.319934280632292678e-01
9.266400878157833310e-01
9.273670823809039288e-01
9.019864099148060532e-01
8.989319593040132617e-01
8.898940812386627597e-01
8.811304827753130287e-01
8.805714426537887274e-01
8.842278702114646505e-01
8.801058627940500090e-01
8.753998454519578143e-01
8.683038168136792967e-01
8.671240545877368922e-01
8.587515491491721775e-01
8.634184992891962285e-01
8.606765062034451574e-01
8.700330294018719934e-01
8.741470960931342349e-01
8.722621372307802767e-01
8.821563148225511908e-01
8.942306160170561125e-01
8.970416878932195859e-01
8.958399980406844820e-01
8.938310311359938254e-01
8.927700481268151522e-01
9.019498075692071737e-01
8.948919550150573610e-01
9.000777238032715566e-01
8.990958582694030810e-01
9.191228936455699827e-01
9.393528082473937557e-01
9.272594023661477891e-01
9.163573350990086297e-01
9.221110968809885788e-01
9.162074780502654781e-01
9.066587805466727046e-01
