2.250000000000000056e-01
0.000000000000000000e+00
0.000000000000000000e+00
0.000000000000000000e+00
0.000000000000000000e+00
0.000000000000000000e+00
0.000000000000000000e+00
0.000000000000000000e+00
0.000000000000000000e+00
0.000000000000000000e+00
0.000000000000000000e+00
0.000000000000000000e+00
0.000000000000000000e+00
0.000000000000000000e+00
0.000000000000000000e+00
0.000000000000000000e+00
0.000000000000000000e+00
0.000000000000000000e+00
0.000000000000000000e+00
0.000000000000000000e+00
0.000000000000000000e+00
0.000000000000000000e+00
0.000000000000000000e+00
0.000000000000000000e+00
0.000000000000000000e+00
0.000000000000000000e+00
0.000000000000000000e+00
0.000000000000000000e+00
1.829808269692602130e+00
1.907019835928590368e+00
2.016504328986270522e+00
1.946717642018668482e+00
2.035775120640023417e+00
1.984565519364570596e+00
1.794374311384038245e+00
1.857763200999073661e+00
1.854315938567367983e+00
1.866521697299957427e+00
1.860149475343165326e+00
1.868946314203819181e+00
1.905635811411787284e+00
1.941413852903422166e+00
2.043596397076256288e+00
2.090527806529988375e+00
2.115947723693763383e+00
2.039779540940950486e+00
2.020217203801969674e+00
2.008350973960906671e+00
1.959377071698277017e+00
1.916021450765772904e+00
1.876583006098634820e+00
1.787147775898513924e+00
1.698725811475167102e+00
1.672761841987185694e+00
1.654321223387096751e+00
1.651590143679509071e+00
1.660495730575778150e+00
1.630478432265498157e+00
1.772123298637923172e+00
1.787888051201163009e+00
1.783773794285323344e+00
1.801317203432567959e+00
1.894152475294429872e+00
1.917006233353206301e+00
1.905064778544362181e+00
1.857690037469220234e+00
1.873986757061899544e+00
1.873211376909920123e+00
1.877911681545847644e+00
1.865915598721124002e+00
1.854777428861244193e+00
1.850664420406678889e+00
1.837581544898299279e+00
1.850432060213424990e+00
1.868542316218706256e+00
1.866781245258035460e+00
1.863530277742607710e+00
1.848922982836615381e+00
1.841943699600818274e+00
1.834646708209623611e+00
1.829166886378541523e+00
1.836477124555401463e+00
1.868023563997712522e+00
1.903666154948720379e+00
1.908317943810842188e+00
1.915599363713284209e+00
1.885818700668303594e+00
1.862588022376670871e+00
1.863268174912171782e+00
1.862200112193969748e+00
1.859695149248248303e+00
1.855389911072893749e+00
1.854235416039574647e+00
1.844611204247646796e+00
1.870850675873088953e+00
1.885891913049987823e+00
1.887437436023757575e+00
1.859615672595238411e+00
1.869017624370205022e+00
1.854267875842759317e+00
