2.250000000000000056e-01
0.000000000000000000e+00
1.217594612987325853e+00
1.133187430328314038e+00
1.088960323543419095e+00
1.130912978557817583e+00
1.200816900400787368e+00
1.180686902444894715e+00
1.161896618300079398e+00
1.150862292875642456e+00
1.130291900729128773e+00
1.157679728188194312e+00
1.126600571954664121e+00
1.108567670980178610e+00
1.078270766358681909e+00
1.065436353733203445e+00
1.060776262483808852e+00
1.052014602763863493e+00
1.042589657939970493e+00
1.035445222720467129e+00
1.072633054653088003e+00
1.098966591597532849e+00
1.099067955331098467e+00
1.082451800344006454e+00
1.079948980928673752e+00
1.060039898678701853e+00
1.066258014375989660e+00
1.094087659947966529e+00
1.089795095869802832e+00
1.061852465163153791e+00
1.064513054524578228e+00
1.046859047164917955e+00
1.037740904289220500e+00
1.035825383312358738e+00
1.039795016082352364e+00
1.044827543745579623e+00
1.035513618580048645e+00
1.035056119730656032e+00
1.039539219625041033e+00
1.050734546178106799e+00
1.056817106831212660e+00
1.072331193259851156e+00
1.079182743047473636e+00
1.086392826848299187e+00
1.081877949647517934e+00
1.078662735864811317e+00
1.076926149574265912e+00
1.078971175782880820e+00
1.074692531896881187e+00
1.075857131696442703e+00
1.074190484864279371e+00
1.079378244658323771e+00
1.082701651886501804e+00
1.093384394453468023e+00
1.093527346634916686e+00
1.093059043615435488e+00
1.094731603054802660e+00
1.100006392510713082e+00
1.095711629240020635e+00
1.090873521714587513e+00
1.095763833407154664e+00
1.097890820996807903e+00
1.098346052938448336e+00
1.106707593273730916e+00
1.108681520208854021e+00
1.109016456197233325e+00
1.112092816629666636e+00
1.109851334779772714e+00
1.109180903835392140e+00
1.112744643824925994e+00
1.114069611089517631e+00
1.114200798289748384e+00
1.108227160055553329e+00
1.103010293354275362e+00
1.104525175249285507e+00
1.100626958080793250e+00
1.099831197215136225e+00
1.102927456248625537e+00
1.110149554494458179e+00
1.112449257602321495e+00
1.112049848307891775e+00
1.112003268026916514e+00
1.105494956060664613e+00
1.102633043982338856e+00
1.102734958215315642e+00
1.103251918891921202e+00
1.096079083990305847e+00
1.096765521832530732e+00
1.098190239041445082e+00
1.092724088358109302e+00
1.092112098225747951e+00
1.093946769644245531e+00
1.096480354721535821e+00
1.096593628651284513e+00
1.099307224681619344e+00
1.098470661489515443e+00
1.100003367325704806e+00
1.102706198533196957e+00
1.105888161328638875e+00
1.107011247507723617e+00
