2.250000000000000056e-01
0.000000000000000000e+00
0.000000000000000000e+00
1.481114225472485613e+00
1.529867017591141298e+00
1.507988472611393460e+00
1.573507317130932837e+00
1.549311650313651256e+00
1.612106366720426953e+00
1.589107007028386587e+00
1.590206262267243487e+00
1.608136429120221589e+00
1.648440732211912341e+00
1.602084387821775424e+00
1.566135955324966966e+00
1.520872786015561973e+00
1.447414522372805656e+00
1.424365887361581873e+00
1.398942434751090813e+00
1.364413728427978922e+00
1.377515840810615400e+00
1.302574784637793082e+00
1.252656970890907440e+00
1.216806900326911300e+00
1.167690978976163585e+00
1.140934975021214992e+00
1.131956225272848560e+00
1.112772751517492997e+00
1.102672207820003525e+00
1.114234189754267135e+00
1.122078882597867144e+00
1.129999395943566798e+00
1.125779100519465503e+00
1.117489326345651568e+00
1.114546023262059204e+00
1.123886865649047495e+00
1.127426248236275574e+00
1.107931017686864417e+00
1.100502146375217150e+00
1.104404007433302137e+00
1.102256545538741861e+00
1.102840299778158339e+00
1.108634051416082622e+00
1.104128533398606837e+00
1.097612204738726005e+00
1.093552106134294544e+00
1.069591421657914543e+00
1.057541795951871144e+00
1.052797422140351769e+00
1.045245032985181899e+00
1.038064540887930987e+00
1.031702141516724680e+00
1.032044808140917702e+00
1.026261467255102033e+00
1.036036627090799467e+00
1.045067216866436111e+00
1.057006354991279151e+00
1.054367118738755327e+00
1.057037720450552998e+00
1.060957435689620754e+00
1.072845596902463727e+00
1.065450902781031717e+00
1.070039870795595371e+00
1.067805477497229871e+00
1.068552620801580311e+00
1.063417429348877619e+00
1.061691975777712127e+00
1.068442170020895698e+00
1.066026705309987443e+00
1.055042248256217174e+00
1.049932640912124349e+00
1.043968009416418763e+00
1.043613686480671321e+00
1.036873124106486133e+00
1.042121698853346823e+00
1.053219070771161947e+00
1.055990830459742735e+00
1.059931465039479104e+00
1.071651941238737082e+00
1.075975058248923810e+00
1.079734570361704504e+00
1.081967695335004809e+00
1.087488516572110209e+00
1.093477577409659895e+00
1.090732732801513727e+00
1.088052333441869912e+00
1.089083711683622724e+00
1.081526817296089460e+00
1.074857587482913379e+00
1.070713884760323031e+00
1.073805021977375818e+00
1.070485151719667627e+00
1.063525555616757989e+00
1.062836512530265010e+00
1.061220569557789650e+00
1.056871926186746080e+00
1.057426301695304272e+00
1.047466566163499646e+00
1.051256167431436461e+00
1.049836427034982922e+00
