2.250000000000000056e-01
0.000000000000000000e+00
0.000000000000000000e+00
0.000000000000000000e+00
0.000000000000000000e+00
0.000000000000000000e+00
0.000000000000000000e+00
0.000000000000000000e+00
0.000000000000000000e+00
0.000000000000000000e+00
8.307570885353477985e-01
9.152141414614319848e-01
9.199175843198922342e-01
9.221902348311273867e-01
9.226515870321078117e-01
8.495555786772315265e-01
8.211920622742440168e-01
9.183921686541771656e-01
9.242341116186418848e-01
9.296888028762484435e-01
9.341363347257487515e-01
9.219861027238082096e-01
9.125722477863499327e-01
8.745054409509713800e-01
8.713634773416253365e-01
8.833526579478968577e-01
8.846338468657394261e-01
9.003163222834827950e-01
9.244679762606683449e-01
9.551944436128807503e-01
9.633996344409205825e-01
9.549703310774456666e-01
9.304347150324377980e-01
9.170512578703928774e-01
9.153848379005733449e-01
9.187034551579066344e-01
9.357483131539688914e-01
9.567293808615302542e-01
9.607882920598486143e-01
9.529181536317052892e-01
9.464892723253147677e-01
9.391600136704566504e-01
9.554819519332962141e-01
9.698492527671127572e-01
9.666981237010381367e-01
9.657527774968363010e-01
9.689802566471753531e-01
9.647492846184879678e-01
9.535904230004311755e-01
9.389703037954681974e-01
9.624606657370186058e-01
9.465622966959654772e-01
9.334922270701480063e-01
9.289294563508939673e-01
9.184836128024770341e-01
9.036604051538950078e-01
9.229708976731324510e-01
9.295045283303695616e-01
9.475489194027043593e-01
9.553991302145316000e-01
9.594519602349235177e-01
9.501985421382644903e-01
9.454997672236535866e-01
9.516221902824144596e-01
9.559331164741726727e-01
9.439721982395553601e-01
9.457956548606661906e-01
9.396889997715169862e-01
9.361652909910209708e-01
9.283038899990869730e-01
9.229429835027620488e-01
9.169085392746073593e-01
9.254089160154490568e-01
9.351643614215003897e-01
9.295189243971841986e-01
9.344757344620738815e-01
9.243085705679390252e-01
9.181398386872983153e-01
9.126440872189979236e-01
9.165412695460953829e-01
9.159162129776663441e-01
9.261508862391945041e-01
9.293869143350201867e-01
9.405387229969791596e-01
9.370659274697847874e-01
9.303369472039708654e-01
9.264722539042409277e-01
9.165284048846947806e-01
9.113443928801160387e-01
9.137131339293798060e-01
9.248932222680953386e-01
9.240558435936850890e-01
9.243144952519033453e-01
9.315671707961452608e-01
9.315526439268976278e-01
9.282108425744353131e-01
9.241964041749587411e-01
9.267022794044702527e-01
9.299328744002151037e-01
9.326159538577554198e-01
