2.250000000000000056e-01
0.000000000000000000e+00
0.000000000000000000e+00
0.000000000000000000e+00
7.688588346212834601e-01
1.014242389033291891e+00
8.219312767343608384e-01
6.612300064199801986e-01
6.530444995172863809e-01
7.061894850263552570e-01
7.588940685649647744e-01
8.414343678194996512e-01
8.312337894243726488e-01
8.203126467173808001e-01
8.384656089800796019e-01
8.211255065765873384e-01
7.897829591495271195e-01
7.635200825065517893e-01
7.520436937578889314e-01
7.433825457260172520e-01
7.469648599297405989e-01
7.613501919811596075e-01
7.944791246103525273e-01
8.050726724990999728e-01
7.952847721518973012e-01
7.889251986209507850e-01
7.823628979690410157e-01
7.716136217267225428e-01
7.735827562019680359e-01
7.950242685043980018e-01
8.040150640660757020e-01
8.090585755701134030e-01
7.938522695456935452e-01
7.911606447152178534e-01
7.918598554833913283e-01
7.929442211200007362e-01
7.929887676718062606e-01
7.719802546891020301e-01
7.573835100636207018e-01
7.522453853175476990e-01
7.534896537894777424e-01
7.472686534546552073e-01
7.613742546461970129e-01
7.681587404114219586e-01
7.593991273913794915e-01
7.522527484317674817e-01
7.431273111283229760e-01
7.390205560710373378e-01
7.323851126886083973e-01
7.354575758081686176e-01
7.338724398793035064e-01
7.350364164419332935e-01
7.366089556246662173e-01
7.406479006413556609e-01
7.350867942190137949e-01
7.372208673939293355e-01
7.291820553435484076e-01
7.219184014904039826e-01
7.205485913542095666e-01
7.226543704044995353e-01
7.281000879067102138e-01
7.358976309964353479e-01
7.366461761421635446e-01
7.360199887316085654e-01
7.395951381970450322e-01
7.390953396709448731e-01
7.431325818403651251e-01
7.452849039555343724e-01
7.413425168337354210e-01
7.302736933210040027e-01
7.332722427812082833e-01
7.354927472461152416e-01
7.321457743252617334e-01
7.328529162871357805e-01
7.306678866867923894e-01
7.272154838224600404e-01
7.281574134834096768e-01
7.375670265689833194e-01
7.368889017853549328e-01
7.376440027457973336e-01
7.379915236889202923e-01
7.293813688479426904e-01
7.270462521356495511e-01
7.254434047039006739e-01
7.280117692875780477e-01
7.269900687828201313e-01
7.332272017809112752e-01
7.314592656784216773e-01
7.282921310842482843e-01
7.272191200939421840e-01
7.325831741692319099e-01
7.368608593900459747e-01
7.400124836365372660e-01
7.365335426178973854e-01
7.370075888264300268e-01
7.333659192156017914e-01
7.281830464237699641e-01
7.286736447124135818e-01
7.267142082794781910e-01
7.197899998977000946e-01
