2.250000000000000056e-01
1.423249644475799824e+00
1.437675020705267759e+00
1.453007875135782001e+00
1.426049720677989630e+00
1.422541218531340412e+00
1.433962926779718483e+00
1.413266878725221165e+00
1.374620929618985521e+00
1.391118023694506212e+00
1.374937175502570774e+00
1.404001802662006693e+00
1.392551110607330944e+00
1.361413865638325449e+00
1.350175802161120542e+00
1.338952216712448351e+00
1.329471393968803872e+00
1.339435898196982500e+00
1.338881702847000588e+00
1.341655280556587559e+00
1.327627144140999471e+00
1.329325866690908686e+00
1.325899245372406776e+00
1.315164096188711440e+00
1.297135846993527464e+00
1.315176377377162753e+00
1.284982654068667518e+00
1.260644149826485094e+00
1.268950978546855790e+00
1.252532385712104235e+00
1.231042521443380444e+00
1.223045567448404203e+00
1.196455378199088315e+00
1.180166932909136213e+00
1.152246881384040966e+00
1.136440178792242683e+00
1.092151440359441894e+00
1.072380996001973452e+00
1.072203059305733008e+00
1.083671322488344524e+00
1.081334098617886541e+00
1.080160470787810079e+00
1.094009432922655511e+00
1.072958148461572669e+00
1.071819164355444221e+00
1.070955389695688931e+00
1.082025888336276553e+00
1.067527780218814337e+00
1.052546677417150578e+00
1.033398107599326599e+00
1.019139494056811923e+00
1.018707058341984828e+00
1.026614901017487425e+00
1.028683985673214840e+00
1.024033501212892938e+00
1.025764726418500361e+00
1.022385501037911482e+00
1.016856923552415637e+00
1.014567963361027614e+00
1.010135604307296875e+00
9.935203297177078730e-01
9.917065008789791580e-01
9.818054813121807056e-01
9.851826863435065862e-01
1.003831816920305320e+00
1.015041703584432575e+00
1.026271693127564832e+00
1.027198671981000011e+00
1.030154071191937915e+00
1.042511763260888902e+00
1.042409816207222617e+00
1.041580011895149038e+00
1.042338577471963790e+00
1.037883270169094097e+00
1.028393094067054259e+00
1.021965181099677933e+00
1.011347112151637306e+00
9.951259957401453748e-01
9.866816307741808068e-01
9.629417785498339821e-01
9.502468340356500232e-01
9.338348762266300840e-01
9.340796383160887562e-01
9.303665830508772716e-01
9.333476668528185582e-01
9.362087746416944967e-01
9.463288879190130398e-01
9.755816418687953684e-01
9.831323907908194881e-01
9.956705250693360654e-01
1.010102856212022227e+00
1.020267718013177394e+00
1.023374395493767741e+00
1.013858107978510503e+00
1.018526332015614377e+00
1.020761813149760444e+00
1.023739246542248571e+00
1.024269946964521116e+00
1.016932244795220264e+00
1.012140372259264121e+00
