2.250000000000000056e-01
0.000000000000000000e+00
1.901706704861067521e-01
1.901705405660134574e-01
2.592517682931294032e-01
2.602662006001144057e-01
3.065683993075640768e-01
3.293446496558287140e-01
3.318913951163929843e-01
3.780909710281884495e-01
3.664601038471478889e-01
3.467952906439406013e-01
3.412546590726135420e-01
3.989550270749077088e-01
3.873817883302645981e-01
3.910417702071514734e-01
3.973733583521217860e-01
4.401186368211776334e-01
4.509778008568369745e-01
4.670660362748996763e-01
4.707240246372432213e-01
5.270131515880120965e-01
5.395898205614066967e-01
5.532266588899363846e-01
5.808529139446286793e-01
6.242949633711801782e-01
6.404422728080315652e-01
4.796144621721648016e-01
4.796326240092456672e-01
4.998364142090608309e-01
5.200865355133027501e-01
5.252818159536746245e-01
5.591917818657318184e-01
5.717579314084684228e-01
5.651861267647896314e-01
6.256268003758312934e-01
6.859028510897473563e-01
8.441978417159046177e-01
9.203080047345479908e-01
9.605267221986767412e-01
1.055481421994860503e+00
1.119672472480044867e+00
1.129266693739863214e+00
1.141105466060188256e+00
1.162963969611825021e+00
1.189727604820734808e+00
1.274113832159212034e+00
1.276475799077307904e+00
1.289588615156718188e+00
1.315417548922203750e+00
1.330117244916305452e+00
1.340176618586281343e+00
1.344482106102253161e+00
1.364783009290339688e+00
1.345752332985193478e+00
1.325227674628814745e+00
1.330951133235377837e+00
1.350995976821653066e+00
1.346724680870803104e+00
1.323392253891860104e+00
1.296599584334712230e+00
1.258995559394875841e+00
1.223241027681039705e+00
1.199819572246277444e+00
1.169261138658683530e+00
1.147635457899777833e+00
1.128743261025840550e+00
1.109039525183155961e+00
1.092383735386319499e+00
1.091601162576152806e+00
1.104319661913082395e+00
1.112835629316670794e+00
1.161342007823433553e+00
1.153045888750929837e+00
1.163166625201763171e+00
1.198573407988575701e+00
1.229747375245308749e+00
1.272290738109438157e+00
1.278714921530995641e+00
1.274658530709622539e+00
1.288094951907792218e+00
1.304475496633516807e+00
1.313236692995198407e+00
1.313702399275128219e+00
1.326410805249268243e+00
1.350294744356138832e+00
1.343955681594163343e+00
1.333981829129122776e+00
1.334212403646809930e+00
1.328073296393977420e+00
1.307268782656802797e+00
1.306413614591647843e+00
1.322296400898786528e+00
1.329893519699588467e+00
1.356827377642704002e+00
1.353584262263307636e+00
1.340138226871987692e+00
1.335949322421876362e+00
1.353272176795891735e+00
1.363153330980641620e+00
