2.250000000000000056e-01
0.000000000000000000e+00
3.434452867104443863e-01
3.128392406201092046e-01
4.145605776377611074e-01
4.199734241291204206e-01
4.479429491321364476e-01
4.751391855343386483e-01
5.077617130758893538e-01
5.239982942822738465e-01
5.190298532563325518e-01
5.269583774966113410e-01
5.288167489165509494e-01
5.032966542456761561e-01
5.057746684816182281e-01
5.022695330092596944e-01
5.082306388197266322e-01
5.206059516663072984e-01
5.489958521846550754e-01
5.611630860528731279e-01
5.621536069859799367e-01
5.628474588096613607e-01
5.603188785523371962e-01
5.544183945979257455e-01
5.535731742768240649e-01
5.529430666364054670e-01
5.473209086482629937e-01
5.514748948539345275e-01
5.616106198939416760e-01
5.699964840252964571e-01
5.691192191953907686e-01
5.673228809188924915e-01
5.663885412588730572e-01
5.654303553838407881e-01
5.723720605139643869e-01
5.781303757059844672e-01
5.803056932497131504e-01
5.838492215187868206e-01
5.767181543526540555e-01
5.767632156640779550e-01
5.892468419193144236e-01
5.955571371229677613e-01
5.934553571400185135e-01
5.918564383026921893e-01
5.892508980564891141e-01
5.871667826197106699e-01
5.842237841581103819e-01
5.786442616459113175e-01
5.736580315305149780e-01
5.815974462713924265e-01
5.851099614114646519e-01
5.815127866826118597e-01
5.754483089240733928e-01
5.796430909771803641e-01
5.761047625220223622e-01
5.740841876861663140e-01
5.702367485498928135e-01
5.679936515984719270e-01
5.599942445481956854e-01
5.632729242483442977e-01
5.576881743164312510e-01
5.567711528198810988e-01
5.595565451312194405e-01
5.596178096410534542e-01
5.627873545740736949e-01
5.614633934530071091e-01
5.639705186945830340e-01
5.657063620979049245e-01
5.649556446068998428e-01
5.631936276254432272e-01
5.564151647140869184e-01
5.533214957131142864e-01
5.581260442518793941e-01
5.623587870235355890e-01
5.619138512456401946e-01
5.676990138024752275e-01
5.725867381039440041e-01
5.730200788970243320e-01
5.780085908890122415e-01
5.797711289819174052e-01
5.768177381690122729e-01
5.765214188668492667e-01
5.754042927774003502e-01
5.717289686291827655e-01
5.729653214050723919e-01
5.790664210003279022e-01
5.782288914012122527e-01
5.778700647830076198e-01
5.797385252006387324e-01
5.771574709369777789e-01
5.766422944658146088e-01
5.754961354156882258e-01
5.743255790720779297e-01
5.742630836479274414e-01
5.709812862688413704e-01
5.700788372955901684e-01
5.701668620246470587e-01
5.702851144318169530e-01
5.670637125525993527e-01
5.713948465337350680e-01
