2.250000000000000056e-01
0.000000000000000000e+00
0.000000000000000000e+00
0.000000000000000000e+00
1.817515511420300101e-01
1.646558988211135333e-01
2.112147633401676716e-01
1.970608600635757601e-01
1.975990411466272689e-01
2.341386994911552055e-01
2.392851482930343776e-01
2.356480252154045385e-01
2.741146760768874979e-01
2.799739366254996309e-01
2.789406176246013169e-01
2.810513264574241998e-01
3.247105718603690017e-01
3.328563702952788139e-01
2.917238457517759009e-01
3.324633803034832691e-01
3.314829012092067040e-01
3.190101329053735557e-01
3.193791504552973004e-01
3.504396209698766307e-01
3.461615714209118067e-01
3.652077912745435584e-01
3.504902683377463246e-01
3.912817675406414786e-01
4.099926515160207674e-01
4.016289662422065643e-01
3.882683596007884819e-01
4.420235488087694287e-01
4.361901460573642808e-01
4.101026133393080864e-01
4.247140830895630992e-01
4.524574061745726961e-01
4.340024364463894169e-01
4.495656919778296956e-01
4.820861851204834014e-01
4.694651913894519746e-01
4.874421369493809886e-01
4.853177206862842041e-01
5.103788030278354482e-01
5.152999310306406455e-01
5.097761525485873246e-01
4.998826950277482362e-01
5.431533986340125741e-01
5.417530523187727987e-01
5.360581014617380458e-01
5.402223758334175896e-01
5.787617426081108629e-01
5.818028156572553344e-01
6.005729214187743858e-01
5.950405210371952913e-01
6.256999751430040169e-01
6.261166922509245891e-01
6.284192407032188621e-01
6.014698969353690083e-01
6.475356032223783531e-01
6.413390094486305371e-01
6.269205781083161400e-01
6.440659255364252767e-01
6.644225954622541286e-01
7.597915540994080175e-01
8.084439280306040532e-01
8.292182271738282040e-01
1.086527995231333810e+00
1.137140483336226415e+00
1.161895805009481197e+00
1.174014957089218214e+00
1.199216484982523978e+00
1.233562764227076780e+00
1.231353085871900843e+00
1.242650651706424192e+00
1.254355699381707989e+00
1.263609928658634862e+00
1.285913668555051625e+00
1.296631813067536498e+00
1.287625840126781274e+00
1.275130869031609882e+00
1.256503868358914255e+00
1.252009507215965822e+00
1.241155965986606269e+00
1.219688999787011063e+00
1.230251194910906509e+00
1.255745379577449139e+00
1.243291092385024221e+00
1.220936416308378680e+00
1.199080083952005937e+00
1.181695946584459422e+00
1.151445988230290318e+00
1.119678129385198284e+00
1.088259878907831490e+00
1.062493110976910904e+00
1.079758687304771758e+00
1.079209643512337502e+00
1.158367423634956150e+00
1.218935916474355619e+00
1.237765652718138654e+00
1.244532898605447357e+00
