2.250000000000000056e-01
0.000000000000000000e+00
0.000000000000000000e+00
1.659550467523332740e-01
1.417231013307663490e-01
1.408027303351135351e-01
1.370231492491394143e-01
1.605707045664282184e-01
2.510602815232845231e-01
2.718863459325112641e-01
3.596952939640702396e-01
3.659185316395531240e-01
3.976478565462716053e-01
4.934692878364386748e-01
1.066793993701185439e+00
1.192967590502322262e+00
1.211738731200499686e+00
1.199539956687283970e+00
1.211234089929240865e+00
1.202796730915035583e+00
1.168542022013842052e+00
1.136245623786486636e+00
1.116672717430434725e+00
1.119275613709679096e+00
1.128283302427904866e+00
1.132635673427169642e+00
1.199902808218147765e+00
1.196926852287729215e+00
1.194391179381914636e+00
1.189746195190682698e+00
1.187350778110874305e+00
1.205364433795405477e+00
1.243976876411309274e+00
1.243691136365065786e+00
1.223373886886855777e+00
1.225716418009503705e+00
1.219551613337450657e+00
1.242264964195358701e+00
1.219467095507650534e+00
1.192262327180535042e+00
1.166408740915226838e+00
1.110195922705626836e+00
1.102684586843659220e+00
1.075657988008590804e+00
1.059601907905775242e+00
1.039698378433736581e+00
1.046807252765107998e+00
1.041254933317820264e+00
1.097407519169798951e+00
1.108323525242576935e+00
1.122746390485114931e+00
1.190920910313278736e+00
1.237023591728570793e+00
1.249193421621082711e+00
1.265139431096062639e+00
1.290863275223743001e+00
1.267905795051359696e+00
1.261219248586975317e+00
1.245765856918739090e+00
1.271608986816984199e+00
1.261030556201189867e+00
1.243577183073493186e+00
1.241987981514565131e+00
1.235587635119750338e+00
1.215856222753382676e+00
1.200704685240147507e+00
1.175132576158687936e+00
1.144173479414196448e+00
1.118788713043202820e+00
1.134445563933695000e+00
1.150920596440255350e+00
1.143700362743495624e+00
1.131836187536870986e+00
1.112995188336743047e+00
1.096707284133849658e+00
1.080303643747938303e+00
1.118007053798127926e+00
1.153586349083505880e+00
1.159964176779166856e+00
1.145436986896425591e+00
1.121829314790909526e+00
1.123043349543204839e+00
1.136302524485571341e+00
1.132188270995460710e+00
1.142267779021757024e+00
1.152075646595557501e+00
1.134441852889310098e+00
1.111228238501308807e+00
1.120561769015702591e+00
1.125748022660786773e+00
1.135543083108074613e+00
1.135153548452967787e+00
1.131333518443034425e+00
1.134491088238317458e+00
1.130673993925824350e+00
1.153069198894311143e+00
1.151204451276663043e+00
1.152461059043013991e+00
1.163568309534148471e+00
1.169819506796777153e+00
