2.250000000000000056e-01
0.000000000000000000e+00
0.000000000000000000e+00
0.000000000000000000e+00
0.000000000000000000e+00
0.000000000000000000e+00
0.000000000000000000e+00
0.000000000000000000e+00
0.000000000000000000e+00
0.000000000000000000e+00
0.000000000000000000e+00
0.000000000000000000e+00
0.000000000000000000e+00
0.000000000000000000e+00
0.000000000000000000e+00
0.000000000000000000e+00
0.000000000000000000e+00
0.000000000000000000e+00
0.000000000000000000e+00
0.000000000000000000e+00
0.000000000000000000e+00
0.000000000000000000e+00
0.000000000000000000e+00
0.000000000000000000e+00
0.000000000000000000e+00
0.000000000000000000e+00
0.000000000000000000e+00
0.000000000000000000e+00
0.000000000000000000e+00
0.000000000000000000e+00
0.000000000000000000e+00
0.000000000000000000e+00
0.000000000000000000e+00
0.000000000000000000e+00
0.000000000000000000e+00
0.000000000000000000e+00
0.000000000000000000e+00
0.000000000000000000e+00
0.000000000000000000e+00
0.000000000000000000e+00
0.000000000000000000e+00
0.000000000000000000e+00
0.000000000000000000e+00
0.000000000000000000e+00
0.000000000000000000e+00
0.000000000000000000e+00
0.000000000000000000e+00
0.000000000000000000e+00
0.000000000000000000e+00
0.000000000000000000e+00
0.000000000000000000e+00
0.000000000000000000e+00
0.000000000000000000e+00
0.000000000000000000e+00
0.000000000000000000e+00
0.000000000000000000e+00
2.243735450793981734e+00
2.318842110900412479e+00
2.311823353192843822e+00
2.322722836967718862e+00
2.350482538218423567e+00
2.355259545272795130e+00
2.349794760181865172e+00
2.365916027122888732e+00
2.362173997381740609e+00
2.362787777104625064e+00
2.355830510396504707e+00
2.389140245797826800e+00
2.351030293038621100e+00
2.330017428771632204e+00
2.319131237196440765e+00
2.338576169518701509e+00
2.359046945385662397e+00
2.333730254267659010e+00
2.363384438661420450e+00
2.337379162464499505e+00
2.359116100825263018e+00
2.381965494595410959e+00
2.366293361891658176e+00
2.352693451437182226e+00
2.405800067420710953e+00
2.373156101671908935e+00
2.430354618666806576e+00
2.352875874550658164e+00
2.413011989629367804e+00
2.441700139443692130e+00
2.435770543537131072e+00
2.392394046690744513e+00
2.387625169829741711e+00
2.381509576147709417e+00
2.443325733478588724e+00
2.419142157481776856e+00
2.444173721981328651e+00
2.404054030195160951e+00
2.364163424412820458e+00
2.338309256064599939e+00
2.321006615825892627e+00
2.302641676661415282e+00
2.270860870908571361e+00
2.231731124905860231e+00
