2.250000000000000056e-01
0.000000000000000000e+00
4.932592974141025016e-02
8.374730848976121023e-02
9.862278768134546958e-02
1.237649744927902529e-01
1.222521916535298236e-01
1.475475333768370700e-01
1.639225591999138310e-01
1.760609482905207690e-01
2.043172298200599535e-01
2.105421724202405920e-01
2.401002547370603146e-01
2.477973328342485682e-01
2.809948958453284407e-01
2.899435057333569765e-01
3.104420429369097456e-01
3.235892884516656243e-01
3.436564835420274910e-01
3.611427075312784729e-01
3.827974432157325024e-01
4.013657687304166277e-01
4.245958849093338650e-01
4.440465495647141214e-01
4.302612452811825361e-01
4.223175338475305129e-01
4.701989867471910722e-01
4.831900870192395447e-01
5.528324213333412063e-01
5.829255484001109044e-01
6.076292415739670272e-01
6.310351877512696550e-01
6.678148323901548222e-01
7.038451756658884451e-01
7.219437496409677468e-01
7.292627522741008672e-01
7.400603539581340762e-01
7.440686381218956091e-01
7.438328837507992564e-01
7.395171319249820296e-01
7.375659605912662231e-01
7.344883888954875095e-01
7.300486282013494144e-01
7.268478205638080336e-01
7.195610469392400566e-01
7.129734384249152290e-01
7.051918619466861493e-01
6.909298591737037532e-01
6.818858668886189633e-01
6.625303692138044820e-01
6.539905448019022183e-01
6.368204775377350746e-01
6.291500187604897043e-01
6.305916912650486594e-01
6.266668018701169185e-01
6.370030033941365133e-01
6.164337360030882618e-01
5.977007341855875566e-01
5.776012563554283608e-01
5.737143432384721464e-01
5.724811548258554872e-01
5.524772286028535317e-01
5.513288435659517983e-01
5.541870421576776673e-01
5.373514562559996710e-01
5.150322599659543643e-01
4.944884075185759231e-01
4.747014263953994728e-01
4.623900871741030150e-01
4.404538455659521290e-01
4.301948130035855300e-01
4.196320384627643674e-01
4.159734294410599720e-01
4.530448021047424612e-01
5.036999496395605513e-01
5.263788899444328262e-01
5.489778933131884697e-01
5.718955843076513057e-01
5.823476998709680164e-01
5.936820861002709560e-01
5.948180443466135614e-01
6.080024731353981249e-01
6.186610969829426931e-01
6.271773814883814246e-01
6.388476587486422442e-01
6.490770403185199822e-01
6.541674005032918071e-01
6.588747085343604759e-01
6.659356367990154624e-01
6.781278303726961942e-01
6.864503152663586905e-01
6.932237447077034265e-01
6.987531927818699806e-01
7.030859120974191079e-01
7.055387581811239928e-01
7.072477425645392612e-01
7.087936083363339801e-01
7.130531090523626325e-01
7.150210795838328748e-01
7.146131483602509160e-01
