2.250000000000000056e-01
0.000000000000000000e+00
0.000000000000000000e+00
0.000000000000000000e+00
0.000000000000000000e+00
0.000000000000000000e+00
2.692476432873178172e-02
6.716889703462333716e-02
1.153004486732375627e-01
1.641416831219678907e-01
1.604994212327712222e-01
2.140140855672737208e-01
5.260842105748509967e-01
5.724807718209554697e-01
6.099325276592423295e-01
6.384374451336991552e-01
6.443071231537158550e-01
5.783478452378602030e-01
6.105673882902785676e-01
6.380964630086748413e-01
6.225986407126594679e-01
6.264342028109338711e-01
6.163090136573297073e-01
6.227950650075882999e-01
6.179111825143138725e-01
6.187388568943678058e-01
6.250391531607422113e-01
6.336869032327135942e-01
6.269879750171984956e-01
6.352861251689712052e-01
6.346481571329594118e-01
6.273777955646082649e-01
6.246682085191149758e-01
6.281452791518448153e-01
6.260376172830561803e-01
6.244709073911057784e-01
6.211537857916272776e-01
6.237451838712705365e-01
6.282416099156932221e-01
6.346446123368292280e-01
6.430997450632691681e-01
6.520567673391663988e-01
6.554783463964102275e-01
6.509684294142390470e-01
6.531281140634035420e-01
6.527564447823117622e-01
6.525701559707420829e-01
6.465378703389030868e-01
6.476918865976468709e-01
6.488707425486880398e-01
6.544878304769101707e-01
6.490175061020523328e-01
6.535900730762711497e-01
6.501276150397616860e-01
6.564813381517901059e-01
6.605131333573747154e-01
6.647945567351897234e-01
6.651633927316958905e-01
6.639052026938224715e-01
6.652098954243210738e-01
6.656086240149264865e-01
6.729661193024844001e-01
6.734094756269597415e-01
6.704280333088176169e-01
6.730664382168892734e-01
6.754673932392400992e-01
6.734426985657409048e-01
6.682778944807967747e-01
6.692707374545086019e-01
6.695394456462956390e-01
6.720854437855191543e-01
6.733091542363638382e-01
6.674269363522541409e-01
6.680419697681692082e-01
6.692032475297400307e-01
6.693395085220502638e-01
6.673232246759116526e-01
6.678284019375789748e-01
6.671880582762549361e-01
6.669191325883986332e-01
6.681890707333770774e-01
6.644168957404813503e-01
6.583935349500129597e-01
6.515017140337224788e-01
6.464545569128534730e-01
6.422161719195440543e-01
6.398913890866746446e-01
6.415750556621611089e-01
6.401478965273746935e-01
6.435567225459183360e-01
6.439426148866754795e-01
6.441436241525453354e-01
6.481587306973698448e-01
6.498725748687826931e-01
6.536835010867790841e-01
6.588325442934420684e-01
6.623725051122725249e-01
6.630095072532883327e-01
6.633455199906954647e-01
6.674768019689957255e-01
