2.250000000000000056e-01
0.000000000000000000e+00
0.000000000000000000e+00
0.000000000000000000e+00
0.000000000000000000e+00
0.000000000000000000e+00
0.000000000000000000e+00
0.000000000000000000e+00
0.000000000000000000e+00
0.000000000000000000e+00
0.000000000000000000e+00
0.000000000000000000e+00
0.000000000000000000e+00
0.000000000000000000e+00
0.000000000000000000e+00
0.000000000000000000e+00
0.000000000000000000e+00
0.000000000000000000e+00
0.000000000000000000e+00
0.000000000000000000e+00
0.000000000000000000e+00
0.000000000000000000e+00
0.000000000000000000e+00
0.000000000000000000e+00
0.000000000000000000e+00
0.000000000000000000e+00
0.000000000000000000e+00
0.000000000000000000e+00
0.000000000000000000e+00
0.000000000000000000e+00
0.000000000000000000e+00
1.889843772783627585e-01
1.889843326927545530e-01
1.889842966552397752e-01
2.054477792805269598e-01
2.014037756294745074e-01
2.005608904914848167e-01
1.434565248698107087e+00
1.698827798545019752e+00
1.790666657296478892e+00
1.811632074807216775e+00
1.812027308049763530e+00
1.763236066142576108e+00
1.769976700528147928e+00
1.688442673496215685e+00
1.629713143812607345e+00
1.555988308325611635e+00
1.510403323922020258e+00
1.429101596322677636e+00
1.348700477037087619e+00
1.291122685594421116e+00
1.215878023570347466e+00
1.129043618593484011e+00
1.058495016839744451e+00
1.043678719949876932e+00
1.023592188724331997e+00
9.831282615310515949e-01
9.238343464233275126e-01
8.860687213875564350e-01
8.443823560563156194e-01
8.311303804017219354e-01
8.337459768581974018e-01
8.182456723725798353e-01
8.002485914999363237e-01
7.861477352325815238e-01
7.742237611864131175e-01
7.728955676784582396e-01
7.938042082808921540e-01
8.685408417545296134e-01
9.412501932010014505e-01
9.926278823075642688e-01
1.037301523786367863e+00
1.100705350768425017e+00
1.138109871487507307e+00
1.160957332552042809e+00
1.161203443885374220e+00
1.177775201299552599e+00
1.189339295044580691e+00
1.202466556033934930e+00
1.200604604297941247e+00
1.204980404725523924e+00
1.226587051498743808e+00
1.231219473578898160e+00
1.227551613937030828e+00
1.218347316223384214e+00
1.210332893804613841e+00
1.220707487416217374e+00
1.220441526436153445e+00
1.217513652545069158e+00
1.221423124818130201e+00
1.217138300913707782e+00
1.215599814811734625e+00
1.218361988996058187e+00
1.208266839344755095e+00
1.204332420020130634e+00
1.210981435386816907e+00
1.203336893251327311e+00
1.201648844914052550e+00
1.200644149639081615e+00
1.206234639044903689e+00
