2.250000000000000056e-01
0.000000000000000000e+00
0.000000000000000000e+00
0.000000000000000000e+00
0.000000000000000000e+00
0.000000000000000000e+00
0.000000000000000000e+00
0.000000000000000000e+00
0.000000000000000000e+00
0.000000000000000000e+00
0.000000000000000000e+00
0.000000000000000000e+00
0.000000000000000000e+00
0.000000000000000000e+00
0.000000000000000000e+00
0.000000000000000000e+00
0.000000000000000000e+00
0.000000000000000000e+00
1.936268486466015792e+00
1.921290561777476258e+00
1.913551816144885231e+00
1.909220529014080459e+00
1.908807427733498985e+00
1.906378644201794925e+00
2.370739485848976980e+00
2.395289948223559673e+00
2.410750025519282858e+00
2.397579887673024768e+00
2.415302116860477355e+00
2.409793428459016784e+00
2.396683022145557729e+00
2.389382395980788054e+00
2.393569908443971439e+00
2.382170098307143657e+00
2.363572104506015847e+00
2.356018398191909391e+00
2.342352734975666984e+00
2.322323742059813068e+00
2.287855471553700504e+00
2.259137701120118358e+00
2.250928821392243595e+00
2.257303528690140837e+00
2.225745073429606258e+00
2.184389166815712269e+00
2.176261943681693456e+00
2.184258704630432035e+00
2.139130010855625486e+00
2.148373850734108359e+00
2.125571667706954937e+00
1.938756779167611022e+00
1.837153889059908174e+00
1.740891399245108051e+00
1.681189130738368176e+00
1.629621898354298493e+00
1.547488085608793806e+00
1.534199086088212649e+00
1.469391395739513273e+00
1.442480661022054855e+00
1.398121211557496135e+00
1.358707797302396658e+00
1.350815542644977718e+00
1.314782733425895467e+00
1.305336195847986325e+00
1.270285595696318603e+00
1.241693969428378841e+00
1.232003473352170753e+00
1.235745860265402563e+00
1.259912445571643502e+00
1.326162835329535827e+00
1.308021921063698301e+00
1.336169473848722422e+00
1.330918556975358547e+00
1.514496717159042438e+00
1.558649300440258845e+00
1.600902174343894480e+00
1.610946733954353061e+00
1.618649910395268732e+00
1.613677149565466706e+00
1.613798940340847921e+00
1.652151264253071794e+00
1.634021048902176698e+00
1.656752873047502073e+00
1.599525564863367721e+00
1.647576328032174464e+00
1.641135541864860325e+00
1.598099924461210408e+00
1.653837044780198884e+00
1.608134850549628458e+00
1.605092973470024553e+00
1.622418055642432133e+00
1.643481654051689222e+00
1.703543166198546288e+00
1.676701057112062854e+00
1.777161449946224048e+00
1.750435391945233343e+00
1.742593498136137731e+00
1.805157037270188169e+00
1.915423159739519487e+00
1.902862089345452423e+00
1.889825045415697957e+00
