2.250000000000000056e-01
0.000000000000000000e+00
0.000000000000000000e+00
0.000000000000000000e+00
4.453839848061484641e-02
4.453839848061484641e-02
7.006510873381233129e-02
7.054891131347323929e-02
7.099369335510152812e-02
7.602192763165875611e-02
7.421901725656868121e-02
7.694043313371536075e-02
1.112197155805733639e-01
1.130894024700820760e-01
1.147515550257961481e-01
1.191102626738110293e-01
1.204246428879572062e-01
1.709634338299781953e-01
1.752643445305346603e-01
1.699829743776199165e-01
1.715924953250068385e-01
1.735084185559720715e-01
1.742849503873737105e-01
2.286402541918780285e-01
2.330880278015481366e-01
2.370289137702034643e-01
1.653602198872420048e-01
1.616472525463094334e-01
1.533534333101230773e-01
3.492153585377560376e-01
3.364159809728216044e-01
3.584179406604308671e-01
3.914348091702797294e-01
4.614720156587573952e-01
4.458262027541809447e-01
4.647475836520790216e-01
4.781134486497670144e-01
4.941466722881506235e-01
5.877652812819506023e-01
6.210406956355559727e-01
6.415247682514454430e-01
7.975377701318999701e-01
8.248161742442977618e-01
8.500952826165976139e-01
9.017906133051216688e-01
9.027225044250039021e-01
9.250812602673459395e-01
9.759709199129976698e-01
9.884500112984913045e-01
9.791787321070598571e-01
9.976499165414818293e-01
1.012054898293024419e+00
9.952267210370426831e-01
1.041965444024579357e+00
1.067182001730055729e+00
1.098908676824960740e+00
1.110920375082906864e+00
1.135846241050556760e+00
1.163796345636132434e+00
1.164842551096988643e+00
1.153072163033490138e+00
1.133235822683351657e+00
1.102699910825215124e+00
1.077656840267104066e+00
1.074134503044801292e+00
1.122525163401706605e+00
1.113312257170322450e+00
1.065699009183300738e+00
1.038507917918223500e+00
1.032901104347800691e+00
1.024726695534902587e+00
1.045366902116996899e+00
1.034871078450785076e+00
1.047136361999131182e+00
1.052254756005818637e+00
1.063827186899230837e+00
1.061138982680692067e+00
1.064843449009086118e+00
1.064207276826635962e+00
1.059993280151991790e+00
1.069317839733875397e+00
1.057786637894396309e+00
1.077920253661711625e+00
1.085039695718187369e+00
1.099105862039725157e+00
1.097828020840864172e+00
1.109332160625857489e+00
1.113173920887845947e+00
1.103487164957828170e+00
1.096654184106388596e+00
1.089703711912943351e+00
1.103897425588971748e+00
1.101003985496767479e+00
1.093036871531891885e+00
1.095440051838408424e+00
1.100353980467873694e+00
1.091208043453157028e+00
1.095352309206327757e+00
1.084825305319235822e+00
1.065526493551710807e+00
