2.250000000000000056e-01
0.000000000000000000e+00
0.000000000000000000e+00
8.976480415505204424e-02
2.805226133786972165e-01
3.656572841519997175e-01
3.783389582636657034e-01
3.380613072127326424e-01
3.637606690924478081e-01
4.328901097999399150e-01
6.534804562492563251e-01
6.834394700366891451e-01
7.178623364920454497e-01
7.760919166421659243e-01
8.309435178602980754e-01
8.246463943539271702e-01
8.456874388823915067e-01
8.556432470573772653e-01
8.348001876105509700e-01
7.998374292693423149e-01
8.358038288625297962e-01
8.339594537181047595e-01
8.380834913482622106e-01
8.338809618554986480e-01
8.476086398986952819e-01
8.407627501316681240e-01
8.983594392040572529e-01
9.348576499073605328e-01
9.781196274510526312e-01
1.036288788647021786e+00
1.053922289853993277e+00
1.100922699078421774e+00
1.106799383577714790e+00
1.088308271262683480e+00
1.092800774950265730e+00
1.098176659999144711e+00
1.089167049954943511e+00
1.088704845450961800e+00
1.104160290454505144e+00
1.105235779711616129e+00
1.102973192178387407e+00
1.098112932740302528e+00
1.093124045216947504e+00
1.086825659463473093e+00
1.077597824354834088e+00
1.083992000100578501e+00
1.096363090239945048e+00
1.076358324884594930e+00
1.088911760588039401e+00
1.088589422804434603e+00
1.097591805001323140e+00
1.094465008443866294e+00
1.096302779864899879e+00
1.095279190388067425e+00
1.088550353581430929e+00
1.093136754515754872e+00
1.107698704970077053e+00
1.107700753318908049e+00
1.112925491806048939e+00
1.113642447459548546e+00
1.117445097896051731e+00
1.113853368411324096e+00
1.104351273632096175e+00
1.090438356397144704e+00
1.094129641943651476e+00
1.084140711230234144e+00
1.084474215750949266e+00
1.089157685212371440e+00
1.092869167987385426e+00
1.091013853335869310e+00
1.086585695665233109e+00
1.084584423329187919e+00
1.068817413455991350e+00
1.061369508286197805e+00
1.060810358775986950e+00
1.061974536384743040e+00
1.087413525959481264e+00
1.094341809634717499e+00
1.101051174741256133e+00
1.108538654745432561e+00
1.108254951827298163e+00
1.100036765631960511e+00
1.089731379621328156e+00
1.081032499351782361e+00
1.079159627829568535e+00
1.080170550661436746e+00
1.078632548342171482e+00
1.083399462284059922e+00
1.080097632645490968e+00
1.078243388213262710e+00
1.067332219548625005e+00
1.058087188458133987e+00
1.054744200998066761e+00
1.059439589121446090e+00
1.071345466461613105e+00
1.075767130674202932e+00
1.075367537766483528e+00
1.080330946338677212e+00
1.078851219991476151e+00
1.087870121166296888e+00
