2.250000000000000056e-01
0.000000000000000000e+00
0.000000000000000000e+00
0.000000000000000000e+00
0.000000000000000000e+00
0.000000000000000000e+00
0.000000000000000000e+00
0.000000000000000000e+00
0.000000000000000000e+00
0.000000000000000000e+00
8.613968146904343870e-02
1.389576988784682887e-01
1.774968353999712145e-01
2.190107703222635982e-01
2.159059052997059636e-01
2.179845014888096288e-01
2.440115197474920228e-01
2.703872044229153060e-01
2.942555877734400749e-01
3.042650837841658351e-01
3.358458970089751028e-01
3.642138735198019450e-01
3.797559297958296165e-01
4.112543475521661107e-01
4.420045742060251248e-01
4.568453587335633559e-01
4.811097756985480145e-01
4.925754307830973455e-01
5.112026568640134494e-01
5.330609895073831206e-01
5.652434005776026948e-01
5.549567868888765076e-01
6.095599156173400202e-01
6.058051904500622031e-01
6.237495532928882813e-01
6.162152346019672544e-01
6.384233240911930674e-01
6.896449228799862441e-01
7.082249162596706560e-01
7.711562378854649458e-01
8.140868436924504348e-01
8.080687710673994939e-01
8.270302393089565829e-01
8.422085189018105877e-01
8.885284327804686688e-01
9.188448813350126310e-01
9.624128415438214512e-01
9.797824747103996978e-01
9.909825417453504981e-01
9.988074649130800342e-01
1.016639425338062619e+00
1.025294462338531831e+00
1.048048950642510579e+00
1.072465604275520734e+00
1.100054313242714521e+00
1.115537440516014112e+00
1.110766219702420843e+00
1.112641008005303078e+00
1.097605091244594044e+00
1.101719690832245524e+00
1.100798283341424044e+00
1.112708838026149394e+00
1.123333764037556248e+00
1.106566816462023040e+00
1.093703454538893505e+00
1.090051566217533408e+00
1.090244855551993464e+00
1.084169974817582371e+00
1.087955392845371350e+00
1.100157510045836284e+00
1.111408632595489498e+00
1.114772714955583943e+00
1.105142358072013220e+00
1.099649444399512843e+00
1.093232268295903475e+00
1.089375389086513213e+00
1.087644832616329715e+00
1.079413557422797876e+00
1.065031725523168049e+00
1.060171935145536093e+00
1.060151654442675007e+00
1.051892908788944148e+00
1.056991073921056845e+00
1.063176759644308023e+00
1.066079512790184980e+00
1.059025310501816142e+00
1.059679751230629074e+00
1.064342647965797362e+00
1.069299525728110156e+00
1.074854556275233186e+00
1.069780822389920782e+00
1.067456061019185665e+00
1.065606378759534678e+00
1.073271977313295045e+00
1.071062768093055340e+00
1.069897695823624373e+00
1.068009822786347485e+00
1.065635931094435884e+00
1.062245803394104460e+00
1.068294729699754475e+00
