2.250000000000000056e-01
0.000000000000000000e+00
0.000000000000000000e+00
0.000000000000000000e+00
0.000000000000000000e+00
0.000000000000000000e+00
0.000000000000000000e+00
0.000000000000000000e+00
0.000000000000000000e+00
0.000000000000000000e+00
0.000000000000000000e+00
4.037746010028840926e-01
4.037746010028840926e-01
4.037746010028840926e-01
4.037746010028840926e-01
6.804738280227063951e-01
1.739672838197027893e+00
1.627462332364999709e+00
1.705616717673216653e+00
1.572866740001270358e+00
1.614538421100812471e+00
1.541614485208385288e+00
1.481520465894560212e+00
1.519224982835116089e+00
1.514977378021916676e+00
1.471599979249085921e+00
1.463084480893748207e+00
1.571128142552531637e+00
1.569186374910951809e+00
1.655717129007262756e+00
1.706826972348943761e+00
1.752441856584882940e+00
1.793200427381648421e+00
1.764407833419348703e+00
1.755763215206204153e+00
1.726279258561436381e+00
1.705976819181751925e+00
1.686120812277240866e+00
1.665344374411425576e+00
1.650876438252030898e+00
1.633294948001530633e+00
1.607774679677145269e+00
1.549771352178512807e+00
1.550979124587383629e+00
1.544187468614578229e+00
1.562744179465100913e+00
1.611281112079121947e+00
1.649432895744646466e+00
1.695761824668956530e+00
1.646008606258623219e+00
1.618355564959328641e+00
1.590700248358774216e+00
1.590336392201405991e+00
1.586699364874635476e+00
1.551763167623294359e+00
1.564209137379479087e+00
1.581479030470018365e+00
1.602766717944795083e+00
1.580278144220443215e+00
1.561490108537999966e+00
1.558278130765546221e+00
1.596447637247302653e+00
1.623483975724573591e+00
1.624457223909487658e+00
1.626628224384884192e+00
1.675903880036020421e+00
1.690220475774149245e+00
1.664098295942831429e+00
1.659607058438194338e+00
1.634650259615568535e+00
1.625290695083596582e+00
1.609989082123767679e+00
1.584606179982424257e+00
1.559378895905808360e+00
1.534933415726603245e+00
1.516682597481400219e+00
1.534224660457663703e+00
1.524438169708983937e+00
1.551251305738143405e+00
1.574666365539513668e+00
1.598363751667084776e+00
1.609901682849267823e+00
1.639962455340558733e+00
1.652103832073853695e+00
1.650897979313703079e+00
1.659391275650254904e+00
1.674602752169052078e+00
1.664268768640011498e+00
1.673044642436326113e+00
1.678346742382692769e+00
1.699014797953813716e+00
1.678532295078949632e+00
1.688855928901554337e+00
1.697152783134957099e+00
1.707649949088192898e+00
1.711558324364505390e+00
1.732094965134666431e+00
1.749292200344541692e+00
1.750950358690091191e+00
1.744196819632224393e+00
