2.250000000000000056e-01
0.000000000000000000e+00
0.000000000000000000e+00
0.000000000000000000e+00
0.000000000000000000e+00
0.000000000000000000e+00
0.000000000000000000e+00
0.000000000000000000e+00
0.000000000000000000e+00
0.000000000000000000e+00
0.000000000000000000e+00
0.000000000000000000e+00
0.000000000000000000e+00
0.000000000000000000e+00
0.000000000000000000e+00
0.000000000000000000e+00
6.403626894979389528e-01
7.707880069808857870e-01
7.702504092950014369e-01
8.312081105732450625e-01
9.048994401492649331e-01
8.647175210221154096e-01
8.264416546793039720e-01
7.512036850805918764e-01
6.090461952041731353e-01
5.643970791572773260e-01
6.251476625392111686e-01
7.073259897183804545e-01
7.119315630312599286e-01
7.180347388807513109e-01
7.131185484651311191e-01
7.107265047530388902e-01
7.255987987424565855e-01
7.284457952785470258e-01
7.492760249750700652e-01
7.690630084390888133e-01
7.741364778272961100e-01
7.860745319843892576e-01
7.828889956037705655e-01
7.922006018469667232e-01
8.003905800011054117e-01
7.983950247163945635e-01
8.147901375269259727e-01
8.087684890069599675e-01
8.266060892444547781e-01
8.406680276979473510e-01
8.524015328064791230e-01
8.646387196363395367e-01
8.682334270332683346e-01
8.841681922411021022e-01
8.819312821888897203e-01
9.049620871152006529e-01
9.190683559216591414e-01
9.195257205121282196e-01
9.116746728366150743e-01
8.792260442804258336e-01
8.171790600658855874e-01
8.182089345897241017e-01
8.228304820231341354e-01
8.113664081333639144e-01
8.067671837675063351e-01
8.233988718420316433e-01
8.366962635566118633e-01
8.426134087448501342e-01
8.406263853808562114e-01
8.319079641170992190e-01
8.293270051565091450e-01
8.155063011378755888e-01
8.164877612938693519e-01
8.244059203230368338e-01
8.425913247167271525e-01
8.539612865643257944e-01
8.656736528758698368e-01
8.779629836256646058e-01
8.733761109746968065e-01
8.843529725773400241e-01
8.912941413409557478e-01
8.959985104966156078e-01
9.040784423251077007e-01
8.960525304522310996e-01
8.968335754581417962e-01
8.894578542267126409e-01
8.906591085135886487e-01
8.901584380698408516e-01
8.897655639060630950e-01
8.813780344835303593e-01
8.781716653596212119e-01
8.919561898118664178e-01
8.883720184598706826e-01
8.899811557713217525e-01
8.853729639550226294e-01
8.730357788758525972e-01
8.697620970748078939e-01
8.810322610133931587e-01
8.883990041323347464e-01
9.067279913405840164e-01
9.033858645060824921e-01
9.204404821645275625e-01
9.191977535976927349e-01
9.268561539283528550e-01
