2.250000000000000056e-01
0.000000000000000000e+00
0.000000000000000000e+00
0.000000000000000000e+00
0.000000000000000000e+00
1.256132457397902691e-01
3.682186664933916886e-01
4.533456311699260444e-01
6.392420168792934954e-01
8.232185605775256265e-01
8.959259778600334734e-01
9.585480721435857276e-01
9.628043906977087341e-01
1.023749913785568122e+00
1.041589571088168631e+00
1.014964134037543264e+00
1.006030169016442155e+00
9.977274699387761459e-01
9.953950502784139065e-01
9.980001713840005451e-01
1.013952824876710013e+00
1.052308759542039729e+00
1.054982763593267370e+00
1.058898053075182588e+00
1.063488517102028519e+00
1.072191704509748877e+00
1.069542458363589077e+00
1.096319069520151679e+00
1.103315300060592863e+00
1.094698674524852589e+00
1.073662357291720548e+00
1.020862837024046677e+00
1.010162974826423143e+00
1.009724051895326324e+00
1.034926197572838991e+00
1.030901267141902666e+00
1.039798772832969842e+00
9.957123915596115538e-01
9.775676776236891241e-01
9.712809069135205364e-01
9.826184277778877707e-01
1.010778107963778760e+00
1.019935306836177835e+00
1.027689558973122086e+00
1.050508010103542889e+00
1.073319044492053731e+00
1.091962904498939846e+00
1.099828443321049454e+00
1.070692541476601312e+00
1.049530436057621863e+00
1.037984372026855784e+00
1.043426519883279058e+00
1.059106963295712855e+00
1.047766977100476948e+00
1.047588123747286826e+00
1.062441355964345080e+00
1.071366912177122988e+00
1.060919783356008894e+00
1.046409494525449846e+00
1.044114782862458624e+00
1.049560832530285648e+00
1.059489086687940729e+00
1.081488247333178165e+00
1.096062395263647016e+00
1.105032799871052740e+00
1.093548064290345900e+00
1.086165005837159470e+00
1.086255025114515549e+00
1.079898357024619227e+00
1.072588736169830304e+00
1.049720805804864154e+00
1.047725318113489790e+00
1.039681608478788544e+00
1.021000037244740311e+00
9.770862334502979918e-01
9.569083088977536899e-01
9.678977120382936672e-01
9.726835812423340055e-01
9.709450559513582713e-01
9.664318326252491209e-01
9.477812469562125752e-01
9.460167335599046767e-01
9.504103404703725388e-01
9.744532852548332125e-01
9.946613480527292106e-01
1.018486105939746755e+00
1.048173733999724799e+00
1.062915502741347495e+00
1.076445724085960620e+00
1.083684356673104032e+00
1.071232577306751255e+00
1.065139584070321055e+00
1.060617323763040742e+00
1.059977456442684485e+00
1.053927514329153992e+00
1.042053199748386172e+00
1.019657257907015335e+00
1.005438774842175587e+00
9.970007995934353495e-01
1.005430505705548372e+00
