2.250000000000000056e-01
0.000000000000000000e+00
0.000000000000000000e+00
0.000000000000000000e+00
7.466103159676379386e-01
8.564062146847971624e-01
7.779664845883070834e-01
7.889762089857480509e-01
6.610121969706050926e-01
6.473122756831136693e-01
6.653493928489992992e-01
6.331312733133138693e-01
5.829722319246539719e-01
5.643651855066409428e-01
5.670841530173977851e-01
5.520476247930620195e-01
5.598657154528927649e-01
5.866898834027719500e-01
5.975642638677030050e-01
6.156350389715183891e-01
6.244143415542876552e-01
6.768373721646177010e-01
6.867160858779765009e-01
7.856701293413289600e-01
8.400502626705608211e-01
8.583140266799913487e-01
8.230649222721097003e-01
8.385370700211530748e-01
8.464052219831280643e-01
8.457996365896334190e-01
8.348709808133264465e-01
8.412407410541875574e-01
8.489197700483744891e-01
8.628337684600285717e-01
8.600652162008085577e-01
8.719553013740843905e-01
8.661410274143868104e-01
8.654156840382319915e-01
8.614487941909497737e-01
8.630791403945111684e-01
8.600313388853711993e-01
8.607482942644689716e-01
8.465998527749719615e-01
8.465089022246666817e-01
8.373156432469253119e-01
8.414595923769258023e-01
8.437993582724242492e-01
8.382144570225615876e-01
8.408879057447200545e-01
8.525896051158177169e-01
8.562828195507636853e-01
8.588405828685568011e-01
8.546618715617296802e-01
8.529361247067627216e-01
8.498556823554529460e-01
8.454107769560876839e-01
8.483220855520722248e-01
8.575371153555250148e-01
8.573379628672862518e-01
8.520233697595180899e-01
8.429674485088241020e-01
8.338753757457327831e-01
8.260518309325535213e-01
8.115762926419194390e-01
8.058369555865330103e-01
8.012525022132288566e-01
8.041927749607624687e-01
7.986854456708284422e-01
7.977371066869836103e-01
8.011437157845422430e-01
8.126313512152405494e-01
8.123028662108275899e-01
8.258576701049339386e-01
8.383981482858959833e-01
8.437268307199378148e-01
8.505960874153047913e-01
8.464900203300274040e-01
8.417959286334063540e-01
8.513423707274652141e-01
8.504174921354726857e-01
8.518001545156499432e-01
8.501969497137756848e-01
8.504719153198205817e-01
8.492747510680959122e-01
8.525474748840603523e-01
8.499092566695102269e-01
8.465953960168305370e-01
8.428663603282046113e-01
8.453618852825161012e-01
8.393300610297103059e-01
8.390345256333004986e-01
8.420773620790263925e-01
8.438061085044504805e-01
8.475180129206357771e-01
8.509588137857787560e-01
8.545549831602822222e-01
8.493557874354296100e-01
8.510301082311709786e-01
8.569651617548315059e-01
8.570911575712837349e-01
