2.250000000000000056e-01
0.000000000000000000e+00
0.000000000000000000e+00
0.000000000000000000e+00
9.093227142998112633e-01
9.074084538443624171e-01
8.941905241263290449e-01
8.788652640715340914e-01
8.776585581558444815e-01
8.631780098618638819e-01
8.755822682675696855e-01
8.366953558763597920e-01
9.012387221458662001e-01
8.890823188820792256e-01
9.033465179222791575e-01
8.779121402657091844e-01
8.352781038807702840e-01
8.602195932790293043e-01
8.488035835100820048e-01
8.557412251332580100e-01
8.293366933722604584e-01
6.737744298260940345e-01
6.480241225136252892e-01
6.276939141658330890e-01
6.544620202607386306e-01
6.900846792151295039e-01
7.347296263528753091e-01
8.154446405251071228e-01
8.272990288471328002e-01
8.447743005512847736e-01
8.727496681754520758e-01
8.803357917796453824e-01
8.928035719910938361e-01
8.878909375872477971e-01
8.706952111923950133e-01
8.802619030872782524e-01
8.546977554868691040e-01
8.359248628139790416e-01
8.349337685430922029e-01
8.220610086636407354e-01
8.464417300055478988e-01
8.554491806225658079e-01
8.651473570432599569e-01
8.648012070456725375e-01
8.585192871803201120e-01
8.663350486428545993e-01
8.634166988833841261e-01
8.526140495955731868e-01
8.567294950698197686e-01
8.723460547435381018e-01
8.641995683579939413e-01
8.500698019307189046e-01
8.563651022706197935e-01
8.392056617744066971e-01
8.288977639214374360e-01
8.391499625430998144e-01
8.283556546669486043e-01
8.243205302170321103e-01
8.223273038836584892e-01
8.254173909917923435e-01
8.350299731420627314e-01
8.447984043922536213e-01
8.406764341136615526e-01
8.412471201099078755e-01
8.318713634791961020e-01
8.503707156805918599e-01
8.621511256124689826e-01
8.670338170943459044e-01
8.839387736168986542e-01
9.101385085850760559e-01
9.189578560296320919e-01
9.299367931937306819e-01
9.439214192639955314e-01
9.478184827651117139e-01
9.571092483355236880e-01
9.692589361501269263e-01
9.713836972718428164e-01
9.583623259416393925e-01
9.432883725642491335e-01
9.319520502214279079e-01
9.322630069528210495e-01
9.361432345961547830e-01
9.349036486269188817e-01
9.303991957899176990e-01
9.290512562961942278e-01
9.155915278670334612e-01
9.123011620654185583e-01
9.124948135546770978e-01
9.045154563447411755e-01
9.056855658919416019e-01
9.044726454884076672e-01
9.090319646969151623e-01
9.127077000826216979e-01
9.105889975064020980e-01
8.847877109011530461e-01
8.755140216811900800e-01
8.628290891663896733e-01
8.614536486354550382e-01
8.486700378753245788e-01
8.351642138817486627e-01
