2.250000000000000056e-01
0.000000000000000000e+00
0.000000000000000000e+00
0.000000000000000000e+00
2.316992308906658249e-01
2.312805527468828615e-01
2.806739096271276268e-01
2.761884795394466408e-01
3.246886394246945584e-01
3.115910061677950038e-01
3.264712403772004889e-01
3.626277386373789047e-01
3.563502065676159569e-01
3.723030726374645383e-01
3.680051664749240392e-01
3.935432146718959578e-01
3.965937217394537861e-01
4.044366469341892922e-01
4.288287400976357189e-01
4.321786333046394590e-01
4.457638669753011262e-01
4.394521707600548277e-01
4.826023665307143662e-01
4.775817288378750858e-01
4.946767802980178153e-01
5.023214470828039069e-01
5.404934420559839303e-01
5.310237151190035920e-01
5.571491655109210850e-01
5.585442288961901536e-01
6.614319644178043855e-01
7.760297997681787630e-01
8.520666968396555241e-01
9.006074273203584779e-01
9.356190309073109113e-01
9.562071506055814796e-01
9.775280825545511476e-01
1.009530651318503836e+00
1.029861181646650747e+00
1.034349954130704852e+00
1.050429587350864002e+00
1.068835602744661495e+00
1.080607905402625857e+00
1.090933121352465118e+00
1.099050443352901585e+00
1.074402466967192105e+00
1.075600186925344426e+00
1.064916456945153023e+00
1.053802190540344297e+00
1.027608092143581731e+00
1.021092526982067650e+00
1.018695273151048353e+00
1.012718606418044232e+00
1.020131562546720660e+00
1.021879690071089142e+00
1.014053277575583945e+00
9.983034378111849128e-01
9.862144591661577975e-01
9.855956088426082173e-01
9.823349269499487280e-01
9.715421496750138441e-01
9.629673450465322526e-01
9.593287216797937722e-01
9.578704499849729492e-01
9.581859557260182791e-01
9.645301788731954762e-01
9.654849717698781308e-01
9.644548647548220055e-01
9.594410123629139031e-01
9.522741438319496377e-01
9.543265978748010081e-01
9.498515352781070620e-01
9.414178877837920956e-01
9.384302908175490288e-01
9.406047741733599699e-01
9.453954028828095435e-01
9.544048757880136957e-01
9.570765662187483702e-01
9.669222543306683626e-01
9.690664290874930753e-01
9.719421542176105433e-01
9.736397849637966617e-01
9.804697435513732851e-01
9.799827360711054203e-01
9.838627660677190523e-01
9.855811668940028802e-01
9.781321421574633579e-01
9.776183098325177401e-01
9.788584454038060656e-01
9.797048787595716846e-01
9.861394958422788903e-01
9.897196789840240205e-01
9.857299352470392240e-01
9.822232492987523766e-01
9.811371327404860843e-01
9.818323295112431071e-01
9.801460362727953957e-01
9.807062079234017959e-01
9.805014791245021399e-01
9.823572695972691005e-01
