2.250000000000000056e-01
0.000000000000000000e+00
8.182258831392702492e-01
7.665083023798251460e-01
8.056948145277572637e-01
7.883507537419516265e-01
7.784364183724387098e-01
7.944101405477516087e-01
7.891088661919051228e-01
7.685867499023345539e-01
7.757130145110006092e-01
7.773915981095564920e-01
7.493983126376739801e-01
7.487230699418185864e-01
7.581989266893670587e-01
7.526870558461988825e-01
7.704105269912275844e-01
7.887716867782431640e-01
8.045090721233949527e-01
7.795503473902811731e-01
7.978949252311214879e-01
8.652857454404500048e-01
9.023614484381851097e-01
8.938427611297327102e-01
9.658910270849080382e-01
9.924427627689125231e-01
9.811100201225103623e-01
9.661615626480370977e-01
9.659727475004623587e-01
9.992049596865091310e-01
9.942869720165675718e-01
9.901370973017715738e-01
9.804404202864367424e-01
9.678585846821945449e-01
9.551649686136038930e-01
9.501663702001770240e-01
9.391921441076371835e-01
9.334565858791005200e-01
9.187145177507198834e-01
9.119752756939413230e-01
8.916816987749170975e-01
8.833924056274248260e-01
8.757400203057034149e-01
8.688374852268083703e-01
8.627467321945009315e-01
8.574799130091634858e-01
8.530071819464493110e-01
8.492682001157125793e-01
8.461843178611148097e-01
8.436692208842383467e-01
8.416369621322978833e-01
8.400072320080941290e-01
8.387082653569000179e-01
8.376779893119969955e-01
8.368641889456457372e-01
8.362240998533762015e-01
8.357220123485700203e-01
8.353281327603122586e-01
8.117881880896258284e-01
7.331172383693789207e-01
7.341885799171385951e-01
7.508853791194075589e-01
7.808490701632641029e-01
8.805888023788213115e-01
9.182909180274049232e-01
9.107344953970435419e-01
8.946550668068340428e-01
8.638534990350689169e-01
8.305987583941983887e-01
8.147173083334910970e-01
8.303396975529711010e-01
8.671250955418405848e-01
8.693486052903444117e-01
8.892726174283164253e-01
8.726688249944916098e-01
8.578282281945304177e-01
8.372522524086664086e-01
8.791033815334798884e-01
8.622918966513650751e-01
8.446605947631078415e-01
8.367076700188561533e-01
8.263681831030629255e-01
8.236660062384942860e-01
8.518445135248183808e-01
8.450349607115129613e-01
8.596387735053356849e-01
8.692756554165780303e-01
8.879080677439770142e-01
9.109097641062176010e-01
9.259506594667263890e-01
9.566023744819552865e-01
9.540383669347575202e-01
9.470879791777385703e-01
9.480847785276468320e-01
9.465055394595223159e-01
9.341420737761989557e-01
9.285720291018695338e-01
9.107803497606515863e-01
8.998014384009449529e-01
8.876409464340569988e-01
