2.250000000000000056e-01
0.000000000000000000e+00
0.000000000000000000e+00
1.746609087887561196e-01
1.804029182202922243e-01
1.780159081881625971e-01
2.232151816964661473e-01
2.516308467028794404e-01
2.544846893899209150e-01
2.552344987535196119e-01
3.142963882207861492e-01
3.188691710105182597e-01
3.151198234109288121e-01
3.626873483421598765e-01
3.537225537651259577e-01
3.815168345324975174e-01
3.800014700193877770e-01
3.614893345815962111e-01
3.712534099942043087e-01
3.861769163154388229e-01
4.358154979714699562e-01
4.574022736498431496e-01
6.121361240948184346e-01
7.323124909225972035e-01
7.266476603882939811e-01
7.238264468553138320e-01
7.182165235650511681e-01
6.987117253251126092e-01
7.221815700109974756e-01
7.357986915630235769e-01
7.681996184229668012e-01
7.858229018140505673e-01
8.525816488655535430e-01
8.697886064378516080e-01
8.744777815882124328e-01
8.809773921374760564e-01
8.858464081907987397e-01
8.872015531707795333e-01
9.148749004343389446e-01
9.164301642140864068e-01
9.122991585599043995e-01
9.086310801678348925e-01
9.107812818179347181e-01
9.048293984226150055e-01
9.210140705768075087e-01
9.141768802724108411e-01
9.204696544171543371e-01
9.126847710700074501e-01
9.056416617052029938e-01
8.929148460080154059e-01
8.986676895257260655e-01
9.141566962731045853e-01
9.198711818010811836e-01
9.252379735613839307e-01
9.227610237614480848e-01
9.233118429164354213e-01
9.150853901603280827e-01
8.975821874482339258e-01
8.858685536600197086e-01
8.854091859658963504e-01
8.775808095175695600e-01
8.706387687165058065e-01
8.678336166410262065e-01
8.893478695402116108e-01
9.042261134458537963e-01
9.078904772085288899e-01
9.107626615106063639e-01
9.159018667703320293e-01
9.180330205396644017e-01
9.267142496550722086e-01
9.234219365931407575e-01
9.147190015675130681e-01
9.088226591530046417e-01
9.079119015120307168e-01
9.041607604812516019e-01
9.074777102443639665e-01
9.059469895934507688e-01
9.053829343390980000e-01
9.077538312941049181e-01
9.201967671755663103e-01
9.183019857905304617e-01
9.141205206122178240e-01
9.142318080149601789e-01
9.061804838347222724e-01
9.016696191396573745e-01
9.095523608125527515e-01
9.006635182094769876e-01
9.006172056247219171e-01
8.972361457110005212e-01
8.925299750243236296e-01
8.880170846032956478e-01
8.812481257404548574e-01
8.810358023752874468e-01
8.800852872928544013e-01
8.712393841525426508e-01
8.805139365417804509e-01
8.787768740361758812e-01
8.774543697746355342e-01
8.708937479572425033e-01
8.639427041981636579e-01
