2.250000000000000056e-01
0.000000000000000000e+00
0.000000000000000000e+00
1.471019431890446816e-01
2.485660637330861789e-01
2.416560813353724191e-01
2.974906943247618285e-01
2.984921234497669995e-01
2.997174351227677724e-01
3.520233217497141243e-01
3.401981340911242047e-01
3.344810357363038333e-01
3.804633744456490385e-01
3.862209877623953291e-01
3.963320896316281927e-01
4.343368617675851806e-01
4.487679237185404069e-01
4.624747126338836778e-01
4.744137313007454892e-01
4.421609744478006143e-01
4.393882629190067335e-01
4.534218202835256228e-01
4.333156189856436358e-01
4.323674349989213295e-01
4.491731966757796513e-01
4.240319761112749108e-01
4.440152988333344042e-01
4.567549966241715720e-01
4.554792970965654830e-01
4.817050191680187776e-01
5.094485130967748576e-01
5.400482398980951393e-01
5.665182490749078870e-01
5.848410581680176801e-01
6.096676087417906009e-01
7.066576459164213286e-01
7.837960839873540086e-01
9.203629236735382246e-01
9.811175225733054228e-01
9.782776370306199842e-01
9.777805457905350828e-01
9.866568728388058762e-01
9.868005270533910522e-01
1.031641198884965194e+00
1.011891731515083492e+00
9.916086525788749828e-01
9.835230524093505622e-01
1.002149760572130566e+00
1.008791706026530788e+00
1.015210829964529271e+00
1.030490597531876551e+00
1.043982795892046012e+00
1.062163356917622314e+00
1.069112685106644367e+00
1.081308680189986493e+00
1.083147057840653460e+00
1.057492326630842250e+00
1.029427208462857513e+00
1.024893207264999440e+00
1.051783747783810119e+00
1.065214354827196619e+00
1.073151944743924613e+00
1.090136765977222533e+00
1.081840098540487682e+00
1.104538234323398926e+00
1.116783756240028680e+00
1.113156264362458181e+00
1.119582825704215079e+00
1.111460446328349505e+00
1.119624141261791106e+00
1.117209133939400578e+00
1.105666353307895644e+00
1.104347163470121629e+00
1.119445238860541147e+00
1.102920716661436984e+00
1.097291390609688388e+00
1.082610697186218829e+00
1.089492313953187130e+00
1.080904390299448847e+00
1.092260606610645945e+00
1.102091565188468847e+00
1.121474725967699815e+00
1.147434869080465880e+00
1.173080879664392118e+00
1.161912623477926232e+00
1.162589211414155610e+00
1.194090660500854773e+00
1.201007667407009150e+00
1.198014439948293264e+00
1.193209619238399188e+00
1.198092143943141563e+00
1.213560442792346983e+00
1.218625814201347080e+00
1.235528201521739255e+00
1.263803718689639810e+00
1.276437126304552194e+00
1.287649148102149033e+00
1.284749467284470370e+00
1.274895350055357923e+00
1.251348225817348281e+00
