2.250000000000000056e-01
8.663054389640859054e-02
8.028847829511821799e-02
9.381942635664636265e-02
1.412466430788378857e-01
1.402768584398181584e-01
1.488523105689459058e-01
1.984169924833922294e-01
2.018395609489629927e-01
2.109944215038951632e-01
2.116342409792840717e-01
2.134463922106358269e-01
2.475808834258489133e-01
2.327402225600826158e-01
2.347336988922992806e-01
2.179078239385137949e-01
2.167439405620259496e-01
2.667838171798280755e-01
2.745686304846017833e-01
2.723086237900490536e-01
2.736546703699232475e-01
2.849895250052095763e-01
3.393049306369868567e-01
3.360132748225899690e-01
3.457333516852431621e-01
3.303951599830082242e-01
3.210685554166297639e-01
3.682903905404443790e-01
3.604283747144430561e-01
3.658105760718976529e-01
3.608291897622501465e-01
3.654691227249998176e-01
3.867107835585485431e-01
3.952087792407952271e-01
3.900634443883366220e-01
3.865627572990670835e-01
3.743301480744194998e-01
4.176968429806692251e-01
4.175496329658814343e-01
4.147403689592046305e-01
4.107320940180638758e-01
4.134568660196219492e-01
4.703229243864007203e-01
4.660064140446584791e-01
4.672250576274543654e-01
4.693775427962793567e-01
5.327561330242109872e-01
5.437053690802754469e-01
5.536003108619999002e-01
5.700483642293645570e-01
5.965705064664811319e-01
6.339647680924050954e-01
8.471288979976042688e-01
8.861807800966260418e-01
9.286366908793503017e-01
9.044947858575634880e-01
9.061791932667510041e-01
9.338629736000636505e-01
9.878484329753520754e-01
1.067681956321086645e+00
1.081319233972892757e+00
1.103238687418353958e+00
1.082011988589507867e+00
1.094193055362871370e+00
1.104796935196098229e+00
1.120730577602900402e+00
1.116309306003734791e+00
1.121908694250844718e+00
1.121709162466192566e+00
1.152236497486416322e+00
1.111885334123161151e+00
1.108373902805793509e+00
1.074510050388925553e+00
1.050226392581923074e+00
1.070964582898551010e+00
1.065102358325612286e+00
1.055507736917673967e+00
1.029842104759721044e+00
1.005868398104709405e+00
9.729830064316705718e-01
9.708706222451333190e-01
9.399537007727665205e-01
8.871264502427455012e-01
8.626490550191494577e-01
8.442366314014825290e-01
9.014699841148816617e-01
8.829990922129709041e-01
8.965315571482380674e-01
8.261509059334587457e-01
8.038541177734477294e-01
8.452972072872958487e-01
8.657669042724264186e-01
8.638631989366765129e-01
8.965773859552838010e-01
8.951123236973502761e-01
9.029080029952774034e-01
9.175003960995816721e-01
9.358181249610914021e-01
9.550390051100846600e-01
9.602530717090682622e-01
