2.250000000000000056e-01
0.000000000000000000e+00
0.000000000000000000e+00
0.000000000000000000e+00
0.000000000000000000e+00
8.526920646448562513e-01
8.182896389087770395e-01
7.922573912884388614e-01
7.587469074016547355e-01
7.442574755223347882e-01
7.317359008625375916e-01
7.206369190082864140e-01
7.155748721081703900e-01
7.109651570776528429e-01
7.068645657141590100e-01
7.020968902662431121e-01
6.244790535082602734e-01
5.483943927656640405e-01
5.082601509165134424e-01
5.278266150847540361e-01
5.725968169916453299e-01
6.049448904391542259e-01
6.327334872137255761e-01
6.884263542034403383e-01
6.993776106136363468e-01
7.190401542150123282e-01
7.361672228883195945e-01
7.600946359400482244e-01
7.806165112649362525e-01
7.910172345551967910e-01
7.952446506052058828e-01
7.967691649540697973e-01
7.971005214359710989e-01
7.906889527370813964e-01
7.846505628861508708e-01
7.797279485372931029e-01
7.717852423102511406e-01
7.659085235974590899e-01
7.550892161256758106e-01
7.470439726831555882e-01
7.163081678282814391e-01
6.542112011733733912e-01
6.118707706115585898e-01
5.658888728390455425e-01
5.186123765551429177e-01
4.790338226612517736e-01
4.567596337266809914e-01
4.475329561587859106e-01
4.515414765434657696e-01
5.747287065618613688e-01
6.715071770676624974e-01
6.825799022245772063e-01
6.785926697559101495e-01
6.695598608861381695e-01
6.551301705091380212e-01
7.089908471681566349e-01
7.393458207162107998e-01
7.528226979116033890e-01
7.408928373652144961e-01
7.290290174851622451e-01
7.211097094620184667e-01
7.126833483990430151e-01
6.941895176989193450e-01
6.895860898861656541e-01
7.100711141195245046e-01
7.027465627234575907e-01
6.972954226978080872e-01
7.065038426138136041e-01
7.212008019392838198e-01
7.322609831800040991e-01
7.479891845299915243e-01
7.635111537466000575e-01
7.774655695984973303e-01
7.847685108243810381e-01
7.861174138216968643e-01
7.851258680176749216e-01
7.792795568870757306e-01
7.650903787214717866e-01
7.603461288439438137e-01
7.668429700574398433e-01
7.696616046987552195e-01
7.739747343822795944e-01
7.751799005603732251e-01
7.762392849194086342e-01
7.673708473755601611e-01
7.601129089149184503e-01
7.624359738089723226e-01
7.530786020973665451e-01
7.400902914350223627e-01
7.348465495642979572e-01
7.198295427116730982e-01
7.208482300477928595e-01
7.101559829182476635e-01
7.060543929488767301e-01
7.027813960535399529e-01
6.823258348629995806e-01
6.654572389488766504e-01
6.642590190295140085e-01
6.727013315268539628e-01
6.754146543394059510e-01
