2.250000000000000056e-01
0.000000000000000000e+00
0.000000000000000000e+00
0.000000000000000000e+00
1.551061003813316130e+00
1.423969646034648040e+00
1.471666476458271422e+00
1.485374039096907683e+00
1.516910301029267272e+00
1.489876201685370383e+00
1.457471569381820542e+00
1.445587096347631384e+00
1.423790124769317211e+00
1.380715462100635449e+00
1.334300527709008310e+00
1.302668456450078338e+00
1.274973834919630455e+00
1.245028098132611838e+00
1.240765353371217294e+00
1.243816144232882115e+00
1.226755670639353868e+00
1.201678012666112627e+00
1.158974310287166132e+00
1.100593407384555134e+00
1.047192386868736502e+00
1.016042321673985560e+00
9.885374719871155014e-01
9.690219594424483995e-01
9.555200404617890664e-01
9.437965221004083194e-01
9.337885598606628923e-01
9.253727581655821766e-01
9.183884534414834544e-01
9.126577366460844054e-01
9.080009741006993540e-01
9.042476259651721637e-01
9.012428411496351544e-01
8.988506648523579834e-01
8.969547925519477660e-01
8.954577266284217130e-01
8.942790248798740960e-01
8.933531413457534986e-01
8.926271897785434950e-01
8.920588262816357972e-01
8.916143522035434588e-01
8.912670758130045723e-01
8.909959335955887072e-01
8.907843516009278373e-01
9.679490459815734971e-01
9.375943076351801464e-01
9.879969175368157330e-01
1.100131276844189765e+00
1.143656762966540619e+00
1.254100798750765744e+00
1.252847820201302476e+00
1.278744755547539969e+00
1.330385198446742967e+00
1.324944942691186345e+00
1.343080508322763489e+00
1.347513931724213965e+00
1.335486212528629979e+00
1.336885346755161574e+00
1.346488164173710533e+00
1.316335987025649246e+00
1.296801960703833689e+00
1.277920841553413123e+00
1.264710036736431897e+00
1.253004281881246351e+00
1.247207295800462523e+00
1.236416354306486776e+00
1.221908047759395100e+00
1.218956963186437648e+00
1.213796692501461605e+00
1.209364437304011330e+00
1.202260472645088507e+00
1.185499128774767374e+00
1.156407642837884220e+00
1.134071321528260512e+00
1.116883926870537502e+00
1.099329280526562869e+00
1.074438436069956593e+00
1.056414832247211777e+00
1.036025328907650644e+00
1.025553621979289343e+00
1.015836633716776571e+00
1.018312939923683658e+00
1.023934032479611123e+00
1.042063125679189683e+00
1.060324665690508317e+00
1.072178066833837429e+00
1.081111478465299980e+00
1.087111435923310276e+00
1.090750928184322177e+00
1.102813385701059357e+00
1.111785401569368226e+00
1.124836000090027932e+00
1.135197310638283330e+00
1.147187156558888477e+00
1.141947068073328575e+00
1.134369673683688795e+00
