2.250000000000000056e-01
0.000000000000000000e+00
1.455528823613928824e-01
1.483974732113915451e-01
1.847953300890056716e-01
2.058899376369825729e-01
2.284543175112768998e-01
2.338628595083903916e-01
2.753504709394087313e-01
2.826163177432317042e-01
2.891465493174191215e-01
3.283931787794650559e-01
3.424998250413476275e-01
3.458453117318286973e-01
3.739494428362430956e-01
4.008063555328141847e-01
3.326607306790703156e-01
2.922531396142882820e-01
3.150298385874681362e-01
3.021375893008271252e-01
3.212151015932223630e-01
3.283519959824833800e-01
3.477246804279064407e-01
3.052761334739316768e-01
2.912569245781074789e-01
3.018058478112076726e-01
3.197391456285862965e-01
3.184782422257639301e-01
3.433682990206385344e-01
3.480023134693591702e-01
3.804752556639540151e-01
3.943083963364136801e-01
4.127940357335396215e-01
4.302916533902494955e-01
4.446979109244528217e-01
4.819195501878740240e-01
4.922450303045233233e-01
5.075804348492974905e-01
5.335265154968972245e-01
5.577170533255475515e-01
5.727595998446173287e-01
5.701784421318302210e-01
6.168478794332507009e-01
6.146166515737672142e-01
6.314854594472065763e-01
6.730635616736604376e-01
6.904037212485371056e-01
6.942089601798477894e-01
6.967604588180257297e-01
7.182968889194438766e-01
7.285156019435209407e-01
7.416283751858270268e-01
7.185393963164093956e-01
7.793689451497520793e-01
7.801803000399182286e-01
7.696955806622783891e-01
7.946808339777123864e-01
7.845835140085333226e-01
7.743846581281673691e-01
7.924128219902190073e-01
7.952733537834399957e-01
8.218984230931949408e-01
8.402546979931577731e-01
8.572990227903912741e-01
8.612400200090514213e-01
8.225024504093041422e-01
8.130574545889373006e-01
8.100472437167663964e-01
7.907700525232499444e-01
7.839951523944522771e-01
7.829694821746319144e-01
7.902107846470344255e-01
7.942195500407246422e-01
7.921525605367552014e-01
7.854315167093666172e-01
7.845689377367386363e-01
7.879204275090293530e-01
7.994910001587310910e-01
7.961719469782639891e-01
7.931809256428919985e-01
8.068426016290577429e-01
8.041615631361411776e-01
8.089099582902318231e-01
8.210757471578254973e-01
8.189382396350922688e-01
7.966179866965248380e-01
7.904886351998025029e-01
7.910433071541375094e-01
7.844789085597808631e-01
7.857506702081741290e-01
7.778117052033954870e-01
7.880060974340873381e-01
8.000790507581463373e-01
8.090752949616609735e-01
8.156156067276859600e-01
8.318600735735726115e-01
8.468324525438150063e-01
8.599247182656963862e-01
8.848540605987771368e-01
8.897116712039386810e-01
