2.250000000000000056e-01
0.000000000000000000e+00
0.000000000000000000e+00
0.000000000000000000e+00
0.000000000000000000e+00
0.000000000000000000e+00
8.616394157860192138e-01
8.616394157860194358e-01
8.433605845916657406e-01
8.434759555543857035e-01
8.384891660152797854e-01
8.828085015778484035e-01
9.185415745767537832e-01
9.863833061568663130e-01
1.027232380946361712e+00
1.012680699187451516e+00
1.106865805924509782e+00
1.141385732376204887e+00
1.149380553066916999e+00
1.251480292601828914e+00
1.256097764581197040e+00
1.360660500296760889e+00
1.081565922273850289e+00
1.037225446054561351e+00
1.044855676831932145e+00
1.127683341605195233e+00
1.479045933451383243e+00
1.755629881209323839e+00
1.838547481225253799e+00
1.909938544904562718e+00
1.890518143247919225e+00
1.927905872878095561e+00
1.822779317943630462e+00
1.684594311872329220e+00
1.683037425871652060e+00
1.663790096536239993e+00
1.646951360843021517e+00
1.613100180093329783e+00
1.629429079975800887e+00
1.653317252692708461e+00
1.615480708835169255e+00
1.895436602276796556e+00
1.880500348011545420e+00
1.942504297947165171e+00
1.955915967461320681e+00
1.930332997444347054e+00
1.980307311066173748e+00
2.064899939449017285e+00
1.975100544459466256e+00
1.883541062824689361e+00
1.917175124190890756e+00
2.048072491568766029e+00
1.996236757203473822e+00
2.036806320165656992e+00
2.054977386798491512e+00
2.046144198223506017e+00
2.002588460244087987e+00
1.947976630706937495e+00
1.916808539781716725e+00
1.898010432707333273e+00
1.973105089536108192e+00
1.946878130604419166e+00
1.887835962165969272e+00
1.873755303989701915e+00
1.861487934898603758e+00
1.842837283216517186e+00
1.870018828304873981e+00
1.960308748633261322e+00
2.040981440748174780e+00
2.062702862271050375e+00
2.081863966798980226e+00
2.122044393966937115e+00
2.125235239143623556e+00
2.117643166943407262e+00
2.137472153710546774e+00
2.118244288951010024e+00
2.108796538599644332e+00
2.146051215956832792e+00
2.149978164665275138e+00
2.138283919237775610e+00
2.114236929243174856e+00
2.080120147353141213e+00
2.094602847367970089e+00
2.118364355686289446e+00
2.155953649647202486e+00
2.148481583898746994e+00
2.130670650408291511e+00
2.104731386387513226e+00
2.113268305905730227e+00
2.098748818308848740e+00
2.102105491913246471e+00
2.115933331091957470e+00
2.135534079397671370e+00
2.137924468394160282e+00
2.122911026934013901e+00
2.125508532726148481e+00
2.140913599433015513e+00
2.130803129395284490e+00
2.129371344955432122e+00
2.132460704298742460e+00
