2.250000000000000056e-01
0.000000000000000000e+00
0.000000000000000000e+00
0.000000000000000000e+00
9.732598649808987812e-01
8.210378215190171636e-01
7.060879275101922259e-01
5.878488667300331150e-01
5.753224878349667559e-01
5.600281984448294281e-01
5.336028898738620629e-01
4.979643795737498380e-01
5.166424892933206836e-01
5.936705310452308204e-01
5.983723813940048375e-01
6.029793039176017944e-01
6.072844291048675736e-01
5.678472669298475495e-01
5.594811705053037709e-01
5.857432347559661245e-01
6.803437869730353249e-01
6.557837003710769164e-01
6.848969660372020707e-01
6.311286477835845732e-01
6.491392068930210701e-01
6.411191953187506121e-01
6.052216275633397480e-01
6.089819930840898454e-01
6.010966422329078185e-01
5.948494663052734666e-01
5.790088894243704543e-01
5.635057433064822874e-01
5.472270036420456840e-01
5.865804184084089101e-01
5.858540076877136737e-01
5.866756923733760232e-01
6.357475714968089386e-01
6.130004212016106901e-01
6.090031209146284930e-01
6.105217175854676936e-01
6.278038281997175840e-01
6.164027836964236506e-01
6.006667590397595236e-01
6.425011452298152737e-01
6.230812467966767576e-01
6.008215219749876157e-01
6.338973883907927931e-01
6.222242490562079897e-01
6.185749826803985663e-01
6.164551415570559412e-01
6.146122250197373349e-01
6.068669303355920253e-01
6.098561906390652654e-01
6.225015805228066856e-01
6.235401061542844570e-01
6.103360453348690706e-01
6.168194584548879478e-01
6.014918131342998908e-01
6.122001010097971596e-01
6.203923372847137685e-01
6.084486513888853754e-01
6.058021650523687240e-01
6.153572691142650264e-01
6.257638835414948142e-01
6.127024016399430506e-01
6.055207274233912473e-01
6.143308400018014925e-01
6.136668989461214752e-01
6.102131581150500583e-01
6.147770619072467913e-01
6.165662983217050641e-01
6.052539109862518085e-01
6.079394065993023455e-01
6.117672359016004258e-01
6.160822039434590280e-01
6.074408552889015711e-01
6.255808734668402149e-01
6.309723892165651771e-01
6.218532969799173138e-01
6.304209602466612772e-01
6.317349057336051343e-01
6.318884833998126282e-01
6.315806666679999459e-01
6.307778177623608595e-01
6.302588622976915689e-01
6.270821067532704740e-01
6.230146553381790131e-01
6.173157182728082892e-01
6.123601024388892755e-01
6.058832917551041364e-01
5.993691426201123162e-01
5.934563470838871702e-01
5.831844238574800388e-01
5.788335376810822552e-01
5.723755901098401822e-01
6.032567099838688218e-01
6.864714544627381621e-01
5.932643964522490432e-01
5.616650177779188846e-01
5.470485780853509006e-01
