2.250000000000000056e-01
0.000000000000000000e+00
0.000000000000000000e+00
0.000000000000000000e+00
0.000000000000000000e+00
0.000000000000000000e+00
0.000000000000000000e+00
0.000000000000000000e+00
0.000000000000000000e+00
0.000000000000000000e+00
0.000000000000000000e+00
0.000000000000000000e+00
0.000000000000000000e+00
0.000000000000000000e+00
0.000000000000000000e+00
0.000000000000000000e+00
0.000000000000000000e+00
0.000000000000000000e+00
0.000000000000000000e+00
0.000000000000000000e+00
6.359643139537597689e-02
1.045070966115462241e-01
1.098659783481293062e-01
1.429002645470457411e-01
1.622826339121238304e-01
1.853728067653704348e-01
2.030830579484853293e-01
2.320303421978633651e-01
2.423857059529708757e-01
2.606128934858872315e-01
2.949226288838638910e-01
3.174301202601450544e-01
3.463518477649451532e-01
3.643178263421064655e-01
4.081334253477242879e-01
4.815283993398916107e-01
4.874913599537228359e-01
4.659070576935631647e-01
4.655743481098410519e-01
4.521429699024153148e-01
4.443815419473015060e-01
4.803834485185412562e-01
4.995105464877488410e-01
5.042463212719575649e-01
5.011938567844400616e-01
5.108790781029141082e-01
5.493765379618144040e-01
5.642502273850605876e-01
5.880220338651611645e-01
5.963740342448967668e-01
6.080390017160848259e-01
6.111936217384953407e-01
6.159386166961778875e-01
6.176604244977228486e-01
6.300706540840204095e-01
6.148281419997583264e-01
6.011842647988636656e-01
6.101587003443460500e-01
6.069255210487489727e-01
6.101513327810924592e-01
6.090390419410370848e-01
6.105633921127140429e-01
6.151141092964608204e-01
6.181937274647526515e-01
6.210171671034214746e-01
6.165366530556605218e-01
6.166708563234040152e-01
6.085863061987205613e-01
6.051429934494206853e-01
6.017560643996422431e-01
6.006285228525485298e-01
6.011126853818921090e-01
6.027914342325979558e-01
6.013586477740923142e-01
6.030162343442883044e-01
6.066432881222050266e-01
6.133910417679970806e-01
6.116730535051105866e-01
6.162665759655846509e-01
6.219771180617543749e-01
6.218814107784836898e-01
6.217122001266448539e-01
6.206183665363033120e-01
6.121561813032548871e-01
6.067006599731030736e-01
6.052181832087127900e-01
6.057516855353364260e-01
6.037456405699443973e-01
6.040345815453068701e-01
6.069075659388696309e-01
6.084356377734494448e-01
6.132332287654805869e-01
6.154096737021907959e-01
6.170597774781479972e-01
6.154711255272805603e-01
6.149753075823810589e-01
6.149105776264377488e-01
6.160767957665839178e-01
6.179736745302163436e-01
6.172938827514885540e-01
