2.250000000000000056e-01
0.000000000000000000e+00
0.000000000000000000e+00
0.000000000000000000e+00
9.403311913885882556e-02
9.404288291669020416e-02
9.405222492784089117e-02
9.404445950811513022e-02
1.208150024368341846e-01
1.218357718808705664e-01
1.399476027534267697e-01
1.415568421515127628e-01
1.805991352869686928e-01
1.844428753010269872e-01
1.873510536263451598e-01
1.898139221096719065e-01
2.434394301534081317e-01
2.186388109923085576e-01
2.192730718493467179e-01
2.195906050177374724e-01
2.725738630008876506e-01
2.599762449861194313e-01
2.790958613486829165e-01
2.816254826059920724e-01
3.220039062721146705e-01
3.268309010915103618e-01
3.262549136466897926e-01
3.290911793701107313e-01
3.410877816740733870e-01
3.831125804035567795e-01
3.706058976020083495e-01
3.730132543186893135e-01
3.741065443419466230e-01
4.160629313361969839e-01
3.599856165718841039e-01
5.236649034440520323e-01
6.048632404675932106e-01
6.473073103100557280e-01
6.553090667989358575e-01
9.874718680862716313e-01
1.093564654827369420e+00
1.136932809133936573e+00
1.116424161346108113e+00
1.104253500838916713e+00
1.101729616715612314e+00
1.055959937394089998e+00
1.123530980869722251e+00
1.124345096953414114e+00
1.075835010827681515e+00
1.057751739686789039e+00
1.034913519867653120e+00
1.039498325581360794e+00
1.028829347129089911e+00
1.025916207503411171e+00
1.001873305408376158e+00
1.008567250109883684e+00
9.920924453568690238e-01
9.834634518533843517e-01
9.797802071302031957e-01
9.978863684752204977e-01
9.868121543533417972e-01
9.550740370768090459e-01
9.628782076863183770e-01
9.384894911241374871e-01
9.804441060803368302e-01
9.688420618791263594e-01
9.573931118337229984e-01
1.045579854280400012e+00
1.090965791316795386e+00
1.151960195352669247e+00
1.246873497080970061e+00
1.343868173726541659e+00
1.351465637005283993e+00
1.353771169494741411e+00
1.354229825336480397e+00
1.337895653290831266e+00
1.353817157210140509e+00
1.320020176997053429e+00
1.314928802100290062e+00
1.326205039554239073e+00
1.309902916041566945e+00
1.317185398611661284e+00
1.386569293087301702e+00
1.414763153464448475e+00
1.456966529220443007e+00
1.466734374921821127e+00
1.459946573403426928e+00
1.449055515636371139e+00
1.448723665645157865e+00
1.440519557816164919e+00
1.431318172054475202e+00
1.432271359051928261e+00
1.439278702834922097e+00
1.460183494082988531e+00
1.480101307439375402e+00
1.488278884096809085e+00
1.492895136800884037e+00
1.511949337911635771e+00
1.507717406450814535e+00
1.510371798904376117e+00
