2.250000000000000056e-01
0.000000000000000000e+00
0.000000000000000000e+00
0.000000000000000000e+00
0.000000000000000000e+00
7.154558435207228895e-01
7.154558435207228895e-01
6.433303614585158536e-01
1.202658033730415799e+00
1.172406076674257447e+00
1.106082961933955167e+00
1.073439316850757441e+00
1.002131389499147041e+00
9.613362205547659745e-01
9.250840811624452265e-01
8.701486345405651246e-01
8.033493870039031259e-01
7.762909596859005612e-01
6.939106345267735954e-01
5.771396367753690582e-01
4.970718509815824637e-01
5.014079611073074538e-01
5.360072094313031998e-01
5.457204095748479089e-01
5.756698378813395189e-01
6.038620821101524649e-01
7.019371786415282699e-01
7.948134197956948643e-01
8.172776327049411371e-01
8.412004972931083069e-01
8.151923478554176095e-01
7.905812685977550158e-01
8.102121388246626976e-01
7.142950520429902639e-01
6.895552505582093206e-01
6.419694503362297633e-01
6.238949291487060345e-01
6.556100210963847763e-01
6.354549808516842813e-01
6.506698732192316426e-01
6.492573250270549101e-01
7.275401543357031819e-01
7.396984756253236482e-01
7.729202369659872174e-01
8.094054700642066003e-01
7.835119928858964578e-01
7.700594733798165059e-01
7.739493257612255483e-01
7.628833972124350327e-01
7.621319538440085584e-01
7.911435684756573661e-01
7.672935300938422687e-01
7.754426556645739321e-01
7.791643889935491174e-01
7.655465988049403592e-01
7.449004909331689017e-01
7.611763825305133402e-01
7.288288209456708078e-01
7.122853123080464810e-01
7.061128679689375742e-01
7.010827126639005424e-01
7.142763045801647781e-01
7.699689602673821520e-01
7.734624636161164801e-01
7.703710158786889473e-01
7.547227555608986282e-01
7.373248183018932256e-01
7.251299798956221121e-01
7.232336784740396318e-01
7.399355587994781436e-01
7.300622077653058373e-01
7.117801999275098490e-01
6.943301142088167399e-01
6.917993459083805474e-01
7.078294301544230116e-01
7.079936791422563047e-01
7.245707555593008387e-01
7.415600535141548821e-01
7.661753504054037434e-01
7.702350053968334276e-01
7.791939146284301287e-01
7.866152693205864521e-01
7.796423442221221967e-01
7.754181452164227162e-01
7.655462543761252237e-01
7.672960931977742538e-01
7.534121377169722411e-01
7.499179567755619447e-01
7.298484056295843070e-01
7.123519693749333914e-01
7.223362037883174214e-01
7.282157423974737753e-01
7.430846218322071373e-01
7.508139835481537627e-01
7.560171226814383916e-01
7.568104359067197029e-01
7.372708352230564754e-01
7.334348972441636638e-01
7.481897042966505484e-01
7.497627178535012371e-01
