2.250000000000000056e-01
0.000000000000000000e+00
1.660323615496737126e+00
1.652852456170044837e+00
1.767142823487185987e+00
1.740553108160297624e+00
1.707664358672035698e+00
1.709419820539075374e+00
1.664658834138831978e+00
1.675677276404594407e+00
1.690404560626139530e+00
1.657478742503369906e+00
1.587459540047509332e+00
1.532055032109137516e+00
1.480632787843091380e+00
1.443471172949413184e+00
1.383888464790414385e+00
1.331601891989241171e+00
1.280344322369525001e+00
1.254390686265433041e+00
1.227389017423999862e+00
1.199366775861893109e+00
1.183801608367806457e+00
1.171011813278148628e+00
1.161831517250537127e+00
1.132506342870189586e+00
1.182521619680397151e+00
1.205509534153533124e+00
1.197100335592045317e+00
1.196961952504233873e+00
1.191033325713815927e+00
1.263986427842302529e+00
1.280972532646281969e+00
1.272828381496098560e+00
1.240675087277989475e+00
1.218150349540282784e+00
1.214675378942922102e+00
1.202566394947433892e+00
1.204968948206391000e+00
1.213863954412911950e+00
1.214277652819802933e+00
1.222917450744318346e+00
1.251093270771320043e+00
1.261014991462157786e+00
1.271879790190431292e+00
1.293392660124715654e+00
1.376191056672072310e+00
1.380798802629167321e+00
1.384775888702950430e+00
1.392728551820455518e+00
1.404525533858752784e+00
1.399546023784778992e+00
1.373933836313248724e+00
1.368175563670397388e+00
1.370532594440763807e+00
1.336803896019556737e+00
1.315445142217900099e+00
1.288846515973725682e+00
1.267368755557150672e+00
1.250935595349042639e+00
1.237471332088874387e+00
1.196142967476815366e+00
1.167823100798737634e+00
1.134247512103555566e+00
1.099959343983625715e+00
1.094673562837599423e+00
1.082788160694799773e+00
1.034772403752226122e+00
9.795388416833155087e-01
9.701553953050712220e-01
9.323158897050186633e-01
9.140115173333525078e-01
9.774735961827851760e-01
1.006869513261998472e+00
1.037223240427742610e+00
1.076685035802314117e+00
1.131027960205002847e+00
1.150674297756892006e+00
1.164956463717700119e+00
1.200159310865950735e+00
1.221737827796793630e+00
1.228360624296899406e+00
1.211290504656588496e+00
1.218232409882072043e+00
1.213728591078432340e+00
1.238267886025245179e+00
1.260166099960429831e+00
1.271240950169189476e+00
1.326149712290934479e+00
1.354954902632751423e+00
1.370773927466720998e+00
1.366777190778770468e+00
1.383194114807370978e+00
1.368864611433363132e+00
1.363842694964985336e+00
1.352168969426662759e+00
1.355561842441979525e+00
1.328634661706604936e+00
1.345159004100398459e+00
1.346546999893571739e+00
