2.250000000000000056e-01
5.889649233131739603e-01
6.964654691238381101e-01
8.791754415324425365e-01
8.762969491878537243e-01
9.959246402108262730e-01
1.074083514761654312e+00
1.128893794478137647e+00
1.136569199275202946e+00
1.139230080012844759e+00
1.151517881481293415e+00
1.167675487997544170e+00
1.136098314936998754e+00
1.126812425223592928e+00
1.113638229082930309e+00
1.114046116290398736e+00
1.105841486408201568e+00
1.102626164207952897e+00
1.100198408903452441e+00
1.098063884525601885e+00
1.096222375475404798e+00
1.094659704946126633e+00
1.093352644005817664e+00
1.092272971650616764e+00
1.091390648395592411e+00
1.090676126735317775e+00
1.090101876183121377e+00
1.089643249054779162e+00
1.089278840318180563e+00
1.088990495118018265e+00
1.088763097269157099e+00
1.088584241847402767e+00
1.088443864107824233e+00
1.088333870611982945e+00
1.088247798522204102e+00
1.088180515293131645e+00
1.088127962290538875e+00
1.088086940830965244e+00
1.088054936565672870e+00
1.088029977107710433e+00
1.088010517678850375e+00
1.087995349908938092e+00
1.087983529492140944e+00
1.087974319038803372e+00
1.087967143075153631e+00
1.087961552695937861e+00
1.087957197852479130e+00
1.087953805658779638e+00
1.087951163428453771e+00
1.087949105422494567e+00
1.087947502503316288e+00
1.087946254062158058e+00
1.087945281722767721e+00
1.087944524432269411e+00
1.088102785250133264e+00
1.089208917544620681e+00
1.090146946627603253e+00
1.091274189416066021e+00
1.088600334109057766e+00
1.084248476179459963e+00
1.075199340746847865e+00
1.070706595649637105e+00
8.772845967024034408e-02
8.216697569959792447e-02
9.921132110103109136e-02
1.207691435698307475e-01
1.283177938370350935e-01
1.519862151932087346e-01
1.644505281372977690e-01
1.869330107098969296e-01
2.028580504183159772e-01
2.250118212216775382e-01
2.441158949660528765e-01
2.583684611983008694e-01
2.771201507880671766e-01
2.973114105049019518e-01
3.133467415350938978e-01
3.385911953900826998e-01
3.523260657249855932e-01
3.680849752172687950e-01
3.941439952916386824e-01
4.076524429988679921e-01
1.122728789616770806e+00
1.175409354833278908e+00
1.210229380311810710e+00
1.217913059961814426e+00
1.200971009443925652e+00
1.115319392944736698e+00
1.096326852060533374e+00
1.088638565970633243e+00
1.073906362835196804e+00
1.059092660348949222e+00
1.062970058014377273e+00
1.070941953702416294e+00
1.079222396866057920e+00
1.071134310796154177e+00
1.079850157265430877e+00
1.102244136133798014e+00
1.120593298786599412e+00
1.096364507030586743e+00
