2.250000000000000056e-01
0.000000000000000000e+00
0.000000000000000000e+00
0.000000000000000000e+00
0.000000000000000000e+00
2.418375787427381185e-01
2.291988444780853618e-01
2.305395987177372985e-01
2.548687866351861397e-01
2.665141603703661821e-01
2.743645409851301342e-01
2.842088040658308223e-01
3.027537245811940392e-01
3.098196067871649695e-01
3.245152709035571403e-01
3.305240102346663211e-01
3.468698728335772863e-01
3.741046448158074633e-01
3.706066896694437118e-01
3.719883366224863708e-01
4.007493755313839001e-01
4.215858349209612443e-01
4.223315432768374178e-01
4.266096948232681596e-01
4.576077690597545322e-01
4.776950915749729742e-01
4.771315315250095335e-01
5.038659727188063986e-01
5.261445281581855760e-01
5.356222689011240767e-01
5.476857237937804435e-01
5.879306195890311448e-01
5.954852383951607653e-01
6.110322039773684599e-01
6.471906183229820808e-01
6.868119108035858345e-01
7.330995718424896390e-01
7.810619943951755406e-01
8.136305169292274986e-01
8.481496276311828453e-01
8.874399935163076458e-01
9.173536791726175643e-01
1.000296459013151118e+00
9.908447607973186466e-01
9.814524162105663363e-01
9.767520848030720737e-01
9.620782869769508583e-01
9.769095368710287719e-01
9.572093229453502161e-01
9.449272545652270816e-01
9.412974881288846962e-01
9.120774099777581023e-01
9.309153722675103104e-01
9.241707686146848344e-01
9.540450085438746397e-01
9.419766988609883374e-01
9.334295009219405470e-01
9.088646745543481620e-01
8.890562799541600336e-01
8.629157675621101919e-01
8.413297190280748516e-01
8.179795100006533870e-01
8.021280875716307879e-01
8.370394793485965712e-01
8.367991639857031982e-01
8.824132721040104377e-01
8.931194964720877705e-01
9.034797749763122665e-01
9.337117522388812541e-01
9.464557532692421393e-01
9.542295256968512662e-01
9.406599537119555432e-01
9.270317120300483049e-01
9.198968038639188105e-01
9.091065031642902028e-01
9.360762459781352129e-01
9.281491695110692941e-01
9.205535414112450132e-01
9.140643831506637396e-01
9.004450545242885795e-01
9.009282326083647430e-01
9.036501069147832021e-01
9.063032297148747585e-01
9.104189990476367900e-01
9.029195061605266304e-01
9.054432973473592883e-01
9.026519073033514307e-01
9.087542858798383083e-01
8.920706550091993536e-01
8.861090795785657726e-01
8.940578347088609101e-01
9.132300220790749989e-01
9.088358311444928450e-01
8.992864919267161694e-01
8.881880034799105594e-01
8.774689447860126723e-01
8.657932568675822393e-01
8.581144309866808317e-01
8.551376978545431884e-01
8.398078944000398893e-01
