2.250000000000000056e-01
0.000000000000000000e+00
0.000000000000000000e+00
3.019286940572727396e-01
3.298280534037364986e-01
2.632583392823983903e-01
3.056426244190970642e-01
3.507328471842623974e-01
4.986530411826856635e-01
5.332032628219031123e-01
5.730245107319559272e-01
9.257954520799198672e-01
1.002984136771626567e+00
1.182677279188664166e+00
1.256212625712243458e+00
1.247615411393920848e+00
1.229023583998909208e+00
1.204584782167216206e+00
1.191487140445538939e+00
1.180589267801402720e+00
1.179575514981328954e+00
1.158663190084150862e+00
1.154321256656712480e+00
1.142367249213384062e+00
1.146692466584209757e+00
1.152190673604298832e+00
1.136986936168550510e+00
1.149821626426837495e+00
1.153869754623526589e+00
1.171246559107986362e+00
1.173283235293342663e+00
1.202240880700318204e+00
1.190484391139763121e+00
1.190389676708294209e+00
1.270063324222224344e+00
1.308192961549924593e+00
1.323986831374188489e+00
1.290334450548191736e+00
1.282880906908204333e+00
1.284869100134520048e+00
1.288422083021207865e+00
1.337048267965701642e+00
1.351112693635499129e+00
1.352092160265655929e+00
1.358890607136030271e+00
1.339717730211897662e+00
1.336267981604903454e+00
1.320617415444255816e+00
1.311135583147671646e+00
1.340348864555104713e+00
1.326414625115517998e+00
1.313519637977961674e+00
1.316897256512220116e+00
1.334739274587247060e+00
1.361356997965408322e+00
1.391494842011982369e+00
1.397891582294311208e+00
1.410148560155078057e+00
1.436321479039617710e+00
1.446577175469238918e+00
1.445547188436749453e+00
1.440176804285011825e+00
1.434420278023200490e+00
1.431953895093563744e+00
1.425529996836122137e+00
1.432846227606639156e+00
1.417298017018996381e+00
1.401607384815303448e+00
1.383095492797361548e+00
1.373392788574982815e+00
1.365161362967349357e+00
1.366331792780688614e+00
1.383572000041739525e+00
1.369209153359890019e+00
1.357099771119608445e+00
1.362857622065297480e+00
1.354595428178552829e+00
1.346843440728497932e+00
1.352482923234705314e+00
1.365093513825521576e+00
1.358361904419575383e+00
1.366268463636343578e+00
1.388142222325190689e+00
1.396573916788772518e+00
1.399349990726898030e+00
1.390124376268217610e+00
1.381094290848549511e+00
1.380165626877972507e+00
1.381609381320582752e+00
1.394920026879453490e+00
1.396900891656260413e+00
1.391031968125040930e+00
1.382750098692089313e+00
1.379961603024213890e+00
1.372984943197116614e+00
1.379905916334936977e+00
1.407909734363950838e+00
1.424672817912207456e+00
1.411493363182104277e+00
1.417071027472421196e+00
