2.250000000000000056e-01
0.000000000000000000e+00
0.000000000000000000e+00
2.672453030311276456e-01
4.580781576579504022e-01
5.062127100229540932e-01
5.916383145152399603e-01
6.478489704393906035e-01
6.609429981875304394e-01
6.538553673608370476e-01
6.509419465473623712e-01
6.544248464305484347e-01
6.652156300286740098e-01
6.659948293286578336e-01
6.652425455338619731e-01
6.629073002334286979e-01
6.549378931078791988e-01
6.467295948905651404e-01
6.488904006749786069e-01
6.570655020767530718e-01
6.682367762032637160e-01
6.751371146485571906e-01
6.754482640018724116e-01
6.707220585191043805e-01
6.689666034229653224e-01
6.689424326412777289e-01
6.734753652929448275e-01
6.778754351474555184e-01
6.818609861562279217e-01
6.813693797316056067e-01
6.851175381258584052e-01
6.875661141522585451e-01
6.885154136859914509e-01
6.917950806554268306e-01
6.886239929930682013e-01
6.859779888611895471e-01
6.824804061608290562e-01
6.795917351250636562e-01
6.728352078235838585e-01
6.705923583443550440e-01
6.682056629492995059e-01
6.649785045920322268e-01
6.639918154324579991e-01
6.598889829777487837e-01
6.580317937243728155e-01
6.642344252413443506e-01
6.662561368673822759e-01
6.647207278844902145e-01
6.708848324398349883e-01
6.718189636135554199e-01
6.748571101775868719e-01
6.751566513379383405e-01
6.722302274343974204e-01
6.679457838505441503e-01
6.704942370234764359e-01
6.695180944500683795e-01
6.635501412218228756e-01
6.664291828681657703e-01
6.689964910893712036e-01
6.701683024722396853e-01
6.729334853822946938e-01
6.689025821626825019e-01
6.660926210942346160e-01
6.677761559986843398e-01
6.633272234628150299e-01
6.583436110820318765e-01
6.570289927428403232e-01
6.666627576586452442e-01
6.676155029573014321e-01
6.709112244852248885e-01
6.687108398252383790e-01
6.640241640710060622e-01
6.663913125980985841e-01
6.712782636970806571e-01
6.704586536175508593e-01
6.718143603564649124e-01
6.724101187050924855e-01
6.751976899437217572e-01
6.714608952129063058e-01
6.716354537091500099e-01
6.708337759932322397e-01
6.764986507203646360e-01
6.802914778270113816e-01
6.777635092636681291e-01
6.763436788682137824e-01
6.759056135314305269e-01
6.767806279365892186e-01
6.834276486885894064e-01
6.808384941110012800e-01
6.810577278895783015e-01
6.799852257723036919e-01
6.810546455550970935e-01
6.831961052047885730e-01
6.884013031948293948e-01
6.888298567281901930e-01
6.888485194083343588e-01
6.908284736182165320e-01
6.882258832104697355e-01
6.859271008693789140e-01
6.897151439336817180e-01
