2.250000000000000056e-01
0.000000000000000000e+00
0.000000000000000000e+00
0.000000000000000000e+00
0.000000000000000000e+00
0.000000000000000000e+00
0.000000000000000000e+00
0.000000000000000000e+00
0.000000000000000000e+00
0.000000000000000000e+00
0.000000000000000000e+00
0.000000000000000000e+00
1.003459090378733709e+00
1.020084713234595597e+00
1.024900249598059254e+00
1.034396099250579404e+00
1.033215245011110284e+00
1.038556396064005849e+00
1.049934554805353359e+00
1.052006045204635143e+00
1.048570231524623475e+00
9.621627571952877656e-01
9.445843015966242096e-01
9.303377663603273895e-01
9.252314599660804717e-01
9.146049948659010775e-01
9.310825361839977221e-01
9.437860766820213021e-01
9.656833368034496434e-01
9.726801891583423121e-01
9.750945781302345905e-01
9.866284939803334764e-01
1.053271958426539756e+00
1.039181044380348418e+00
1.059840337237348828e+00
1.062041508280763935e+00
1.080615965612857332e+00
1.088979588895277795e+00
1.088094088676372806e+00
1.101664782305209922e+00
1.099561983356811101e+00
1.104519731070011002e+00
1.096090171366896238e+00
1.110249795333888123e+00
1.119943558878847556e+00
1.101007989415802690e+00
1.089142435247730800e+00
1.084992112343534210e+00
1.100208167611998578e+00
1.095520615328548608e+00
1.082540777685137012e+00
1.076791677091456956e+00
1.080594115458127114e+00
1.081588828404225211e+00
1.093289076729750953e+00
1.084748247390146414e+00
1.084485726589549781e+00
1.086028492128216838e+00
1.093294612259888332e+00
1.090789379743877463e+00
1.087102557094355104e+00
1.093376292173989128e+00
1.106183276579879582e+00
1.110135697010635747e+00
1.108033253645983596e+00
1.108659461753461972e+00
1.117573309253537150e+00
1.120865706876541301e+00
1.117277608359861896e+00
1.119435935991730302e+00
1.107843175118245593e+00
1.104411516299246721e+00
1.097713664682654189e+00
1.099048120974728926e+00
1.094014646013804049e+00
1.084108930514179114e+00
1.084026756134034430e+00
1.083087069780681144e+00
1.094451882776515506e+00
1.093009248990710391e+00
1.082643986901177913e+00
1.082471451627956549e+00
1.087384501976971451e+00
1.086444187859096688e+00
1.078947160344771339e+00
1.084724764931113139e+00
1.092575183340419143e+00
1.092505044950669468e+00
1.090241483793673360e+00
1.091023302273410156e+00
1.101768044566141080e+00
1.098698125920789748e+00
1.101502758041482233e+00
1.101581478097990452e+00
1.111421016045490262e+00
1.108964487586043379e+00
1.101534235060148026e+00
1.099096794270094435e+00
1.103948376849327673e+00
1.112350525742723306e+00
