2.250000000000000056e-01
0.000000000000000000e+00
0.000000000000000000e+00
0.000000000000000000e+00
0.000000000000000000e+00
0.000000000000000000e+00
0.000000000000000000e+00
0.000000000000000000e+00
0.000000000000000000e+00
0.000000000000000000e+00
0.000000000000000000e+00
0.000000000000000000e+00
0.000000000000000000e+00
0.000000000000000000e+00
0.000000000000000000e+00
0.000000000000000000e+00
0.000000000000000000e+00
0.000000000000000000e+00
0.000000000000000000e+00
5.102946295258538045e-01
5.779508607353397442e-01
7.236685130544266986e-01
6.795143747964237368e-01
8.797776480202517124e-01
1.025384953117706166e+00
1.413546810611591820e+00
1.562451047917384095e+00
1.531217467644695907e+00
1.603687769951613218e+00
1.635042860869020620e+00
1.701203657831745542e+00
1.667876271192003879e+00
1.695225688028624944e+00
1.700639407466467024e+00
1.655549496791060227e+00
1.633564320764328670e+00
1.648624514417013520e+00
1.566630924600984187e+00
1.546719120229197664e+00
1.679502819920675849e+00
1.605727613180182090e+00
1.587348389077749777e+00
1.628099816691988444e+00
1.639194672326374613e+00
1.654663363095420614e+00
1.662423775307223073e+00
1.663038688817951138e+00
1.668605092063377260e+00
1.668280051372716510e+00
1.673947694222736704e+00
1.636158416133216331e+00
1.648462306743436523e+00
1.581158773980266607e+00
1.591549449465024857e+00
1.588021719203220217e+00
1.595506121533451394e+00
1.581751815511782677e+00
1.580730376019290340e+00
1.576052875162295974e+00
1.597059683533236907e+00
1.587578246824600026e+00
1.560804845635564986e+00
1.578829667458108599e+00
1.568209176243398062e+00
1.553506575643705645e+00
1.553421885397033186e+00
1.552472703058351611e+00
1.567118497367608887e+00
1.566947773918415443e+00
1.551930480350334207e+00
1.513847477677813025e+00
1.496435033985574981e+00
1.493362742278741440e+00
1.477898398597876639e+00
1.470741208571535674e+00
1.463025674758700045e+00
1.469033041801073969e+00
1.470645949527148666e+00
1.469104684401136840e+00
1.471449624270080525e+00
1.459311380499558997e+00
1.466830678316315861e+00
1.462408143990594045e+00
1.454965599085809691e+00
1.458093829028855870e+00
1.452914890596235464e+00
1.459017458838505199e+00
1.450376747247137166e+00
1.457177716831703718e+00
1.448739710455580143e+00
1.460721180458799839e+00
1.467253087373061371e+00
1.474010569403435111e+00
1.483098286657341891e+00
1.482399402699931423e+00
1.496030335601264527e+00
1.493090757622293818e+00
1.489967835452955525e+00
1.487378917571923642e+00
1.496627924438201473e+00
