2.250000000000000056e-01
0.000000000000000000e+00
0.000000000000000000e+00
0.000000000000000000e+00
0.000000000000000000e+00
0.000000000000000000e+00
2.906904183157424382e-01
3.372473863707846076e-01
1.267448304520696567e+00
1.321141225484089743e+00
1.110896521742551490e+00
1.321241799573193987e+00
1.315932966328701825e+00
1.280628316326851923e+00
1.237515034325634034e+00
1.184147876911140429e+00
1.212020659580703486e+00
1.222526369819536995e+00
1.256886508931559066e+00
1.371475199271265932e+00
1.360849666832090188e+00
1.335405236529630280e+00
1.294464914639571917e+00
1.272284796250059191e+00
1.254822152414841518e+00
1.241680807897041383e+00
1.279779250854154782e+00
1.318576143357796271e+00
1.301604314864668988e+00
1.287599773154421090e+00
1.260132623979330901e+00
1.246090499255769535e+00
1.234224202520256997e+00
1.227247622034423058e+00
1.241967903796938666e+00
1.237681593272545788e+00
1.238910260236644634e+00
1.241974030335512680e+00
1.240476407795553682e+00
1.237688457473051340e+00
1.242737858051134570e+00
1.237080714393800518e+00
1.229868752865596715e+00
1.227160633385838695e+00
1.236154519440789690e+00
1.255872207455691170e+00
1.261085370861836807e+00
1.266865845102044696e+00
1.265953482843648503e+00
1.256123264785176774e+00
1.242974450207229076e+00
1.230490423941664968e+00
1.232508201625091226e+00
1.238379828479973410e+00
1.238885121374574405e+00
1.250278982259444005e+00
1.253769459651154161e+00
1.247834596786271621e+00
1.251146214702208992e+00
1.258331808426278453e+00
1.246733246327569988e+00
1.247489355748918616e+00
1.253105647552862800e+00
1.283122709638123249e+00
1.291620212130189627e+00
1.293065130426791720e+00
1.285016399762404005e+00
1.285232906138666475e+00
1.274107633811738527e+00
1.263007341978858555e+00
1.269662595925012960e+00
1.281463996390604043e+00
1.274397033611292640e+00
1.274520201570749078e+00
1.272106480179920451e+00
1.273938675428701206e+00
1.276131482423793706e+00
1.273799872856560267e+00
1.255762615382985503e+00
1.248580592120948296e+00
1.250756810706580735e+00
1.254575038587421254e+00
1.257894047436906915e+00
1.262147612887231762e+00
1.265816337212189779e+00
1.277493524252607759e+00
1.277024396754973257e+00
1.273023983307996154e+00
1.274954843701971319e+00
1.269300193137777422e+00
1.268696914557105426e+00
1.261695375279092701e+00
1.261014222926340578e+00
1.261068772854163855e+00
1.266870524159470879e+00
1.276713009738481119e+00
1.275016879609800036e+00
1.271970055204592276e+00
1.273384275225196260e+00
1.273420036391667898e+00
