2.250000000000000056e-01
0.000000000000000000e+00
8.373457987692435323e-01
8.960269938705327508e-01
9.779638314086281925e-01
1.060955240926181320e+00
1.037482611796621823e+00
9.886524323249167301e-01
9.051112106552854364e-01
8.508211292367560130e-01
7.997641754855191465e-01
7.883448815140955412e-01
7.790851877544454629e-01
7.984760748099610783e-01
8.064274318714679257e-01
9.026737568819821478e-01
9.032856246099728592e-01
8.733925200213311646e-01
8.578338878115472355e-01
8.791352560961127605e-01
8.708758214896529237e-01
8.776830751777692230e-01
9.022095682297043284e-01
9.478837155413130100e-01
9.958619120574048189e-01
1.001882932612295996e+00
1.010931044356348396e+00
1.019582187853171673e+00
1.014084560513818012e+00
1.004591070269388098e+00
1.001013342796664318e+00
9.846535826907136801e-01
9.822317470691063201e-01
9.756444377976674076e-01
9.680369007682934068e-01
9.561893344884644375e-01
9.466508887199133193e-01
9.431892623635960149e-01
9.181654802938276072e-01
9.223410478402312984e-01
9.303263215028453326e-01
9.298056620104194758e-01
9.115614758217995828e-01
9.147837201356343595e-01
9.117613047879778998e-01
9.091679064865023641e-01
9.049992353822444713e-01
9.088746580723395807e-01
9.174729587325193281e-01
9.158929512678980478e-01
9.135555034484542647e-01
9.156278619782128869e-01
9.174307628732070174e-01
9.206854729462964348e-01
9.436484937116993432e-01
9.458362560884819858e-01
9.447989718117699720e-01
9.526364671413286578e-01
9.572840567777708420e-01
9.533466629672673331e-01
9.515048985175806884e-01
9.548603703497435813e-01
9.494948320923080054e-01
9.491005189798530362e-01
9.448866548023977519e-01
9.468695309286849771e-01
9.458963040526088273e-01
9.489345526935301089e-01
9.576333990073846447e-01
9.641368471293892961e-01
9.693170987133769012e-01
9.711812212133410505e-01
9.710949538775343060e-01
9.708785918166694673e-01
9.683349080998960856e-01
9.625173887206527334e-01
9.627548263807290674e-01
9.635428693134917566e-01
9.610541891017578831e-01
9.620027730165571223e-01
9.668725765098034053e-01
9.627596894622665324e-01
9.594601263511235434e-01
9.571220205805038850e-01
9.507946233905875122e-01
9.405504322382211013e-01
9.349107399330237600e-01
9.234756656600999758e-01
9.224115185299655018e-01
9.246863787225162445e-01
9.222142195655714803e-01
9.258378769208140957e-01
9.297028191327412205e-01
9.339262375890962087e-01
9.441575010219667163e-01
9.402684359332285080e-01
9.373966402708736601e-01
9.342330196975309198e-01
9.326053560327065561e-01
9.328772682784047809e-01
