2.250000000000000056e-01
1.323092929655509620e+00
1.348417341198367536e+00
1.348500528104735308e+00
1.365334018841876551e+00
1.365748818076927051e+00
1.366122551222324955e+00
1.385448800701611693e+00
1.386476635728967732e+00
1.383977075834568415e+00
1.397685622766386748e+00
1.398522789129764465e+00
1.392336926590693080e+00
1.364665399866536122e+00
1.402918026337782065e+00
1.408540183295243553e+00
1.387042878795243128e+00
1.387121169593197756e+00
1.487482562691852861e+00
1.484534047069849372e+00
1.491378972084784982e+00
1.502852810110479886e+00
1.496389103999050674e+00
1.483398854420728386e+00
1.506441818865603466e+00
1.502824930763576150e+00
1.485254985448560827e+00
1.468393779426887757e+00
1.426408939628024619e+00
1.404014375336314346e+00
1.379498605598346694e+00
1.381941166364420326e+00
1.366952645553933365e+00
1.353315716866566376e+00
1.401039241985380324e+00
1.381022702131355473e+00
1.386914484508733558e+00
1.387748343439082044e+00
1.388086542388515809e+00
1.401671474136530593e+00
1.403787145618363486e+00
1.399268530303662272e+00
1.419335503008461119e+00
1.430992828042981779e+00
1.421235269277308699e+00
1.406708013764400578e+00
1.392019003569872515e+00
1.385405476323459562e+00
1.402263021272730059e+00
1.409061277468514062e+00
1.428726689398226890e+00
1.419201804083173313e+00
1.399770254153785087e+00
1.399258094954003662e+00
1.385590859490051230e+00
1.376438165197922503e+00
1.375961734363653877e+00
1.391269215195830355e+00
1.396412697995111918e+00
1.387242635499515986e+00
1.375670438612290880e+00
1.372186790711058979e+00
1.386358569377727834e+00
1.396944499755622626e+00
1.402462438764681352e+00
1.416724826451216002e+00
1.428500364281430679e+00
1.428775919452120124e+00
1.446195720662929896e+00
1.443179560302590536e+00
1.444807783881492336e+00
1.439504037597628461e+00
1.425198309123453244e+00
1.429623865808583139e+00
1.434995718529658459e+00
1.427292665554777740e+00
1.414928303599156001e+00
1.409110681209942317e+00
1.397280762188769065e+00
1.398750198169270043e+00
1.399113421572379279e+00
1.405941570224187975e+00
1.416851157360844438e+00
1.422339540084671672e+00
1.420130537632883216e+00
1.414393125133503792e+00
1.421409494583322441e+00
1.437935104653789598e+00
1.437497339630729787e+00
1.423386886683419394e+00
1.411356349212576244e+00
1.400348337414247135e+00
1.390233685114162121e+00
1.382821302958118226e+00
1.371769274091776625e+00
1.371398377933621182e+00
1.366404576445986452e+00
1.375551019631757077e+00
1.367839457751317989e+00
1.366224070475056340e+00
