2.250000000000000056e-01
0.000000000000000000e+00
6.466534292441458165e-01
7.245992081348975322e-01
7.484989061047864212e-01
7.553354822407605251e-01
7.723344724064568068e-01
8.333761197334645932e-01
8.581902751092707060e-01
8.677898989315722122e-01
8.768946226333886873e-01
8.599720657035433424e-01
8.590253703857009260e-01
8.651473159217123454e-01
8.530380692366485995e-01
8.477470534017144121e-01
7.745361565508172008e-01
8.053466726847492430e-01
8.174994972455402742e-01
8.417186681694064365e-01
8.532906116191569801e-01
8.438412800396940527e-01
8.396086965895893650e-01
8.336916565769177945e-01
8.212503367892572959e-01
8.144173303359032445e-01
7.916303347676307833e-01
7.754197873491643911e-01
7.641496250999498807e-01
7.562730278184394139e-01
7.463799911248019114e-01
7.359653623880048068e-01
7.675036544751060452e-01
7.786658157160691873e-01
7.893668767568201572e-01
7.914794534615241517e-01
7.939253709551082894e-01
7.959785918862597454e-01
7.975059049905101061e-01
7.988827394051917219e-01
7.999896021624456344e-01
8.008655507266930762e-01
8.015506317015108628e-01
8.020820050694625891e-01
8.024919684552471733e-01
8.028073378729158049e-01
8.024684856764443541e-01
8.036417175910668398e-01
8.040446046883843456e-01
8.078675879269168192e-01
8.526651150088819797e-01
8.611365241588315733e-01
8.655243994703912813e-01
8.773151129529762615e-01
8.934946788864054357e-01
9.305735219682708115e-01
9.348797072919322604e-01
9.223161186209226647e-01
9.087767779859553530e-01
8.919688951987829739e-01
8.708994501568747548e-01
8.584902122917907885e-01
8.130479530556761203e-01
7.898558711551216804e-01
7.399564997299273861e-01
7.119362792684605923e-01
7.007317316434479304e-01
6.861744583393918351e-01
6.800535421114695112e-01
6.612934920506744474e-01
6.497429512305704646e-01
6.631359092879618444e-01
6.541441839166141081e-01
6.711344193678319137e-01
6.759503102001972463e-01
6.763008102456843362e-01
6.756014907877609943e-01
6.691159904640269218e-01
7.272734386493723280e-01
7.289926379583020477e-01
7.493169073942043124e-01
7.440449551545796902e-01
7.207576512081460551e-01
6.833853594204818416e-01
6.758788680360122703e-01
6.707238985178817225e-01
6.502656870678067413e-01
6.322927708147315640e-01
6.139442606444903694e-01
6.005242806214918794e-01
6.011973536756565206e-01
6.005890703931227037e-01
6.126391680762202085e-01
6.597342779361190512e-01
6.651607073690233296e-01
6.800217543014560606e-01
6.796303776231130689e-01
6.844228158789543714e-01
7.194186647044764626e-01
7.166538418843968472e-01
