2.250000000000000056e-01
0.000000000000000000e+00
1.697970163963122836e-01
1.696994267185637784e-01
2.256431359965496153e-01
2.264837677698659513e-01
2.640605163402681144e-01
2.702430406080310044e-01
2.647106790819686584e-01
2.964864662399936956e-01
3.081886570382117996e-01
3.058208764788880596e-01
3.138794832080991082e-01
3.523862710974467460e-01
3.621030648389247930e-01
3.763451564109545067e-01
3.943937190185344277e-01
4.186092202210359159e-01
4.239923424004767849e-01
4.293601205435000900e-01
4.274479268350793726e-01
4.405931379241439516e-01
4.471017564060222882e-01
4.713938791881405188e-01
4.808975105398231031e-01
5.048539038758028674e-01
5.127045482479051230e-01
5.316389269468313472e-01
5.499055455833163908e-01
5.840501745420699775e-01
5.802061248730923104e-01
6.107860116327470390e-01
6.259243224756730894e-01
7.142195437898555266e-01
7.543339413380947267e-01
7.880359127873410863e-01
7.729940601172865522e-01
7.639801987479815093e-01
8.002099516176054417e-01
8.144441371576338629e-01
8.089282567710402994e-01
8.203781613338322343e-01
8.301528073612559622e-01
8.172519549731612765e-01
8.377730288395111025e-01
8.919106253318491717e-01
8.992944359980217239e-01
9.010318784191989616e-01
9.470108173448361644e-01
1.012117554107732742e+00
1.029587495676802966e+00
1.041160470788822234e+00
1.049540095644180493e+00
1.050641744534718924e+00
1.057087882380509880e+00
1.080099400799869214e+00
1.077569473826277546e+00
1.090505612525527912e+00
1.097212777552252883e+00
1.097912851361995124e+00
1.100630548910612960e+00
1.128805887984666079e+00
1.144847439490362717e+00
1.145153216876049207e+00
1.155468906182563593e+00
1.161713878157263791e+00
1.160996647887039268e+00
1.182393983601082388e+00
1.197461408162102448e+00
1.196481110975047280e+00
1.193122508047314678e+00
1.169944111306500778e+00
1.171593131088191075e+00
1.160877213178102441e+00
1.178426930755531954e+00
1.168975074524924773e+00
1.164898523236509220e+00
1.166175178277282010e+00
1.170274847563551157e+00
1.179515230508318302e+00
1.185898550132048701e+00
1.188672502118630847e+00
1.196448683783946754e+00
1.202419838566307408e+00
1.206307855219654890e+00
1.212182796156894060e+00
1.213556366839804168e+00
1.206615856854454272e+00
1.200991858006586144e+00
1.210679521367084677e+00
1.216862670719108586e+00
1.225793334189728023e+00
1.235920078992246873e+00
1.248464569799892621e+00
1.238980986683110963e+00
1.221824602696661266e+00
1.219514466646828721e+00
1.206468197252995589e+00
1.197239844513793283e+00
1.201872116334358642e+00
