2.250000000000000056e-01
0.000000000000000000e+00
1.305954653055227732e+00
1.094461467535098098e+00
9.052752678228060956e-01
9.962810715199514888e-01
1.026784981401526631e+00
1.078117203900437637e+00
1.022245949019686684e+00
1.073527464586198521e+00
1.082488667635248758e+00
1.085551041828988872e+00
1.088866232373558063e+00
1.081103843699363409e+00
1.086853058786040993e+00
1.079741431391678663e+00
1.067803793153235148e+00
1.059023112324170013e+00
1.055161627058131213e+00
1.049811167590651850e+00
1.058345840344975253e+00
1.062866143480758030e+00
1.077148098094116602e+00
1.108766655215480457e+00
1.135695031617083295e+00
1.145293794105044727e+00
1.150781782765055494e+00
1.173182535323688214e+00
1.190222489947259543e+00
1.200950660175871931e+00
1.214122182884543211e+00
1.218863264722193751e+00
1.222747383452221559e+00
1.227207021045765734e+00
1.229883241472974120e+00
1.232076123349784558e+00
1.233857158749962490e+00
1.235293065480595587e+00
1.236443633263479391e+00
1.237360853592986754e+00
1.238088930219492179e+00
1.238664806921003114e+00
1.239118949130664005e+00
1.234831022946353052e+00
1.190097414074298809e+00
1.117075479075736233e+00
1.112087341353148906e+00
1.134868300028161636e+00
1.088142820761921925e+00
1.141441113246392636e+00
1.132728440223383926e+00
1.124683276012457878e+00
1.131708847670333196e+00
1.124451982436949660e+00
1.135343425513331894e+00
1.139410451644930600e+00
1.138979697773763400e+00
1.137783380030050973e+00
1.135816402078023479e+00
1.132281856776452766e+00
1.143384020812436619e+00
1.142833564442008898e+00
1.141856485966527668e+00
1.128315766638733786e+00
1.149695580557190233e+00
1.138326289828653692e+00
1.141896687051148440e+00
1.131354365871084733e+00
1.111247568128610030e+00
1.115541297963336564e+00
1.132910654411720230e+00
1.148328356967306618e+00
1.162880469051218002e+00
1.187347567716011465e+00
1.191310592604124308e+00
1.157174989609268234e+00
1.101730429336760464e+00
1.067300406315100592e+00
1.072849763372519805e+00
1.082297766919425364e+00
1.065971824827111947e+00
1.066222674425385986e+00
1.071412717456753150e+00
1.069070501452922928e+00
1.076127770683667384e+00
1.085999341136848262e+00
1.057958728696779982e+00
1.062868794719269649e+00
1.078794869505949938e+00
1.079482421127659020e+00
1.091315202443124077e+00
1.103097134666653156e+00
1.116748933834367685e+00
1.125669783158050663e+00
1.125486332935614620e+00
1.122752033641164493e+00
1.117721557467808546e+00
1.115543918133697021e+00
1.114921685333583490e+00
1.114151740924693712e+00
