2.250000000000000056e-01
0.000000000000000000e+00
0.000000000000000000e+00
1.739251030458807357e+00
1.724421690252425865e+00
1.719595972959934826e+00
1.700185539859927930e+00
1.692270657366619968e+00
1.690668030829464374e+00
1.689197677467758396e+00
1.664899672295739652e+00
1.654080888102549496e+00
1.650949115788589383e+00
1.648202986239880152e+00
1.633818188506183544e+00
1.610606915233918857e+00
1.606806447760876999e+00
1.427215118020749962e+00
1.253597458496527928e+00
1.116439973159654597e+00
1.050984098702111735e+00
1.115399436499346031e+00
1.171017200702245686e+00
1.197507668323569918e+00
1.203356083342698835e+00
1.190822941714938743e+00
1.138044172517162833e+00
1.138668568474005216e+00
1.135218584228516292e+00
1.092316793753388193e+00
1.053163952594685204e+00
9.875277876637137409e-01
9.560377253900365080e-01
9.279492601403954710e-01
8.995671418108704964e-01
8.875067271273641145e-01
8.757744149615238616e-01
8.656204645597692648e-01
8.537773127190424471e-01
8.984775864498515396e-01
8.970943956911244799e-01
9.110150322662839972e-01
9.240919314512675564e-01
9.440269738072242234e-01
9.913141658477382379e-01
1.076545736578898849e+00
1.137315544466481532e+00
1.130434192623520628e+00
1.121802158838789198e+00
1.119781535083635093e+00
1.131952180799607799e+00
1.135855757303869451e+00
1.148359097184489919e+00
1.179191807944321102e+00
1.185698558985283757e+00
1.171102072971582420e+00
1.147843334549810690e+00
1.104840662592191602e+00
1.013519597708506748e+00
9.028588707122088275e-01
8.732417725703301992e-01
8.550308693590662479e-01
8.704780491666910258e-01
8.811056510857898649e-01
9.001601552119734562e-01
9.175059939399051734e-01
9.254091427905899447e-01
9.429326946562989198e-01
9.732613682133717248e-01
9.948483307655386909e-01
1.015559048291721389e+00
1.044928952893170448e+00
1.068693434350408866e+00
1.087051686075054979e+00
1.079639018571898701e+00
1.048169576668606329e+00
1.036758498422166497e+00
1.021519716756342122e+00
1.025726946343599177e+00
1.030511780521280452e+00
1.047899143920211662e+00
1.049045703279716246e+00
1.057200861134413694e+00
1.061926897419326332e+00
1.067483520859780821e+00
1.077309001438497615e+00
1.081547491361967150e+00
1.076568495315628482e+00
1.094552517114891321e+00
1.120810581170987419e+00
1.146836367961086678e+00
1.164086792557109451e+00
1.178561225997772688e+00
1.192094868063171997e+00
1.213715696232643637e+00
1.221423741435361254e+00
1.226771166233708188e+00
1.221798472850637918e+00
1.218789404866921222e+00
1.222781919894384783e+00
