2.250000000000000056e-01
0.000000000000000000e+00
0.000000000000000000e+00
0.000000000000000000e+00
1.141004372056333205e+00
9.856119630943043219e-01
9.494925769947336613e-01
1.045981933041498335e+00
1.061065961072126917e+00
1.103958706126018985e+00
1.084882402148998670e+00
1.085277803985083889e+00
1.079106470178356147e+00
1.076370255363710893e+00
1.069628704899184823e+00
1.068811863132564932e+00
1.064414868564860228e+00
1.070247806265871349e+00
1.074983105606346134e+00
1.072013696913140413e+00
1.078895462477652556e+00
1.104254561701737192e+00
1.117155431817226541e+00
1.107337978863750294e+00
1.085773289222099924e+00
1.069334009716590872e+00
1.083779984560329757e+00
1.084155738246909362e+00
1.065180005366586524e+00
1.074555040022144192e+00
1.074702829089533962e+00
1.060693226362386055e+00
1.054383990878225541e+00
1.050398571562213057e+00
1.053994735397204563e+00
1.047120468952105421e+00
1.038143545577609350e+00
1.041241219353378211e+00
1.041901198217110025e+00
1.038258036043629318e+00
1.040325319529909809e+00
1.038971824405119815e+00
1.038138263531318772e+00
1.044606508951764656e+00
1.067660712948137025e+00
1.052329792129688579e+00
1.055403074561197529e+00
1.063413190726297586e+00
1.064915244814722328e+00
1.066334827919917627e+00
1.059923128591076846e+00
1.050853715692569690e+00
1.053996407117990586e+00
1.049579188936656138e+00
1.049787540818590159e+00
1.054489744968386322e+00
1.060660854516138674e+00
1.078010309168319747e+00
1.082374795642853993e+00
1.085185786660348928e+00
1.082038423738319599e+00
1.083763278737292834e+00
1.087222765552443127e+00
1.092149200224390215e+00
1.087757536691585258e+00
1.086929546931751034e+00
1.082384854418192210e+00
1.083963132188450196e+00
1.091608789014649306e+00
1.088534806195597504e+00
1.083897131365697541e+00
1.075727903764706062e+00
1.074103410207209786e+00
1.074017340375255092e+00
1.078307136950082290e+00
1.088159483334688593e+00
1.089122596800097043e+00
1.092106806502316063e+00
1.090135822820990530e+00
1.088339010259550932e+00
1.085497208346933196e+00
1.079826125759857813e+00
1.075938513722777268e+00
1.074067728857753812e+00
1.069128241931708523e+00
1.058808518001738364e+00
1.060412098053886032e+00
1.058480480208845220e+00
1.062853729565633509e+00
1.072587344982248503e+00
1.074930019515843993e+00
1.087035143817996152e+00
1.092148661042883662e+00
1.090639399647657104e+00
1.094114916038338770e+00
1.094688446916500801e+00
1.092380788162120808e+00
1.097572284233116147e+00
1.094867688092439284e+00
1.090843582013938828e+00
