2.250000000000000056e-01
0.000000000000000000e+00
7.699948030430395218e-02
1.387851874728493473e-01
1.427352677445707374e-01
1.306637529320547608e-01
1.620135334860806631e-01
1.693244530181811092e-01
1.862463593043693355e-01
1.818039549957870260e-01
1.977963999330397682e-01
2.258772087366160419e-01
2.257687426864695424e-01
2.269397239671410160e-01
2.691597584962412415e-01
2.668286154885531891e-01
2.770439060239893725e-01
2.760976269566123853e-01
3.131247301850202391e-01
3.211794623597400422e-01
3.240254957599336127e-01
3.134363790893541779e-01
3.206851577755752136e-01
3.600788823502497071e-01
3.551477815259451165e-01
3.638518644181811812e-01
3.656630707398639824e-01
3.820834385775834785e-01
4.061794715190888971e-01
4.066482575983048631e-01
4.161648735858012316e-01
4.152432876953305319e-01
4.211740386233414069e-01
4.560857053791420590e-01
4.580800401666520472e-01
4.703836636962732687e-01
4.799424844949243818e-01
4.856935024856575134e-01
5.052596764959167430e-01
5.255834049774790184e-01
5.315439238993218130e-01
5.239591782633968853e-01
5.467875223517026928e-01
5.458488802401362250e-01
5.602437866348459750e-01
5.852460433828828856e-01
5.833509043690677798e-01
5.881128067153452710e-01
6.281684900989317200e-01
6.921926201753320074e-01
7.143942380537897652e-01
7.091134401963915534e-01
7.447192646341850297e-01
7.272039089770593323e-01
7.096171038777929763e-01
6.813099456380569130e-01
6.791734759612085837e-01
6.772089708240146555e-01
6.583677095834292725e-01
6.625409130584721806e-01
6.602112773870776330e-01
6.775239088239253249e-01
6.915706947360815704e-01
7.173644157595415738e-01
7.265274179391031373e-01
7.490914853303389798e-01
7.529914213627069142e-01
7.654288353197667982e-01
7.820858669746840741e-01
7.966067283587522363e-01
8.089684032980950512e-01
8.261814566969436502e-01
8.446688569753925124e-01
8.225479989049964136e-01
8.084348739954292373e-01
8.030150404654327057e-01
8.106525194010175683e-01
8.027475198641096377e-01
8.118080870810512328e-01
8.318869566397412152e-01
8.322714470433536516e-01
8.468677868610039461e-01
8.534636307248486542e-01
8.782980264499813394e-01
9.041542274806492197e-01
8.991995800124054083e-01
9.466874670639318090e-01
9.561871492859732591e-01
9.584457158123970144e-01
9.739932826527957221e-01
9.957194178895329983e-01
9.815189027861898063e-01
9.681469088675461743e-01
9.676247331632152893e-01
9.622866449392412092e-01
9.576026514057914829e-01
9.413338176291669024e-01
9.501446424090439491e-01
9.555752851921597291e-01
9.519736121532610396e-01
