2.250000000000000056e-01
0.000000000000000000e+00
0.000000000000000000e+00
0.000000000000000000e+00
4.774043939729469277e-01
4.378440326722402576e-01
7.623791373252224446e-01
7.306927862246271888e-01
6.423276984268542211e-01
6.573690023656462156e-01
8.466296635839236639e-01
8.367886217225517509e-01
8.148637506990300539e-01
8.095062221237551148e-01
7.961384935363723381e-01
7.814966076967259090e-01
7.477360077560570861e-01
7.389937373268156140e-01
7.358233360294291758e-01
8.082415886234622926e-01
8.505881881914443277e-01
8.470261983437561426e-01
8.489176833222707996e-01
9.122014268030814721e-01
9.298545455052052988e-01
9.194783528856923516e-01
9.179043850886532407e-01
9.190021781708669346e-01
9.161402658508458474e-01
9.106273959153536879e-01
8.911665864092040978e-01
8.629247978291795240e-01
8.346315776722563751e-01
8.172673526403132493e-01
7.906395929663838640e-01
7.780578078218585159e-01
7.743625166437889673e-01
7.903301466637775441e-01
8.158612750114834222e-01
8.334078986921237275e-01
8.630880247326006005e-01
8.629784169947124495e-01
8.586466697424861572e-01
8.510985070510894701e-01
8.360204008768037376e-01
8.422213125317854487e-01
8.258885112891070079e-01
8.172051334661202260e-01
8.126393726164551357e-01
8.191985105312088455e-01
8.250798570073685223e-01
8.446759568325291623e-01
8.591310104228601086e-01
8.716191344525362483e-01
8.791691670609530496e-01
8.920344075641268855e-01
8.882369032662074115e-01
8.858453237297084781e-01
8.863213478215792307e-01
8.757640695059158986e-01
8.680817752371015050e-01
8.541309015521681980e-01
8.461007840702063909e-01
8.347543809611337462e-01
8.315972173290158143e-01
8.385456712130343604e-01
8.379103052331358104e-01
8.365676903362282424e-01
8.412088954864346269e-01
8.463590638459240756e-01
8.417612922579309487e-01
8.389632332183531993e-01
8.508240782709131089e-01
8.409163415679482556e-01
8.290145760696544519e-01
8.283902305769432761e-01
8.282341404376657445e-01
8.139107274655462687e-01
8.150135230722534985e-01
8.128162544746415641e-01
8.183089365130689075e-01
8.175324935007756144e-01
8.354414567189679675e-01
8.382543076955676353e-01
8.384746121351441817e-01
8.404366461004251221e-01
8.405035111402479053e-01
8.396011892247837727e-01
8.408321562866780674e-01
8.468037805267373264e-01
8.427755015610314260e-01
8.418021312704166981e-01
8.460735279996663971e-01
8.491219333133144254e-01
8.559709885815800501e-01
8.535227658479319635e-01
8.567847779424083710e-01
8.556040448485514593e-01
8.525108958749585408e-01
8.510549046064223022e-01
