2.250000000000000056e-01
0.000000000000000000e+00
0.000000000000000000e+00
0.000000000000000000e+00
0.000000000000000000e+00
0.000000000000000000e+00
0.000000000000000000e+00
8.271749024334291711e-01
8.922255333135294952e-01
9.399585416632195711e-01
9.235049621885277338e-01
9.333694914798925657e-01
9.628519920028788537e-01
1.039217597248537128e+00
1.081646878548234048e+00
1.012130558990990803e+00
1.021169490448257333e+00
1.022012125467679722e+00
1.035742430482942122e+00
1.034066459255106318e+00
1.015479256142685527e+00
9.984679445683979360e-01
9.883686093057929556e-01
1.000752900220591712e+00
9.951111589067836993e-01
1.006304366778268289e+00
1.010647398378366368e+00
1.007186262077272243e+00
1.014970313543172686e+00
1.010933922290146780e+00
1.003803794493107082e+00
1.008035366645979813e+00
1.014939054933286400e+00
1.001874805645683653e+00
9.844155358776278675e-01
9.848220903481835764e-01
9.832690911844930159e-01
9.722329219146620405e-01
9.621680391645530683e-01
9.567633196441127641e-01
9.442430733261019116e-01
9.327467959124966512e-01
9.285433515795217252e-01
9.206893059294229964e-01
9.321462895585693742e-01
9.429050043765980771e-01
9.418611111699443095e-01
9.386808173359265650e-01
9.512209600912369112e-01
9.547454499995371435e-01
9.504820500352002544e-01
9.506268728369804411e-01
9.401187523642458022e-01
9.539493459513366247e-01
9.503699708717171513e-01
9.523996304603741248e-01
9.518161475659784321e-01
9.458022483646426615e-01
9.449363083133195396e-01
9.353246914197620443e-01
9.443913290083885137e-01
9.363361903870225378e-01
9.439921964101096741e-01
9.372643453021024529e-01
9.414654945346278003e-01
9.371701028546872703e-01
9.338682833281319873e-01
9.293605242710349934e-01
9.214633760339168145e-01
9.197454311511461533e-01
9.324904650664436190e-01
9.265785198041429638e-01
9.257288793493162471e-01
9.348090473393001476e-01
9.382552018123111459e-01
9.358102047761902575e-01
9.364350046317279075e-01
9.403171178994856882e-01
9.438349574893836191e-01
9.474575371071995988e-01
9.488740003852697003e-01
9.457286333663882383e-01
9.461053211372748573e-01
9.440313887525974001e-01
9.433660794915723624e-01
9.448402573843905916e-01
9.507197621611521710e-01
9.540114476060059800e-01
9.548119933035000839e-01
9.583329015610831947e-01
9.543793653828911427e-01
9.448941782057195260e-01
9.440946861531873679e-01
9.483822530997341183e-01
9.471290470276426676e-01
9.474218157390359440e-01
9.474441402249756949e-01
9.560059594396695948e-01
9.507605965719986285e-01
9.538187261263186834e-01
