2.250000000000000056e-01
0.000000000000000000e+00
0.000000000000000000e+00
0.000000000000000000e+00
9.612518021351685871e-01
1.208193878363822638e+00
8.172790762166309841e-01
9.896117506721442414e-01
1.057870475303094526e+00
1.103721884412954823e+00
1.090621127039179905e+00
1.080957337870440016e+00
1.091999008416994155e+00
1.032440297247729788e+00
1.004154836297553866e+00
9.872836485854310506e-01
1.055132961719224216e+00
1.032339089712180247e+00
1.021221313378703366e+00
1.094906437425755330e+00
1.125369651021352446e+00
1.133390109746718055e+00
1.126550705325481738e+00
1.115604796453343095e+00
1.086877649239832655e+00
1.107057941775448473e+00
1.112022306658856152e+00
1.141315825575037302e+00
1.141780283911731475e+00
1.131027310768040195e+00
1.089447411030024737e+00
1.042502975132107546e+00
1.018335191462170330e+00
1.029252638440888878e+00
1.117533118491806698e+00
1.147790659212156061e+00
1.151956091303764973e+00
1.159738617223180945e+00
1.109152511781354766e+00
1.062059050200665711e+00
9.677107777567680591e-01
9.238140526378640915e-01
9.557235513036750341e-01
9.981945679754684608e-01
1.010101484157153617e+00
1.031457854288760023e+00
1.062209705849435304e+00
1.094980606185375516e+00
1.099528797228567889e+00
1.104149828149626922e+00
1.109905990021396338e+00
1.096761113822748213e+00
1.106175880400144029e+00
1.130512152837172879e+00
1.116634390564994028e+00
1.125194157894871871e+00
1.107322194231688206e+00
1.073509421830912691e+00
1.078249852655275509e+00
1.090271898956532315e+00
1.090990065464114034e+00
1.083085288761614251e+00
1.077092581526333692e+00
1.055859605345823793e+00
1.069168655796688405e+00
1.115036897256831860e+00
1.118358937532984543e+00
1.091244926627964462e+00
1.052465533644949547e+00
1.057657902222846280e+00
1.072090039583410093e+00
1.070071084188823463e+00
1.069948691376077621e+00
1.082360213846582653e+00
1.063157442089436522e+00
1.063758836231929461e+00
1.066546990229097380e+00
1.062424485858512568e+00
1.059872831894982603e+00
1.048462374219593984e+00
1.063887128164188844e+00
9.923655121322390027e-01
1.038576058135753266e+00
1.028332758412098036e+00
1.024402582598424427e+00
1.030043741977669569e+00
1.076265533593205204e+00
1.104060605305321685e+00
1.129199219129169096e+00
1.108451140280762637e+00
1.097704825304238740e+00
1.072456973177011941e+00
1.073381521012054307e+00
1.061431921140938206e+00
1.069730694901073642e+00
1.075783432184376665e+00
1.075262843210274655e+00
1.077224175501451109e+00
1.088240096456353667e+00
1.084874622613841932e+00
