2.250000000000000056e-01
0.000000000000000000e+00
0.000000000000000000e+00
0.000000000000000000e+00
2.801475009725672982e-01
2.661341209892884585e-01
2.658473689878242396e-01
3.291168507186585379e-01
3.252812173970968113e-01
3.261738996374219934e-01
3.906336099521179883e-01
3.910055293932485632e-01
3.932803097049883956e-01
4.593239068377567569e-01
4.648420032253309797e-01
4.661007739211587841e-01
5.327258041009059752e-01
4.985630786141149184e-01
4.989659414950242677e-01
5.508215230253902250e-01
5.140639824941692915e-01
5.048094251952195410e-01
5.140863509199516956e-01
5.584022569840192407e-01
5.065081734680788594e-01
5.200715026129524299e-01
5.728774841846354660e-01
5.804667939299901214e-01
6.102485796767607162e-01
6.387487398459865684e-01
6.901161986480642829e-01
8.083227365552007049e-01
8.365726930362294977e-01
8.966697934529771485e-01
9.289047916804699101e-01
9.173570921864855343e-01
9.770494160307894305e-01
1.003727746047571756e+00
1.016569422150144675e+00
9.686734649772942296e-01
9.548580403650485104e-01
9.441176355166707168e-01
9.555285803183024562e-01
9.571565313787776530e-01
9.738708003572982275e-01
9.776837991748313916e-01
9.698190387809718649e-01
1.036899267280576131e+00
1.123132052099118150e+00
1.144137106052309338e+00
1.151734157109274292e+00
1.164040723831672786e+00
1.192965315854693786e+00
1.191684377870467770e+00
1.201631161906723477e+00
1.184631070137566411e+00
1.170269490888889541e+00
1.168561919568883667e+00
1.162569656191914991e+00
1.144296251011324372e+00
1.132795324116079305e+00
1.105622597040094579e+00
1.123163100601274333e+00
1.112022738257215648e+00
1.085094557997781539e+00
1.081243561065876602e+00
1.073121358626590860e+00
1.051537782158378231e+00
1.041929987153804360e+00
1.041783983159801918e+00
1.057348695446724163e+00
1.084220173851664359e+00
1.120199572149184641e+00
1.125567757501041655e+00
1.137713313018934302e+00
1.141414191596108463e+00
1.124881564936331735e+00
1.129714322247873826e+00
1.141764416782790725e+00
1.138428691719360675e+00
1.139869191832888928e+00
1.137058129463558442e+00
1.141898984747715007e+00
1.135864668646570985e+00
1.140705040131547054e+00
1.149344068056947554e+00
1.143209776515041964e+00
1.164950056367778597e+00
1.169497469241369325e+00
1.165543746699385208e+00
1.152387891621501348e+00
1.155905460541795104e+00
1.138661844413289215e+00
1.119587547227265389e+00
1.112356452683379571e+00
1.110563638535908115e+00
1.123564245102439241e+00
1.126642833586205095e+00
1.134597747285242209e+00
1.136773213613892386e+00
