2.250000000000000056e-01
0.000000000000000000e+00
0.000000000000000000e+00
3.987113905293781513e-01
3.469088068948906201e-01
3.005546486954528418e-01
2.118629556002126491e-01
2.191518919710973845e-01
2.378111099769440184e-01
2.523624877409015310e-01
3.751210337004222128e-01
3.817629290519038987e-01
3.973123896402787070e-01
3.587611191993026472e-01
4.463227269457280544e-01
5.479092020076503644e-01
5.653740780228564411e-01
5.759457282545483725e-01
5.843928794342991839e-01
5.966995008867507222e-01
5.867118477572944579e-01
6.077252104193503479e-01
6.360069967920652934e-01
6.401841851767268166e-01
6.263768796468504041e-01
6.196450727423976623e-01
6.219342687082145549e-01
6.416679087898544687e-01
6.413140234750394075e-01
6.395095062229441130e-01
6.113371116234795899e-01
5.906613034483505498e-01
5.882236072785628211e-01
5.775805656925949716e-01
5.660859805941667044e-01
5.565646352678920161e-01
5.612810043054428100e-01
5.777621210642496230e-01
5.792550813771198959e-01
5.833686416888377302e-01
5.678106893470724614e-01
5.537192848865486461e-01
5.392136770210121943e-01
5.362167602877000450e-01
5.318322042729508592e-01
5.341327474574804057e-01
5.276084104313464307e-01
5.274164321121096455e-01
5.450297663602970966e-01
5.595831641528684619e-01
5.709680411309786541e-01
5.726440200715384732e-01
5.705446133043519108e-01
5.564205273349964731e-01
5.482967609882726245e-01
5.427840560250974944e-01
5.460235136510259712e-01
5.452079239789255904e-01
5.516782102105559638e-01
5.566055284232370726e-01
5.439426984523143549e-01
5.279311271792828109e-01
5.155195847835345457e-01
5.018067191901884883e-01
4.823105936435160279e-01
4.689944497710593074e-01
4.644883190747965407e-01
4.554079084712555625e-01
4.584893265508983018e-01
4.671486874447612903e-01
4.883322109018804480e-01
5.277328647953967167e-01
5.542489121544952324e-01
5.549176167740550447e-01
5.547190726742182720e-01
5.621490127364193734e-01
5.571631369050353833e-01
5.587024087181950982e-01
5.608286700384862433e-01
5.844730076401939423e-01
5.805815563064933293e-01
5.664806657421808112e-01
5.530578732290623023e-01
5.567422950495583001e-01
5.371930787454539669e-01
5.359488097702107545e-01
5.271128571482276426e-01
5.145944714662890052e-01
5.078728482582561821e-01
5.076921312894790983e-01
5.148642891346484340e-01
5.192573780406635198e-01
5.226804696854117083e-01
5.212990985510793651e-01
5.232919772411217529e-01
5.118877379654835913e-01
5.099496398691882870e-01
5.142777721223845688e-01
5.162847164596908733e-01
5.181375697124446233e-01
