2.250000000000000056e-01
0.000000000000000000e+00
0.000000000000000000e+00
0.000000000000000000e+00
0.000000000000000000e+00
0.000000000000000000e+00
0.000000000000000000e+00
0.000000000000000000e+00
0.000000000000000000e+00
0.000000000000000000e+00
0.000000000000000000e+00
0.000000000000000000e+00
0.000000000000000000e+00
7.305452572506795916e-02
1.039806912568329161e-01
1.045046233853225565e-01
1.363100511835469153e-01
1.387848029744467027e-01
1.598517076126152736e-01
1.656918703615610222e-01
2.164317144807489102e-01
3.594735270302301111e-01
3.667588492587730009e-01
7.016158413683090123e-01
7.882403743210676383e-01
8.073808743669479426e-01
9.146555020890395626e-01
9.880714973456748984e-01
1.037097904269943305e+00
1.074265307320289908e+00
1.076253096823666988e+00
1.056725423635832106e+00
1.002979300455807410e+00
9.729729892164926675e-01
9.474639288385038327e-01
9.469998809013173702e-01
9.423384446432598871e-01
9.608029446809482899e-01
9.892140068035815137e-01
9.845610459903216816e-01
1.000833512923745561e+00
1.023270733245563502e+00
1.049624867324127075e+00
1.054742435125379130e+00
1.049316539097395751e+00
1.036007025889378319e+00
9.919179216978393221e-01
9.672080535919450606e-01
9.544640028101615270e-01
9.588444012266096328e-01
9.511323868902911149e-01
9.636072200796644838e-01
9.830970011476115600e-01
1.000404154809240165e+00
1.051802621090373258e+00
1.056838612231417729e+00
1.054504981847915301e+00
1.056382723210858021e+00
1.059721934590091452e+00
1.053729508886514843e+00
1.049572537013669260e+00
1.069930175006182038e+00
1.044664020798898196e+00
1.022152142770878624e+00
1.033362442544313531e+00
1.011297057763356433e+00
1.014222071228407795e+00
1.005304009515390895e+00
1.003376150182794246e+00
1.016911362992378276e+00
1.012234256055970061e+00
1.043241763241897990e+00
1.061820933538482059e+00
1.068664401414804566e+00
1.093112947360801446e+00
1.105607863049220096e+00
1.106400270647197370e+00
1.099460852768274099e+00
1.100478354205243203e+00
1.107710441311109628e+00
1.085782710560020181e+00
1.066900356341225597e+00
1.060560800741095600e+00
1.053598271394920127e+00
1.055404205380517046e+00
1.051656369303608729e+00
1.060617932762180082e+00
1.062580492438395030e+00
1.057807768541800142e+00
1.067732398041936870e+00
1.086556647624009386e+00
1.099336037099072350e+00
1.112127407574826865e+00
1.118883347015032781e+00
1.130200023140720322e+00
1.132261660036006257e+00
1.138948176729187578e+00
1.140724456306630552e+00
1.143496107238717752e+00
1.147491561265471249e+00
