2.250000000000000056e-01
0.000000000000000000e+00
0.000000000000000000e+00
0.000000000000000000e+00
1.780063888331579747e-01
2.086034044850256508e-01
2.355121272572751057e-01
2.561688664714491526e-01
3.804045686976177398e-01
6.461976556882645939e-01
7.257949407036711209e-01
7.939365277455692205e-01
8.656526866298469569e-01
9.332290401360585630e-01
9.720060596420619925e-01
9.726643262145728830e-01
9.840665170358164904e-01
9.925309241586488529e-01
9.829869886255429012e-01
9.690937067151972339e-01
9.690118502886593266e-01
9.610054855905570959e-01
9.595601673567580869e-01
9.489508123394312378e-01
9.295000373034024710e-01
9.161247443141938840e-01
9.056121908129555198e-01
8.865113679334820640e-01
8.644647913481103840e-01
8.467751427123072494e-01
8.235344185750455015e-01
8.155806254034740910e-01
7.959279520618620651e-01
7.757526891105981370e-01
7.859659743049406400e-01
7.925542888575793921e-01
8.012495907571483000e-01
8.074067149470331994e-01
8.198595744185775969e-01
8.201723500417060775e-01
8.248018941708732399e-01
8.676248658310102835e-01
8.842003504132492919e-01
8.865560618048887731e-01
8.909635717827799617e-01
9.003614035518577863e-01
9.009373738303116941e-01
9.011756934714471035e-01
9.116342246634576707e-01
9.091667310300067806e-01
9.103596197670156265e-01
9.077376975545866644e-01
9.031383844777667314e-01
8.985717996460055312e-01
8.896317189027727057e-01
8.766014910951970274e-01
8.609226709636196295e-01
8.531900212890212165e-01
8.473861070693775588e-01
8.419338247673978648e-01
8.434005291970575469e-01
8.346217401182310924e-01
8.316166107880641478e-01
8.320431872350237956e-01
8.300726736662533689e-01
8.248373131166945038e-01
8.357161838879951787e-01
8.402624281996442512e-01
8.441938503479032851e-01
8.524996263595845392e-01
8.620733441577114187e-01
8.703631775980179563e-01
8.702901946552235035e-01
8.797687517816086267e-01
8.764854590132904466e-01
8.777300889983588039e-01
8.793418286367481462e-01
8.793325873740377441e-01
8.807028407232259104e-01
8.831033899311354629e-01
8.842718940761324919e-01
8.769527361666762388e-01
8.727277036384868403e-01
8.649034375114925677e-01
8.579248022227899950e-01
8.512182778597959798e-01
8.479569908041404425e-01
8.478964221047613492e-01
8.445346032129796843e-01
8.418706912074511717e-01
8.396368980855397623e-01
8.434947743199191494e-01
8.487001946082263215e-01
8.567303936604148129e-01
8.657902641447183800e-01
8.660407906100692221e-01
8.628416849002713551e-01
8.588597104183394171e-01
8.596942500104067797e-01
8.655910000656757974e-01
