2.250000000000000056e-01
0.000000000000000000e+00
0.000000000000000000e+00
9.585386990155010389e-01
8.854920271138821963e-01
8.588806184778139396e-01
8.574350874016015700e-01
9.686789792753990325e-01
9.935196535344893443e-01
9.983304703661521895e-01
1.011574979890803583e+00
1.101436168555832040e+00
1.105862757269424179e+00
1.112193557638004204e+00
1.119678149273049872e+00
1.091250212643728013e+00
1.068754529771717143e+00
1.069282009171271364e+00
1.043120948890807531e+00
1.031078890453418717e+00
1.032387628900189869e+00
1.035551055419362987e+00
1.032407267202820167e+00
1.022777464213710408e+00
1.036493198235447943e+00
1.026092503309269377e+00
1.004690928386172688e+00
1.009346372782806256e+00
9.947702405810460169e-01
9.949535047247141106e-01
9.852211982816555524e-01
9.798360065662938823e-01
9.860369640814240499e-01
9.920124084781228868e-01
9.993112398637682414e-01
1.010066466198795254e+00
1.013398771242639995e+00
1.025161331034936341e+00
1.018785397634146772e+00
1.003010988000949677e+00
9.852230972693396538e-01
9.696515939667159634e-01
9.603788044036476457e-01
9.557795546664977770e-01
9.541327222902098448e-01
9.692138692042525649e-01
9.672084793523131330e-01
9.646277953661639426e-01
9.771036474619009260e-01
9.855438862292592583e-01
9.854706976308387212e-01
9.873833271649373744e-01
9.930484781676054418e-01
9.892545349727587256e-01
9.850121453344911071e-01
9.887734733517793417e-01
9.903334130772619703e-01
9.947977444859138485e-01
1.004530526815881508e+00
9.965760742055300714e-01
9.962198199705124546e-01
1.005708395062422600e+00
1.012153288732144274e+00
1.011075669470722582e+00
1.028556522475314594e+00
1.031697453604062620e+00
1.034156402045868672e+00
1.030546546572650213e+00
1.043720214057580531e+00
1.043115210721669239e+00
1.042472144436467740e+00
1.032812740818934261e+00
1.024323361376318964e+00
1.016338428416158290e+00
1.007511132929244102e+00
1.014951292647453984e+00
1.014924142439457055e+00
1.014781114412821150e+00
1.020914049848656635e+00
1.029797434728010774e+00
1.028363876601352755e+00
1.023230153197324022e+00
1.018900354233499339e+00
1.019142968815807571e+00
1.014753397568496585e+00
1.023873395549992571e+00
1.024078485138588013e+00
1.026152828008716655e+00
1.028960606145058909e+00
1.025671455650780883e+00
1.022662153862848644e+00
1.017119383348338513e+00
1.015181597639932543e+00
1.021900139733193491e+00
1.019262643023738812e+00
1.014896572179887047e+00
1.005777683426241742e+00
1.006091956525945852e+00
1.012798686822348415e+00
1.018764426027607195e+00
