2.250000000000000056e-01
0.000000000000000000e+00
0.000000000000000000e+00
2.992426553932427402e-01
2.992426553932427402e-01
3.663596733863444532e-01
4.390433001196826779e-01
5.029232265938917701e-01
4.505146989521735534e-01
4.276628815266363404e-01
4.369271110595305818e-01
4.313420717844081986e-01
4.457518628038074637e-01
4.374013914629527600e-01
4.559781442432837006e-01
4.806692911644065980e-01
5.337650725597585799e-01
5.300498053074748084e-01
5.947607447820181248e-01
6.076674957440945102e-01
6.653845183826267995e-01
7.682590704090245248e-01
9.502138125511491173e-01
1.011590434618378387e+00
1.103628190565503653e+00
1.202049011884149365e+00
1.270065945464804669e+00
1.345320928762684165e+00
1.429011201013366428e+00
1.456212134789838020e+00
1.547398965866514597e+00
1.597238777496325035e+00
1.638533155094629379e+00
1.636641796205759780e+00
1.641820595559790874e+00
1.660861545371463466e+00
1.673636662015015819e+00
1.825345197241870165e+00
1.831651755300499396e+00
1.838416887795998544e+00
1.844357302376935293e+00
1.824094117461710018e+00
1.780953106587551016e+00
1.750146546005208359e+00
1.718093332373685334e+00
1.698244967151597562e+00
1.673543742843634163e+00
1.678143320588320053e+00
1.670980902468425233e+00
1.674811479486499000e+00
1.715487410854459549e+00
1.723590944566530059e+00
1.731682784394325214e+00
1.752675222719858539e+00
1.804713457266250209e+00
1.830708067837045983e+00
1.861252020761207771e+00
1.874463598228993888e+00
1.883240402546077386e+00
1.867035615401417381e+00
1.854385293135158541e+00
1.833118286607742009e+00
1.815913033523745002e+00
1.794119873619029581e+00
1.776119629543473355e+00
1.770543355088668003e+00
1.766673244845692992e+00
1.769567480673992055e+00
1.780435514840560618e+00
1.829231370195140816e+00
1.834264752599771953e+00
1.839279277896520348e+00
1.831445867617632839e+00
1.871922674293859945e+00
1.871817467198447771e+00
1.858716847308116815e+00
1.857283665949528206e+00
1.846348600907571136e+00
1.840380821797844124e+00
1.826576400404180456e+00
1.814737130644144658e+00
1.822132459463228216e+00
1.828906039752280055e+00
1.826116597944053455e+00
1.830582557749757200e+00
1.837744460104387079e+00
1.844699678156911826e+00
1.856913744777924924e+00
1.877351805447784017e+00
1.875100472978654231e+00
1.885231095439101834e+00
1.882884946509323365e+00
1.878523308131074820e+00
1.869687227460795631e+00
1.872058973664760373e+00
1.866203164894302713e+00
1.856809544301533332e+00
1.853385705643955994e+00
1.841824364867865604e+00
1.833680800798991983e+00
