2.250000000000000056e-01
0.000000000000000000e+00
0.000000000000000000e+00
0.000000000000000000e+00
0.000000000000000000e+00
0.000000000000000000e+00
0.000000000000000000e+00
0.000000000000000000e+00
0.000000000000000000e+00
0.000000000000000000e+00
0.000000000000000000e+00
1.775313624183855854e+00
1.757936746148535123e+00
1.757668837428589592e+00
1.740410712462627352e+00
1.734318774141033970e+00
1.733013289425854087e+00
1.701059425747904141e+00
1.670542892409487612e+00
1.630131218389210046e+00
1.540399431579096534e+00
1.481976949690478218e+00
1.455206673683273166e+00
1.406709557795365662e+00
1.322287939494212861e+00
1.268072835493886830e+00
1.263125299200622331e+00
1.209794285497748145e+00
1.162924393176659299e+00
1.131577187680565588e+00
1.113160609762190223e+00
1.079439888693693561e+00
9.978396495169349345e-01
9.630845905932828854e-01
9.476783946765365840e-01
9.307510541473815735e-01
8.821466791276040276e-01
8.632668262883043120e-01
8.413307059649326458e-01
8.356730900142119722e-01
8.443326348111684920e-01
8.415174659977002758e-01
8.396103701041982559e-01
8.243233119786160801e-01
8.635729011827639745e-01
8.941056905754906081e-01
8.979352593635774316e-01
9.125607541167755077e-01
9.058902525368557335e-01
9.353260729279977426e-01
9.539220429707840898e-01
9.717945347791477895e-01
1.004444725686010065e+00
1.019645654815031666e+00
1.017668105228683562e+00
1.024435743487006389e+00
1.034893620027005801e+00
1.065802552939759673e+00
1.059501612256055880e+00
1.062810175506004651e+00
1.053136413987473485e+00
1.041916224522844381e+00
1.020036817182128797e+00
9.957586136530880427e-01
9.798711051784516624e-01
9.818586582048922651e-01
9.846622624373482235e-01
1.004205750591916191e+00
1.042065958595417730e+00
1.088548002589722730e+00
1.126420481946176499e+00
1.147837538369164800e+00
1.183930753053535234e+00
1.202740834082483889e+00
1.207251660082165889e+00
1.205455232841092128e+00
1.183873022715708823e+00
1.150451100031957719e+00
1.102077215145266909e+00
1.060480041640275317e+00
1.045429565707071351e+00
1.041056084821186500e+00
1.042292522106264885e+00
1.039483897873149987e+00
1.021768246055983376e+00
1.029391265318032378e+00
1.033263960000427417e+00
1.045399027117675406e+00
1.050701766431384687e+00
1.049958735062495041e+00
1.052053801721344550e+00
1.052739367944093507e+00
1.049112131215965915e+00
1.038485463308717049e+00
1.052264389835017910e+00
1.063566438462536956e+00
1.108931182581816444e+00
1.123281174160073892e+00
1.117357008461584256e+00
1.106794439234876526e+00
