2.250000000000000056e-01
0.000000000000000000e+00
0.000000000000000000e+00
0.000000000000000000e+00
0.000000000000000000e+00
0.000000000000000000e+00
0.000000000000000000e+00
0.000000000000000000e+00
0.000000000000000000e+00
0.000000000000000000e+00
0.000000000000000000e+00
2.034797328362338842e-01
2.811787950810104575e-01
2.814804811397496609e-01
3.239450048786638447e-01
3.246569610416050189e-01
3.703660539178741384e-01
3.730404352085059938e-01
1.217413467901842905e+00
1.450641918308513301e+00
1.435500638814518171e+00
1.460261578348601041e+00
1.476410785840100326e+00
1.446030749665893955e+00
1.663264229223897273e+00
1.651329993051299461e+00
1.640125039499503279e+00
1.424272723769832938e+00
1.325584571003552758e+00
1.235345764199778040e+00
1.218488125453760951e+00
1.180037391301430816e+00
1.174671233213762545e+00
1.120778931264627687e+00
1.112942734562356151e+00
1.096751674082135919e+00
1.116550315086631162e+00
1.176696368311545005e+00
1.187420305190983516e+00
1.201533281486667271e+00
1.242845839360875893e+00
1.277636111974230104e+00
1.280688538006761190e+00
1.297854867173994009e+00
1.344235127087711978e+00
1.402113423209857768e+00
1.407050752934250415e+00
1.403052860846078831e+00
1.404274573829412898e+00
1.379129034428284717e+00
1.378426536586394135e+00
1.353417092586153725e+00
1.329531918021498837e+00
1.347382171353542990e+00
1.340391895130850664e+00
1.339501460960668355e+00
1.289597379988488557e+00
1.271137730678861155e+00
1.310382560211703185e+00
1.309432077327466359e+00
1.287234655725031818e+00
1.298180330118601011e+00
1.295287613472558608e+00
1.278843742753551505e+00
1.269237900136629404e+00
1.290368960393648790e+00
1.305306618865860413e+00
1.302954119082171625e+00
1.303164456444606545e+00
1.281421593547716897e+00
1.259637484131750362e+00
1.248895186800101031e+00
1.243616077568047151e+00
1.252958830096012166e+00
1.252590135204705524e+00
1.261616111730330392e+00
1.266190845557830569e+00
1.285339003215339559e+00
1.270057743799765104e+00
1.256846024821826280e+00
1.262808794167411541e+00
1.268537171657277085e+00
1.269157675704357890e+00
1.282126679480361853e+00
1.285941150440239822e+00
1.286578547310824883e+00
1.303119559530348859e+00
1.320811778468637954e+00
1.316711492898085867e+00
1.336099414560148801e+00
1.346498458279893340e+00
1.366721718629670956e+00
1.374032690933873146e+00
1.373054162894602248e+00
1.375772301811954312e+00
1.387179922268370502e+00
1.391881986002451832e+00
1.382024417798255911e+00
1.342925458154347496e+00
1.299094608060752165e+00
