2.250000000000000056e-01
0.000000000000000000e+00
0.000000000000000000e+00
0.000000000000000000e+00
0.000000000000000000e+00
1.140862512080961677e+00
1.079916123930103833e+00
1.039278311601247173e+00
1.039982664830787273e+00
1.026085689890084751e+00
1.010838301277050322e+00
9.886506889128655606e-01
9.734983367300760193e-01
9.546285238537219886e-01
9.996953419771195115e-01
1.001035607402956273e+00
1.002640816962401482e+00
1.004351715137651979e+00
1.006040769790170319e+00
1.000630528757151083e+00
9.712670811279980887e-01
8.963253312301431297e-01
8.288928133972799372e-01
9.030406145688947284e-01
9.527614537654999216e-01
9.817879736626299314e-01
1.016670191741198659e+00
1.021077391394107581e+00
1.020463672646056086e+00
1.020212821231656797e+00
1.020663972177894063e+00
1.019037642472969241e+00
1.001686210424848511e+00
1.026571456663616377e+00
1.026854411116655097e+00
1.040027462979204120e+00
1.053120711438570112e+00
1.039953484857492949e+00
1.027125723789246603e+00
1.013732145195931356e+00
9.939253946568008535e-01
9.702430294871168259e-01
9.724835310947278488e-01
9.591074840592979101e-01
9.618506957788600653e-01
9.324301128796144145e-01
9.010176449751132743e-01
8.479331888794615635e-01
8.334207312633896692e-01
8.231590154047716545e-01
8.139245207145653360e-01
8.500412886321573325e-01
8.642681238572279545e-01
8.666224047872305158e-01
9.040342183133577292e-01
8.932232141571577744e-01
8.803003964767779355e-01
8.687866626890571320e-01
8.654800793993738806e-01
8.643824747706527756e-01
8.735283419901227475e-01
8.860825410750665654e-01
9.077135044893767102e-01
9.206676199050728426e-01
9.206817903509686429e-01
9.084819257396665737e-01
9.119350612376937448e-01
9.099626696794177461e-01
9.018429466888506774e-01
8.919867610811260672e-01
9.006782874785392856e-01
9.289855552172535669e-01
9.362410675833797713e-01
9.513659215416077064e-01
9.681587512773205395e-01
9.797272032959626342e-01
9.892524660763413191e-01
9.795572595799190152e-01
9.789376796630021582e-01
9.756030785157124852e-01
9.766213594896088201e-01
9.822710079555225793e-01
9.789818631170383867e-01
9.584003875137336870e-01
9.335982894320402625e-01
8.967081921170225733e-01
7.839413378005147814e-01
7.577518182070999142e-01
7.968271135754826373e-01
7.928513991658485693e-01
8.562655947885146057e-01
8.805362607630741190e-01
8.931103546795782222e-01
9.133968201601209147e-01
9.078202053965941376e-01
8.920828251099420791e-01
8.885338695873997716e-01
8.669298110166043791e-01
8.680519090352470934e-01
8.548568992557039614e-01
