2.250000000000000056e-01
0.000000000000000000e+00
1.705318820115082068e-01
1.695455713338422377e-01
1.999381041286065197e-01
2.176651577163664641e-01
2.260285006453208734e-01
2.562732777951673424e-01
2.750611380132647055e-01
2.881213473103654277e-01
3.122389359450022384e-01
3.262666329088587669e-01
3.381841553053011595e-01
3.484585044642272700e-01
3.654449163402305745e-01
3.632117638331364695e-01
3.739801497045313061e-01
3.925415545439168707e-01
4.077431199217832480e-01
4.159765464179644989e-01
4.164346198379846875e-01
4.396714948659041222e-01
4.585987519803894630e-01
4.611202401910763915e-01
4.662287229714025538e-01
5.015876253851047073e-01
5.224700161970244894e-01
5.227972157653858476e-01
5.386987098310117572e-01
5.442914066876430867e-01
5.705784723781438528e-01
5.769112557130732233e-01
5.867014584001495336e-01
5.859075718705427649e-01
6.121739832515781243e-01
6.287971780561433244e-01
6.662555720726031083e-01
7.006996331914500109e-01
7.001900666525882055e-01
7.015034375478872430e-01
7.060974898189097404e-01
6.936144619602431227e-01
7.365930578950911078e-01
7.853200721611919288e-01
8.005650905212509105e-01
8.577068037882978890e-01
8.783383738473042879e-01
8.851847530858553137e-01
9.117171063961966304e-01
9.297432334725228564e-01
9.215882603509628623e-01
9.314807200046316682e-01
9.430876393802821722e-01
9.507998409175462129e-01
9.510642930561042929e-01
9.530566848947089609e-01
9.602368524466674549e-01
9.630273310014200172e-01
9.812070673087163186e-01
9.829350511779881838e-01
9.770608575445675070e-01
9.855326322464144084e-01
9.871299696514550526e-01
9.999355289548169656e-01
9.893919071454694292e-01
9.693736511300479197e-01
9.741161427485655055e-01
9.761884720710513053e-01
9.773255546070469535e-01
9.773040848700890182e-01
9.705444951442102619e-01
9.777471750835166064e-01
9.680041229570821582e-01
9.576886761384819646e-01
9.520863846620145621e-01
9.506117488388057257e-01
9.485584827774959926e-01
9.395746038188933502e-01
9.420944665491541858e-01
9.340024464278268157e-01
9.330331668145451784e-01
9.290349131804627181e-01
9.235424588957739100e-01
9.283944384642143222e-01
9.282558757494053792e-01
9.363980208678794881e-01
9.365641719410385813e-01
9.289467941287509190e-01
9.209456067163053206e-01
9.196982446761885477e-01
9.121563241201616767e-01
8.967112881383525469e-01
8.827002057816103475e-01
8.769147072021252765e-01
8.635420319853664983e-01
8.522479671751490571e-01
8.591557153314837159e-01
8.687716184537654929e-01
8.733978650099455399e-01
8.689831305339711376e-01
