2.250000000000000056e-01
0.000000000000000000e+00
0.000000000000000000e+00
0.000000000000000000e+00
0.000000000000000000e+00
0.000000000000000000e+00
0.000000000000000000e+00
0.000000000000000000e+00
1.253892134644319700e+00
1.208073295961309634e+00
1.165922511756862789e+00
1.124131090843252245e+00
1.081711178022019881e+00
1.533683801116456857e+00
1.542190440762448045e+00
1.517411741905674516e+00
1.464990424515825174e+00
1.447621198303009615e+00
1.386708294185610146e+00
1.368750624862262066e+00
1.354490451485591551e+00
1.306015280436491288e+00
1.250489511256679842e+00
1.240537704991782064e+00
1.290122256167181680e+00
1.328125182520552228e+00
1.307830870735764872e+00
1.323328266450584545e+00
1.312079963572298613e+00
1.320162965604050109e+00
1.316868028458116457e+00
1.312584165241126533e+00
1.314702898611367132e+00
1.310345720190672303e+00
1.302250780982088907e+00
1.296432735532537794e+00
1.303115843638987803e+00
1.308293326218458175e+00
1.303766193044946897e+00
1.312818118301998460e+00
1.304189100346880403e+00
1.305990843884452079e+00
1.295962438342216361e+00
1.288894974547171390e+00
1.281457756079368293e+00
1.274999538951757216e+00
1.270653322165782972e+00
1.273637326741430043e+00
1.269449187612101015e+00
1.274257191081458851e+00
1.288528792418222713e+00
1.267874801160514764e+00
1.245796701321254085e+00
1.214968810654255549e+00
1.205384017844852051e+00
1.203741422972703035e+00
1.176769476646400525e+00
1.185119079268901032e+00
1.188324559624087229e+00
1.198138110918415267e+00
1.214001820371635176e+00
1.223397656064266981e+00
1.242082942799963341e+00
1.254715052694773902e+00
1.264669144503205223e+00
1.282860648217173161e+00
1.318627820989815680e+00
1.337211800242374293e+00
1.333834115498955031e+00
1.344822326171656535e+00
1.343004005076978036e+00
1.340786999263204216e+00
1.343001442249737165e+00
1.334654258641156943e+00
1.324358686795378270e+00
1.320520486593561138e+00
1.311536812700812460e+00
1.301451223021684811e+00
1.311901501683757409e+00
1.303571462355659794e+00
1.319217512754812471e+00
1.318435529797133077e+00
1.306271803317668345e+00
1.298011686552026367e+00
1.295685996809591956e+00
1.291185325843378084e+00
1.292575110016370488e+00
1.295046034991047534e+00
1.291483690429810816e+00
1.291976156989485869e+00
1.289813609973863295e+00
1.271355486428347170e+00
1.253465991578466499e+00
1.244027808660179479e+00
1.225399742254891455e+00
1.217985866665581174e+00
1.222291982877883765e+00
1.222368978528316497e+00
1.216737638909948238e+00
1.206081522850280363e+00
