2.250000000000000056e-01
0.000000000000000000e+00
0.000000000000000000e+00
0.000000000000000000e+00
0.000000000000000000e+00
0.000000000000000000e+00
0.000000000000000000e+00
0.000000000000000000e+00
0.000000000000000000e+00
0.000000000000000000e+00
0.000000000000000000e+00
1.718463666567746184e+00
1.718463666567746184e+00
1.621483151659179223e+00
1.664056519842921356e+00
1.667688830300750435e+00
1.652872128706116106e+00
1.635299791748342502e+00
1.637291867489571562e+00
1.576050851274428455e+00
1.470281922324817581e+00
1.417503509478332147e+00
1.225168571741941603e+00
1.132359136430826752e+00
1.000130908493995552e+00
9.481992228887086149e-01
9.142144854539302479e-01
8.292843873337429894e-01
8.227762730450500772e-01
9.188453966000057482e-01
9.511584023118241360e-01
9.389752929817172244e-01
9.557846435175728628e-01
9.529985289130356030e-01
1.028445931831396765e+00
1.068034169452504845e+00
1.074754484743949856e+00
1.165966125538876241e+00
1.206905902086148119e+00
1.248449002145696429e+00
1.292724936039051808e+00
1.290399601191850376e+00
1.289759724134697194e+00
1.278736673757572273e+00
1.287986950618532189e+00
1.314848109945906840e+00
1.297045968446914666e+00
1.306552751722352745e+00
1.297830941284856765e+00
1.263410902516361567e+00
1.254933603435754774e+00
1.236111152306586192e+00
1.220282281520550072e+00
1.215539805825607722e+00
1.202919924699403564e+00
1.226461417175842339e+00
1.205720474876430526e+00
1.168941734593687887e+00
1.142179178332642486e+00
1.086609214666531376e+00
1.046723765425694008e+00
1.041063582305021162e+00
1.036934098037243235e+00
1.021160890147002620e+00
1.025481263806662380e+00
1.042548299619646235e+00
1.044577508975187641e+00
1.066527815376238308e+00
1.079765249212534917e+00
1.097958027591628527e+00
1.169825732114545769e+00
1.202026218571689453e+00
1.205053034652962873e+00
1.198072343778052939e+00
1.203537041094326021e+00
1.188080628155080198e+00
1.190598619681327630e+00
1.201330420367001883e+00
1.215814315306507742e+00
1.225912677856487942e+00
1.249574074966687265e+00
1.218727924016045128e+00
1.187770137201074494e+00
1.150850070999830610e+00
1.108341687923223295e+00
1.065305188481950660e+00
1.061292200990973988e+00
1.071468041404520344e+00
1.105738115922724418e+00
1.101717774919458659e+00
1.144466285451636089e+00
1.188527605117133179e+00
1.217138239815855671e+00
1.233363331166265953e+00
1.247544342583261301e+00
1.256833482737403251e+00
1.285402313578191569e+00
1.290544241265635605e+00
1.325535290161795388e+00
1.334235475502249191e+00
