2.250000000000000056e-01
0.000000000000000000e+00
0.000000000000000000e+00
0.000000000000000000e+00
0.000000000000000000e+00
0.000000000000000000e+00
0.000000000000000000e+00
0.000000000000000000e+00
0.000000000000000000e+00
0.000000000000000000e+00
0.000000000000000000e+00
0.000000000000000000e+00
0.000000000000000000e+00
0.000000000000000000e+00
0.000000000000000000e+00
0.000000000000000000e+00
8.349793418258774635e-02
6.864091735022112561e-02
1.195450467280870788e-01
1.074707657370047170e-01
1.444712099348416101e-01
1.353201009174456182e-01
1.379506775421497078e-01
1.817145694178665116e-01
1.681386685161853634e-01
1.752577931251425580e-01
2.291147121211004611e-01
2.192301684949020391e-01
2.132800147293382464e-01
2.322183754885004947e-01
2.837964026937110917e-01
2.812743977983228061e-01
2.788259823158231732e-01
3.552154241058717576e-01
5.349051195260964287e-01
6.226452070248643667e-01
6.636137892323542564e-01
6.916803273346154857e-01
6.943750168202639239e-01
7.006621008173394838e-01
6.946222943529380967e-01
6.930643909938135616e-01
6.687017708202194211e-01
6.574991862634521622e-01
6.442025529879095158e-01
6.298852018474585535e-01
6.242016494328080922e-01
6.207684315014826426e-01
6.073309814227336734e-01
5.919295742138573901e-01
5.923847473601536739e-01
5.910964900361022067e-01
5.896837934029982575e-01
5.903116859406706274e-01
5.697037151758644891e-01
5.733966329584436750e-01
5.706958274998271685e-01
5.499225030117174118e-01
5.486789145898423037e-01
5.524829124584688111e-01
5.517204524733713145e-01
5.606273028818923310e-01
5.917634986533620856e-01
5.943282629485847623e-01
6.116866588409123340e-01
6.204532470563091096e-01
6.275730109197089623e-01
6.220635821236881746e-01
6.324087873587286301e-01
6.373270616640381858e-01
6.511034438485656661e-01
6.422332068796794413e-01
6.431613621086942345e-01
6.436800241882419948e-01
6.444000412237048669e-01
6.453261204644608062e-01
6.501473522638308022e-01
6.466002440950291419e-01
6.480591371341397622e-01
6.438585717869783620e-01
6.363669126274130727e-01
6.321500731259005468e-01
6.233575248430930360e-01
6.299774638472745991e-01
6.380835258118665587e-01
6.469488536728169592e-01
6.567037864529207125e-01
6.573886609695275274e-01
6.610918254849096343e-01
6.564608035327239577e-01
6.579673093395813632e-01
6.612386249723114506e-01
6.582954860137946174e-01
6.547484327593434683e-01
6.525940006186239373e-01
6.571658324906983761e-01
6.612604196897828857e-01
6.620833046006757705e-01
6.665543565436029549e-01
6.624299909756311555e-01
