2.250000000000000056e-01
0.000000000000000000e+00
0.000000000000000000e+00
8.047386440380365213e-01
7.118733321111617718e-01
5.792134535140968099e-01
6.104653057293194518e-01
7.463253258377273713e-01
6.983936924369826826e-01
7.211639920371361034e-01
7.331027529305482737e-01
7.221401747105002933e-01
7.466731446295572505e-01
7.648911350294846923e-01
7.619507922273979217e-01
7.804864762424461588e-01
7.944541922522799782e-01
8.200437246795934110e-01
8.321107544449267701e-01
8.359862925409395906e-01
8.558464440910319437e-01
8.662651629263105058e-01
8.655743198823742102e-01
8.702834070806628741e-01
8.186375933437406438e-01
8.275136739898500959e-01
8.372090484928152998e-01
8.447816041950735322e-01
8.349014698315762040e-01
8.227354918280809226e-01
8.145990683320367687e-01
8.156934455360258518e-01
8.151428419470982956e-01
8.279629571189210946e-01
8.225372867604816562e-01
8.107283071394252305e-01
7.932018467291367392e-01
7.848896642273263113e-01
7.752405214670492484e-01
7.739121321338862103e-01
7.788367631077005582e-01
7.723298000635375749e-01
7.771027671132814119e-01
7.871050271074587767e-01
7.947206491745466561e-01
7.889715029329938956e-01
7.916701588325609773e-01
8.032865722355666538e-01
8.057709313242022997e-01
8.074548994027015425e-01
8.114251929442193312e-01
8.077256214300566617e-01
8.135716989286527756e-01
8.205397596506934788e-01
8.275802273542220977e-01
8.275723474737578522e-01
8.251214253638355922e-01
8.287212818135375469e-01
8.230129244006715306e-01
8.219520447739547819e-01
8.244758967796926852e-01
8.233858776721852957e-01
8.190134154605557271e-01
8.140838493680333521e-01
8.115253302600935470e-01
8.131390088857769483e-01
8.159463266282213079e-01
8.148906785066869496e-01
8.158508095463802290e-01
8.206167627688767396e-01
8.222224466920924346e-01
8.197127631374915291e-01
8.183190115839343859e-01
8.167307823952671963e-01
8.149447214504683679e-01
8.204080296763143210e-01
8.274815482557628110e-01
8.363180653733868208e-01
8.411447812001359159e-01
8.437266744892893966e-01
8.415054670387007718e-01
8.496724868736216241e-01
8.471270604612751720e-01
8.536750675874674732e-01
8.546003477160492023e-01
8.531660343105774702e-01
8.537716482168369314e-01
8.517465457265182005e-01
8.561517028887102310e-01
8.598653785103611558e-01
8.618033283242197973e-01
8.604978004417924708e-01
8.572482417497705454e-01
8.599520383660419487e-01
8.590979188892614582e-01
8.567752056683697326e-01
8.537647304832637341e-01
8.485297335261561269e-01
8.430822369528448990e-01
8.446161459653367398e-01
