2.250000000000000056e-01
0.000000000000000000e+00
0.000000000000000000e+00
1.156745719298271302e+00
9.598010566909612740e-01
9.388672179571235787e-01
9.448585680147335575e-01
9.189849834304792964e-01
1.091228236743572166e+00
1.107000030227842435e+00
1.185708373240762947e+00
1.212692936082023776e+00
1.219230306587894663e+00
1.180304678771840088e+00
1.180051217807140507e+00
1.171105074200408991e+00
1.118952938103957795e+00
1.127126253403089473e+00
1.121419720249605678e+00
1.123134858695698179e+00
1.127108149748416777e+00
1.124644376508262988e+00
1.096531465659721594e+00
1.098609407194809151e+00
1.097012766818041385e+00
1.117309048366416313e+00
1.155278457376742507e+00
1.175219100528000604e+00
1.169096635405683315e+00
1.174158892860152292e+00
1.191968971967556579e+00
1.190330935438949744e+00
1.199990782255924593e+00
1.203857363680746806e+00
1.213192536196067595e+00
1.218304886137908882e+00
1.228119935186320344e+00
1.248361680432509502e+00
1.286077861618833973e+00
1.307959064144623706e+00
1.361046837206675519e+00
1.358308666094884432e+00
1.374685894175173395e+00
1.380502631513012446e+00
1.378126336849735178e+00
1.384362976757488317e+00
1.389903296902976093e+00
1.381665411097653839e+00
1.404684224787182023e+00
1.433901580381983898e+00
1.428009006002734393e+00
1.422498860740088134e+00
1.410833874401875798e+00
1.425935778297843237e+00
1.451194939819772323e+00
1.457851423302589877e+00
1.449156945127311413e+00
1.433042340784085100e+00
1.417184561903653162e+00
1.402157065035936068e+00
1.383059451460856515e+00
1.365393963995615634e+00
1.345473572959693831e+00
1.380808181806537860e+00
1.390666867232693171e+00
1.412557867209353502e+00
1.417812878745687177e+00
1.422649955056871196e+00
1.421053534139699259e+00
1.416802040389885775e+00
1.411287224506281524e+00
1.417268235917902963e+00
1.414990290716952703e+00
1.429684530155296063e+00
1.450937857499274841e+00
1.462281044088629578e+00
1.472490815460881342e+00
1.463791044789366058e+00
1.450557494877706688e+00
1.442259479952057388e+00
1.437232350123762492e+00
1.454411485725137121e+00
1.451943331514971902e+00
1.467627387859620436e+00
1.460053736723964990e+00
1.453808356083281517e+00
1.447843327336565622e+00
1.444489922093611378e+00
1.452214258016474524e+00
1.439753052915703657e+00
1.427653102130906682e+00
1.449631550134101055e+00
1.466555973489014786e+00
1.479645980047812559e+00
1.469574293687973876e+00
1.456198484540857763e+00
1.457813916755752448e+00
1.457624254922571971e+00
1.445123416723687049e+00
1.429772976810639973e+00
