2.250000000000000056e-01
0.000000000000000000e+00
0.000000000000000000e+00
4.752130146040242087e-01
5.344008630124440495e-01
5.840059037646190276e-01
6.324884326856916594e-01
6.946579762113788137e-01
7.450564320317006883e-01
6.158438229114809870e-01
6.767784575404756087e-01
6.767553188862514002e-01
7.056822473957149455e-01
7.636349990028877821e-01
8.107969866766699951e-01
8.468997744840771613e-01
8.856043230634178531e-01
8.974598641399745835e-01
9.346165187662280882e-01
9.301631638615849296e-01
9.191891969585493927e-01
9.069980126274084231e-01
9.003987782978136734e-01
9.086011665235610435e-01
9.181447805189896227e-01
9.370653061306090104e-01
9.266921607608066269e-01
9.194126704609524303e-01
9.026203186904624420e-01
8.851850146460715774e-01
8.472670715535968178e-01
8.256129377309157080e-01
8.119649619115533179e-01
7.908780316105631369e-01
7.807205318688462681e-01
7.731811306986903221e-01
7.654026634039037269e-01
7.687849950199568960e-01
7.847095953103633281e-01
7.823590410567138331e-01
7.656435219415210769e-01
7.695272330331840438e-01
7.760109908484102981e-01
7.736777373323846518e-01
7.716495544230733694e-01
7.819728448228943085e-01
7.906996580989895662e-01
8.004921278250873851e-01
8.250176777225836089e-01
8.508822258499775248e-01
8.490917013197355478e-01
8.433622971532143131e-01
8.386042701633162899e-01
8.311826622544880028e-01
8.216633527299825879e-01
8.302187964784041307e-01
8.575608162328084427e-01
8.691631805569652869e-01
8.668312933439579204e-01
8.773304510305075521e-01
8.746578598974307228e-01
8.655501009220284425e-01
8.585535080752451087e-01
8.478893960349337400e-01
8.539580393751238230e-01
8.477144762818674684e-01
8.477217360090166798e-01
8.538225789422296819e-01
8.540487439543781312e-01
8.571850442246461421e-01
8.560984587963162973e-01
8.534535100874708347e-01
8.559842031464942602e-01
8.552813940738149823e-01
8.474690421012149866e-01
8.569461369417769037e-01
8.457704530484803085e-01
8.409762299896444970e-01
8.389500732228004631e-01
8.284349786774327651e-01
8.227674186436159109e-01
8.139866584727541987e-01
8.153665322088837764e-01
8.107754872648105238e-01
8.143016867866473829e-01
8.144780010477763454e-01
8.115899123937656556e-01
8.122415742234830871e-01
8.167228226500078403e-01
8.159390201182793456e-01
8.142242412978673016e-01
8.091198743116628789e-01
8.004563759468195094e-01
7.980308568515324108e-01
8.034605699799444167e-01
8.072308527602347628e-01
8.160362325018770679e-01
8.200790288202025602e-01
8.273468098002448867e-01
8.293134704540658930e-01
