2.250000000000000056e-01
0.000000000000000000e+00
1.787170700047991390e-01
1.787170700047991390e-01
2.383636510256900432e-01
2.393903411711093554e-01
2.992110447364021431e-01
2.799371149986878970e-01
2.808676301540799503e-01
3.303696348830600371e-01
3.328194773157109876e-01
3.678723950180375901e-01
3.930739890709061823e-01
3.860797665753555874e-01
4.131615775651849010e-01
4.090473891115178895e-01
4.120791468849635542e-01
4.140919763342500448e-01
4.390678331014907232e-01
4.630770136707875184e-01
4.587939071174402805e-01
4.780773207666775826e-01
5.013373256888103979e-01
5.063690317167406363e-01
4.698289134599895611e-01
4.657010578253766298e-01
4.828937872582341750e-01
5.128566614108056587e-01
6.959786067473173743e-01
7.576558720784418721e-01
7.959734046833969456e-01
8.187938596114253675e-01
7.852314067596334324e-01
8.652713977010477731e-01
8.845380023043477591e-01
9.188222469566461603e-01
9.445337946080747393e-01
9.596232844742527135e-01
9.533864620545648982e-01
9.756728088995012538e-01
1.003168022115777713e+00
1.025174085315018857e+00
1.045318031556926597e+00
1.056966750919523967e+00
1.092761772070417248e+00
1.133700149220144171e+00
1.152461020350520782e+00
1.169055479083387805e+00
1.174062086714312780e+00
1.184235002929152847e+00
1.177410903036343548e+00
1.176193846841668167e+00
1.188766418743424591e+00
1.194517867611586626e+00
1.194108361515802574e+00
1.199591296332954693e+00
1.216778091307958443e+00
1.245063568208011118e+00
1.249946691943473631e+00
1.255092161085718416e+00
1.274279498312764991e+00
1.281884436429106211e+00
1.280100404456864238e+00
1.272614532120569297e+00
1.262525180486723686e+00
1.264752844342515115e+00
1.257865315094469416e+00
1.247361740778025752e+00
1.233922290714235981e+00
1.216709754408277666e+00
1.211076788284360051e+00
1.197318161695257288e+00
1.186309573949777763e+00
1.155312318228441715e+00
1.140672396922361109e+00
1.129770927055925966e+00
1.127156436082342283e+00
1.121223657296035459e+00
1.113230585146943952e+00
1.103299241317669210e+00
1.103434555885008939e+00
1.096677796836001306e+00
1.095685992913165263e+00
1.094799785294406025e+00
1.097702038017454251e+00
1.128649128851666461e+00
1.141211913107821330e+00
1.146500602672935631e+00
1.145746129342071873e+00
1.136179524038085420e+00
1.129901380395117227e+00
1.109971835831611964e+00
1.112275471546879002e+00
1.105849444174636043e+00
1.110774547253694511e+00
1.106756942714961722e+00
1.106485046118172777e+00
1.104257215055326702e+00
1.104765833456149426e+00
1.093725974279605273e+00
