2.250000000000000056e-01
0.000000000000000000e+00
1.505041458054802439e-01
1.505036801219813425e-01
1.848381836458606042e-01
1.853884805011968284e-01
2.304703600880758096e-01
2.328078928982620921e-01
2.326098618061666345e-01
2.759659818959643851e-01
2.789802040404185113e-01
3.253650116748942889e-01
3.291890647843458972e-01
3.452950643100436978e-01
3.477334341074375668e-01
3.720251251165743178e-01
3.743855553529034097e-01
4.055716612592868975e-01
2.920663790319159570e-01
2.965458519082703748e-01
3.176864334252260114e-01
3.634992677415116447e-01
4.728803143496517758e-01
6.329425283909326794e-01
6.688860596574051076e-01
7.133049560733814021e-01
7.795079450399284848e-01
7.967855049396067590e-01
8.356107186003419729e-01
8.612065744424736158e-01
8.547257843258764254e-01
8.634269082040214593e-01
8.607063910921836092e-01
8.728362026819771469e-01
8.807099866274230582e-01
8.731915596727712892e-01
8.637058175214720190e-01
8.493496520748764489e-01
8.351433586295347045e-01
8.269459607066896867e-01
7.728360663538504927e-01
7.439779921119632489e-01
7.163881230992695803e-01
7.300881871913157406e-01
7.204010527622987103e-01
7.048490240116449534e-01
6.522892836730593835e-01
5.806775896476500387e-01
5.344208222853208401e-01
6.024820733164814035e-01
6.045895907899800914e-01
6.201441130741927044e-01
6.383722383574812476e-01
6.394414909431708205e-01
6.668387248537706036e-01
6.933908534545036861e-01
7.069086798847711295e-01
7.257268252452890867e-01
7.614546738982698182e-01
7.933619636772781814e-01
8.036738818620022817e-01
8.273540188401808937e-01
8.320427171209039408e-01
8.429226835242505933e-01
8.437312809079348108e-01
8.391805006342050177e-01
8.168192076799755119e-01
8.080032563250312272e-01
8.172739726950926098e-01
8.140833274616650073e-01
8.115407028764787256e-01
7.884279950334318610e-01
8.037307860106830404e-01
7.926607920793385942e-01
7.886444165880233115e-01
7.712319831323211083e-01
7.744675365970494774e-01
7.687598019521438841e-01
7.480394699687200610e-01
7.321519328741722399e-01
7.149307867687434426e-01
7.147645812282229505e-01
7.191866045959954823e-01
7.036589811921044602e-01
6.782944717434584714e-01
6.574168321953016703e-01
6.769556268790577480e-01
6.707489593646823733e-01
6.722902400946384471e-01
6.941136569220270891e-01
7.153316572067062173e-01
7.341038397411705496e-01
7.441836218616344478e-01
7.477918105131263760e-01
7.461211833356873324e-01
7.454303581179262395e-01
7.409557279046885547e-01
7.395683190244671801e-01
7.182474373439208248e-01
7.169913266100628180e-01
