2.250000000000000056e-01
0.000000000000000000e+00
0.000000000000000000e+00
0.000000000000000000e+00
0.000000000000000000e+00
0.000000000000000000e+00
0.000000000000000000e+00
0.000000000000000000e+00
0.000000000000000000e+00
0.000000000000000000e+00
0.000000000000000000e+00
0.000000000000000000e+00
0.000000000000000000e+00
0.000000000000000000e+00
0.000000000000000000e+00
0.000000000000000000e+00
0.000000000000000000e+00
0.000000000000000000e+00
0.000000000000000000e+00
0.000000000000000000e+00
0.000000000000000000e+00
0.000000000000000000e+00
0.000000000000000000e+00
0.000000000000000000e+00
0.000000000000000000e+00
0.000000000000000000e+00
0.000000000000000000e+00
0.000000000000000000e+00
0.000000000000000000e+00
0.000000000000000000e+00
0.000000000000000000e+00
0.000000000000000000e+00
0.000000000000000000e+00
0.000000000000000000e+00
0.000000000000000000e+00
0.000000000000000000e+00
0.000000000000000000e+00
0.000000000000000000e+00
0.000000000000000000e+00
0.000000000000000000e+00
0.000000000000000000e+00
0.000000000000000000e+00
0.000000000000000000e+00
0.000000000000000000e+00
0.000000000000000000e+00
0.000000000000000000e+00
0.000000000000000000e+00
5.824894378798178840e-01
7.073703678014089391e-01
7.708387014587374519e-01
7.760559545067744480e-01
7.710423758142496142e-01
7.971782921379167997e-01
8.082298509307028755e-01
8.108414458569472849e-01
8.042924430106526135e-01
7.555807303425655652e-01
7.792209475319653578e-01
7.967095967292993075e-01
8.029123989333001310e-01
8.308010400853650390e-01
8.680649133825242281e-01
8.726152267941186258e-01
9.107538362871552273e-01
8.802804541833596508e-01
8.830118377403108898e-01
9.476788559696854852e-01
9.386501780299779663e-01
9.340614064291745677e-01
9.716746501152666582e-01
9.986885276491515029e-01
9.783242504129721073e-01
9.923928160383431729e-01
1.078998748448431577e+00
1.004939147262188470e+00
1.010445328506296647e+00
1.020340229218602568e+00
1.032776082099594817e+00
1.102260806645118718e+00
1.733531546427601322e+00
2.132945551325104550e+00
2.269538514790804040e+00
2.251135710952820279e+00
2.298245717785557307e+00
2.296266913945538946e+00
2.288744946367609057e+00
2.327619714200067413e+00
2.318866399503185516e+00
2.319586952504782751e+00
2.423663437277446597e+00
2.433826344901007133e+00
2.428227010643967176e+00
2.394600372425471413e+00
2.321322779090292165e+00
2.276484554911425651e+00
2.361534874635874193e+00
2.402418811649365438e+00
2.374287157275767335e+00
2.397181643289138187e+00
2.412163587068962389e+00
