2.250000000000000056e-01
0.000000000000000000e+00
0.000000000000000000e+00
0.000000000000000000e+00
0.000000000000000000e+00
2.866683033973687622e-01
2.866609392302700843e-01
2.866658753261776549e-01
3.307299196218099202e-01
3.320505142887746897e-01
3.213262757220405330e-01
3.630821039674264616e-01
3.812664008523280468e-01
3.831408159733941665e-01
3.849789761035457003e-01
4.250265578795017762e-01
4.503614735449736894e-01
4.564097920084846383e-01
4.619896292312966057e-01
4.933544298313494170e-01
5.071399164014703809e-01
5.354330368511049931e-01
5.431748072849288400e-01
5.765632694813207504e-01
5.815151987678272016e-01
5.961967220929882405e-01
6.211480955672585846e-01
6.610520923637352997e-01
6.665915222155677222e-01
5.470814020297694036e-01
4.992632102023318863e-01
5.382589193511817527e-01
5.106781852039106173e-01
4.565776865016414332e-01
7.595695021402848468e-01
8.281544250977416199e-01
8.384813517385595327e-01
8.813072611246953736e-01
9.262060792066050263e-01
9.147877991834479916e-01
9.095572715351754045e-01
9.029676578706776757e-01
1.170589142853825315e+00
1.246958259343482922e+00
1.258213152158261572e+00
1.300478648882238852e+00
1.321219155444094850e+00
1.305353794438325110e+00
1.287270547887154670e+00
1.270456933390772924e+00
1.267714315082930421e+00
1.266444685620834232e+00
1.229577962302164762e+00
1.202228845698551485e+00
1.190503065871624244e+00
1.419222190955378160e+00
1.484849180525194434e+00
1.503410153967988050e+00
1.460018594448740714e+00
1.454955935422204361e+00
1.425294075130228322e+00
1.423994414833346100e+00
1.406390617539968746e+00
1.369199045518429081e+00
1.392114922861626525e+00
1.448957196797975078e+00
1.471783815098389070e+00
1.507426147569439934e+00
1.518563262170981032e+00
1.609469303380931526e+00
1.609875259934983482e+00
1.607986961616634902e+00
1.613379172058200473e+00
1.599658961946163194e+00
1.582394646662418580e+00
1.589198093644179410e+00
1.635071914865155129e+00
1.635673161028215139e+00
1.623885974510944186e+00
1.652956320295913439e+00
1.655173207024041915e+00
1.641989930518275687e+00
1.624856316446240179e+00
1.597333603634292221e+00
1.581731046916835304e+00
1.569865383493530997e+00
1.543518782172198511e+00
1.530934892768361477e+00
1.505609717144162030e+00
1.505597605011581575e+00
1.515733736287780520e+00
1.520344257091498674e+00
1.520378143534384163e+00
1.549318624850373638e+00
1.535684880685888487e+00
1.581007620800957802e+00
1.588277500473635584e+00
1.601209462783654836e+00
1.603979046956159449e+00
1.611759831130351817e+00
