2.250000000000000056e-01
0.000000000000000000e+00
0.000000000000000000e+00
6.110640832825972035e-01
7.108995860119554644e-01
7.155375712029511392e-01
7.453509374683782163e-01
7.629906078334937058e-01
7.858688783662354238e-01
8.279851840579794953e-01
8.290952138337250865e-01
8.360162223441830465e-01
8.258009495910283437e-01
7.953025323312998829e-01
7.898413294189723377e-01
7.735421957302957008e-01
7.601632702412436382e-01
7.398913072958208659e-01
7.136878885632551572e-01
7.003545310262286883e-01
6.962534779073117353e-01
7.122531654574157933e-01
7.087644321908170841e-01
7.304743594090906678e-01
7.823665546553443262e-01
7.886147978082541643e-01
8.008727162534455823e-01
8.066530129878854982e-01
7.997828003756022319e-01
7.969008936339601057e-01
8.006222523692757553e-01
7.911795820386273714e-01
7.860351959231010044e-01
7.786484123981722849e-01
7.721010856263209599e-01
7.575087143011741686e-01
7.514304170503801616e-01
7.424367619099638826e-01
7.365337415873304261e-01
7.302833561910518911e-01
7.305184917399721867e-01
7.306544784150428296e-01
7.313482237839281641e-01
7.409714990704499016e-01
7.410218980825423740e-01
7.333491477396413272e-01
7.512936225579618377e-01
7.492997855156127152e-01
7.399319892510853869e-01
7.357215044173189833e-01
7.379937572583121774e-01
7.353670618352343702e-01
7.329136247526545356e-01
7.430051287083202505e-01
7.414300158219850889e-01
7.435757028660018308e-01
7.483768323206528850e-01
7.518016730417930171e-01
7.464107003557690634e-01
7.488961875881700037e-01
7.452936761584060266e-01
7.400424747020454275e-01
7.389100640166886835e-01
7.368752169461544321e-01
7.308002206918954302e-01
7.302958702678499225e-01
7.248173121050772716e-01
7.193427868284327786e-01
7.218705873062234435e-01
7.233344689154688201e-01
7.272276218229268840e-01
7.432665363589598950e-01
7.463064756053234827e-01
7.513124262512128615e-01
7.585299540738924540e-01
7.598190847452801489e-01
7.595330758164551277e-01
7.653110007033973039e-01
7.700078850480660542e-01
7.740150948253439189e-01
7.791176859215603878e-01
7.804298916774490280e-01
7.794861830980246431e-01
7.798012322627260184e-01
7.769324412608098473e-01
7.724001242369730180e-01
7.680486309638294706e-01
7.656523739084286628e-01
7.594957870228689067e-01
7.560015048391187653e-01
7.505715361213067816e-01
7.452453225884321242e-01
7.443247493245865876e-01
7.611097815675879064e-01
7.759234248458176664e-01
8.026001412250176603e-01
8.379158097626682178e-01
8.371257080902775316e-01
8.424279008003197067e-01
8.336720973587081751e-01
