2.250000000000000056e-01
0.000000000000000000e+00
0.000000000000000000e+00
0.000000000000000000e+00
0.000000000000000000e+00
0.000000000000000000e+00
0.000000000000000000e+00
0.000000000000000000e+00
0.000000000000000000e+00
0.000000000000000000e+00
0.000000000000000000e+00
0.000000000000000000e+00
0.000000000000000000e+00
0.000000000000000000e+00
0.000000000000000000e+00
0.000000000000000000e+00
0.000000000000000000e+00
1.525029953568769692e+00
1.525600053190935057e+00
1.501109725959230090e+00
1.500305021997630384e+00
1.479349887715102119e+00
1.476444086078773976e+00
1.474946780558632931e+00
1.391283941927918599e+00
1.774055370069723248e+00
1.887056941862515602e+00
1.874622633999169397e+00
1.847708544024718957e+00
1.838470326027854096e+00
1.785995901326542068e+00
1.760461131899990539e+00
1.753944139068830399e+00
1.742660064541937004e+00
1.719762067208018275e+00
1.704166837725352046e+00
1.684833199390874947e+00
1.667846916307174077e+00
1.653478473754121492e+00
1.650165211213767247e+00
1.631693517494136714e+00
1.604196612686742185e+00
1.602866953947017503e+00
1.588154082612119877e+00
1.579327817963205760e+00
1.561511272415277096e+00
1.542828454090458212e+00
1.521140060950300299e+00
1.523092951418440810e+00
1.493827845100243801e+00
1.445743797847230061e+00
1.419720272088547341e+00
1.436132793702189492e+00
1.452578231027981337e+00
1.486858394417529317e+00
1.497931966088372757e+00
1.505551755599215280e+00
1.546469109852314228e+00
1.539140331454728061e+00
1.553282639003384702e+00
1.552328499003538642e+00
1.576266702810187992e+00
1.581674273837788913e+00
1.575399833325020538e+00
1.562583367133233203e+00
1.556182537380285336e+00
1.526457603970172494e+00
1.505115000709741802e+00
1.479393811854509355e+00
1.445701415424076153e+00
1.403892374257349029e+00
1.369508803843167088e+00
1.318451863555268666e+00
1.295665816943271764e+00
1.282454566403086416e+00
1.264940292058887694e+00
1.250479079775461688e+00
1.230985080832236012e+00
1.207057017342467953e+00
1.177620137694889602e+00
1.152173033372960731e+00
1.139643474993561556e+00
1.122887177944745130e+00
1.137644444222085660e+00
1.120411491309829755e+00
1.123834492777662453e+00
1.160361512376070658e+00
1.154076267829163838e+00
1.170479318512794409e+00
1.192355114466399080e+00
1.207978360479807112e+00
1.237590260206948845e+00
1.255080551160338898e+00
1.283696521010978309e+00
1.308228853999722219e+00
1.337365281133745976e+00
1.348574789177827027e+00
1.380384029051302530e+00
1.404926643219983617e+00
1.426945101651964531e+00
