2.250000000000000056e-01
0.000000000000000000e+00
0.000000000000000000e+00
1.446181358974794495e+00
1.434324791423100987e+00
1.209559132281831761e+00
1.208510988347714754e+00
1.288540119086957647e+00
1.308698748049367255e+00
1.272229518081520405e+00
1.302268802122205749e+00
1.305052798848360007e+00
1.289303496954028461e+00
1.268750486146220657e+00
1.255274277920370496e+00
1.253490562164907729e+00
1.251900793434880033e+00
1.243669028564504897e+00
1.245371838215775684e+00
1.224755042303330876e+00
1.210125129491069540e+00
1.196051710453748029e+00
1.185547698189622690e+00
1.179563557280869590e+00
1.175888199223684483e+00
1.171932542371140640e+00
1.179115447525787674e+00
1.176606245508928339e+00
1.185639394546014191e+00
1.195987303875405861e+00
1.229324784559560069e+00
1.246269104105344194e+00
1.258523543274427725e+00
1.241406976500450510e+00
1.249983902566460747e+00
1.240480135988741628e+00
1.243965158695737871e+00
1.243212161775103075e+00
1.246721630077079368e+00
1.246888184288236001e+00
1.229876765507859515e+00
1.212482877573037632e+00
1.207722982117164445e+00
1.217542810022400168e+00
1.207263740703853339e+00
1.213607786047371517e+00
1.224431532795324795e+00
1.228257374108746358e+00
1.225089159899020119e+00
1.214533322899749246e+00
1.213754069509388245e+00
1.215494756212005756e+00
1.212760281725443035e+00
1.211418320263643933e+00
1.223063238750446313e+00
1.229053793084546209e+00
1.247478100598473416e+00
1.250045789990017919e+00
1.246280399836166897e+00
1.249812069566051731e+00
1.250370194457177009e+00
1.237550941042281583e+00
1.235098944165787582e+00
1.231012425818514000e+00
1.225809257809877595e+00
1.220836070490387781e+00
1.222400005772844356e+00
1.216962866263292975e+00
1.208915296336168232e+00
1.190800500637925641e+00
1.173335802271602724e+00
1.171596770728726700e+00
1.155937604450403722e+00
1.156939545471881159e+00
1.141793247146026591e+00
1.162336438131087890e+00
1.182776288057657110e+00
1.194188900920177820e+00
1.201865903833646998e+00
1.205606285046676218e+00
1.215231371261849880e+00
1.225642474550528771e+00
1.237358433119385648e+00
1.242886910856634719e+00
1.242527689935447377e+00
1.240810170257516054e+00
1.243936665723648582e+00
1.250148195260908590e+00
1.245961736194282299e+00
1.245213360689007231e+00
1.240306698947946540e+00
1.240296151631402832e+00
1.239210363153065098e+00
1.240485042706886976e+00
1.244546286690434878e+00
1.240713707757962858e+00
1.231631960596904163e+00
1.220282366166425492e+00
1.194533262315886191e+00
1.162927547479360113e+00
