2.250000000000000056e-01
0.000000000000000000e+00
0.000000000000000000e+00
1.859420950245042614e-01
2.504927750254917207e-01
2.957709158763270896e-01
3.155451117016747631e-01
2.858598782105246650e-01
3.023069372134036259e-01
3.030260628384358612e-01
3.455530701301929297e-01
3.539982216486914357e-01
3.626847957196880912e-01
3.774886446653478167e-01
4.043320909873193147e-01
4.306606359580908983e-01
5.972518226665097796e-01
6.630086051550733162e-01
7.226776587441973154e-01
7.339654623287248381e-01
7.285448666404807927e-01
7.799106227415520953e-01
9.583996977377163828e-01
9.336589679123922236e-01
9.177260057592233622e-01
9.004642156427576927e-01
9.444328578291540932e-01
9.659972884245522362e-01
9.627971894252312923e-01
9.505277226404378332e-01
9.386408795517873216e-01
9.162031388925174769e-01
9.257810447606101834e-01
9.053024318620820354e-01
9.169904653742340095e-01
9.553610068667253152e-01
9.475269402324806300e-01
9.433903264453061821e-01
9.268356124641480287e-01
9.331461925473054642e-01
9.451968704274629207e-01
9.525129882190835895e-01
9.545348990516842047e-01
9.583358564013715331e-01
9.493604313027376174e-01
9.441267457334761026e-01
9.398782148377130552e-01
9.484504012871117773e-01
9.696193689751846367e-01
9.779709662940685444e-01
9.826445180815762681e-01
9.870275556695536912e-01
9.928067744022113228e-01
9.928669309810854715e-01
1.003063726422651403e+00
1.014883352466597444e+00
1.024203147088643240e+00
1.035240877515991809e+00
1.042998253106529383e+00
1.046345421218418892e+00
1.044205040187569988e+00
1.045112225398878714e+00
1.040042627289318844e+00
1.038891126134332321e+00
1.046222441798853042e+00
1.055108324937681807e+00
1.050908572375375272e+00
1.041714567477337150e+00
1.036492646239624227e+00
1.027333488320914867e+00
1.019467914395996377e+00
1.017047888017613033e+00
1.012935555824530320e+00
1.015104508681625495e+00
1.032748202311866370e+00
1.037552689031315811e+00
1.036910491748071150e+00
1.031809279661834111e+00
1.035898929088002296e+00
1.030660487399711833e+00
1.032982339236435232e+00
1.041473206663446449e+00
1.044064116450994728e+00
1.030772168607102524e+00
1.025529751465126038e+00
1.021706162929990835e+00
1.022663839826555954e+00
1.026361760058424499e+00
1.024351328306519981e+00
1.015475363363342431e+00
1.013892560708900659e+00
1.013327122736894736e+00
1.019561583044747310e+00
1.023475754340268606e+00
1.026662592645899430e+00
1.019027287230726442e+00
1.016859208416131644e+00
1.015123976189597377e+00
1.019461420748569491e+00
1.015542520318453823e+00
