2.250000000000000056e-01
0.000000000000000000e+00
0.000000000000000000e+00
0.000000000000000000e+00
1.804752462700283777e+00
1.836972495140233974e+00
1.779373400647005887e+00
1.745668862077948580e+00
1.709414957857716022e+00
1.667783038270170604e+00
1.638055767773547666e+00
1.569813107124308438e+00
1.505461695028236013e+00
1.439629749695923833e+00
1.359018475196695164e+00
1.283760265210970530e+00
1.191075956703787853e+00
1.075332155796421052e+00
1.050192096156006283e+00
1.028023532766140447e+00
1.008825667934134751e+00
9.924758217412676942e-01
9.787592974313209515e-01
9.674030359474661278e-01
9.581071653264923160e-01
9.505705453962800533e-01
9.445087858214227250e-01
1.003813828712964096e+00
1.058173678728210998e+00
1.261785878882309975e+00
1.519678935427841493e+00
1.622026049897767441e+00
1.536786470504844182e+00
1.535267500076560321e+00
1.506124013448783439e+00
1.499365447741864754e+00
1.511360529725503277e+00
1.500748129772243145e+00
1.471441260178513621e+00
1.442787846034430776e+00
1.404130220582947342e+00
1.417230929041905618e+00
1.438563755011266654e+00
1.439917744566737046e+00
1.443692236853989730e+00
1.446056537088942662e+00
1.426307444501511590e+00
1.408884598748001649e+00
1.388551083504410588e+00
1.357332347468032330e+00
1.295309613956643568e+00
1.235956600411184603e+00
1.163108806795171590e+00
1.116426898286174918e+00
1.040633337004684966e+00
1.000767378142503494e+00
9.810118220970461822e-01
9.642816494264854210e-01
9.512043702134889145e-01
9.399593458788005895e-01
9.275363324002237064e-01
9.196942106280844298e-01
9.122936599977310435e-01
9.056294237768464095e-01
9.014403091866133311e-01
8.981417568167837651e-01
8.430882250211962914e-01
7.300928449690785582e-01
6.878428085748807819e-01
5.820832563477295052e-01
5.302419339546038390e-01
5.370239594288845897e-01
8.085657955928142737e-01
8.236146692562500427e-01
8.117692014644765086e-01
8.877111920956087809e-01
9.718863687502663495e-01
1.003968619521702799e+00
1.027413527956739792e+00
1.031461886051091126e+00
1.055992296094468985e+00
1.069584354700856332e+00
1.078145252653956998e+00
1.069578793115920856e+00
1.110261252181353520e+00
1.105106209522249916e+00
1.106485038241100671e+00
1.132300392508857945e+00
1.138780305865784381e+00
1.117225034239721415e+00
1.105380567338059450e+00
1.059022061421133865e+00
1.086070081536564924e+00
1.098137555101725837e+00
1.160642702968697870e+00
1.225508748775120615e+00
1.226946974912591637e+00
1.233857783578632850e+00
1.256835671496737472e+00
1.308525340650970037e+00
