2.250000000000000056e-01
0.000000000000000000e+00
0.000000000000000000e+00
0.000000000000000000e+00
0.000000000000000000e+00
0.000000000000000000e+00
0.000000000000000000e+00
0.000000000000000000e+00
0.000000000000000000e+00
0.000000000000000000e+00
0.000000000000000000e+00
0.000000000000000000e+00
0.000000000000000000e+00
1.503083046667318678e-01
1.503425131391316338e-01
1.730828563422660560e-01
2.020767602175211342e-01
2.030991294650170975e-01
2.131244965617892784e-01
2.384366733724629928e-01
2.258156712654927345e-01
2.220079750346081182e-01
2.717456319966200518e-01
2.661452866152753116e-01
2.670350425526373250e-01
2.658481596343701958e-01
3.044290119195842137e-01
3.067197622569627913e-01
3.001832353406680420e-01
3.011304762674786861e-01
3.316121632043968481e-01
3.511605101041957999e-01
3.478259733023555400e-01
3.320319655096020672e-01
3.686138232317521246e-01
3.912923525690233939e-01
3.871408531927019725e-01
3.719965243253807174e-01
3.985186559678685070e-01
3.934329844716701885e-01
3.767743651494854795e-01
3.678426065440958403e-01
3.785861585248840866e-01
3.721626596159944844e-01
3.812342449714143933e-01
3.865119360787193648e-01
4.182105066435128360e-01
5.119210730890992878e-01
5.822027293155185301e-01
7.435634169612009847e-01
8.102476516291513553e-01
8.844732758321480759e-01
9.282771575482381410e-01
9.504821260835037977e-01
9.705374181442411041e-01
1.009433760355160414e+00
1.017572680004507957e+00
1.020700308804384226e+00
9.998326919425958303e-01
1.013832930052403158e+00
1.024768745654726310e+00
1.035082061216157534e+00
1.038191358521410201e+00
1.030640901657539965e+00
1.031490952430270669e+00
1.014189960384539901e+00
1.001687292930103501e+00
9.978720578820744480e-01
9.896770783872170796e-01
9.698766642591950538e-01
9.696036838978427941e-01
9.656848612959885170e-01
9.370215459173800721e-01
9.035142930101208725e-01
8.931573000647554661e-01
8.769603579638125535e-01
8.580273583479918198e-01
8.504464792875704449e-01
8.278857910347262594e-01
8.282356149594771733e-01
8.532857879656141620e-01
8.846704392334256983e-01
9.081485863587622775e-01
9.274034668669023374e-01
9.682370681701919501e-01
9.795432849206044956e-01
9.811357258606074883e-01
9.740706057697797737e-01
9.717538115151593825e-01
9.586941379994038392e-01
9.654023948660744869e-01
9.697906195012899744e-01
9.682763748459681796e-01
9.724207671391758012e-01
9.607248406798510887e-01
9.451641411450951713e-01
9.428996347258155053e-01
9.494190264472227581e-01
9.486178440825878688e-01
9.630603457324419248e-01
