2.250000000000000056e-01
9.469903479724574302e-02
1.635574110715554697e-01
1.642308367695138327e-01
1.945172957858743445e-01
2.159907531118528401e-01
2.782964162264384145e-01
3.157084005996311782e-01
3.631947832095213102e-01
4.183077447733458132e-01
1.053782786737575750e+00
1.102839273541466492e+00
1.148787337983647960e+00
1.151918249188577104e+00
1.127832374104438928e+00
1.114642786261503593e+00
1.063923914681852878e+00
1.090458720625313349e+00
1.112887523476357110e+00
1.138547868567852506e+00
1.203209140614027506e+00
1.193400966390082862e+00
1.209443696944743074e+00
1.184540181563908945e+00
1.212375236126710387e+00
1.212490396339096499e+00
1.216873940228933471e+00
1.204888684280691846e+00
1.195475559174714597e+00
1.183241591547441685e+00
1.161788793763547600e+00
1.167083966553679630e+00
1.182674467070504498e+00
1.173132014655438260e+00
1.165563953906308292e+00
1.158850810285610100e+00
1.173766208418978163e+00
1.163772750384778121e+00
1.171024288317230377e+00
1.167311190794821929e+00
1.210269768655389377e+00
1.205431197202383675e+00
1.216108878120380599e+00
1.206149671996132433e+00
1.199450938084305474e+00
1.188476091058925599e+00
1.168465579476913430e+00
1.138376575571682370e+00
1.119980635431508054e+00
1.105352932250251108e+00
1.082191275152658561e+00
1.099932579864793869e+00
1.109064820061495205e+00
1.098523912243406286e+00
1.087168994946293710e+00
1.081040804080654727e+00
1.071905391303765276e+00
1.062478756003392366e+00
1.051757128466376479e+00
1.040199814652448262e+00
1.030325548958991977e+00
1.036693278889302183e+00
1.020512776324643101e+00
1.007611384435696866e+00
1.038767518421475078e+00
1.059063718406817012e+00
1.076621242230106246e+00
1.120899525806661856e+00
1.134135802636697221e+00
1.129526595792928800e+00
1.146778977092899998e+00
1.151548703376701344e+00
1.127815329294762359e+00
1.107813311323738503e+00
1.112973878358291646e+00
1.125249308933836900e+00
1.161206242790521204e+00
1.184737286685847435e+00
1.183261835844398480e+00
1.191086931073117583e+00
1.204232568487531019e+00
1.202167303366023843e+00
1.192356906128923422e+00
1.194315498947669640e+00
1.198893488770857552e+00
1.181506042393973832e+00
1.155668653481333852e+00
1.143942650159513352e+00
1.129338123157776597e+00
1.143678778114655570e+00
1.138008692433684521e+00
1.130251869286103661e+00
1.122731046509257258e+00
1.118560434508068413e+00
1.119301715711267464e+00
1.122310631448532936e+00
1.130317393648516688e+00
1.145085195949710810e+00
1.153985486718763998e+00
1.163237583694076260e+00
