2.250000000000000056e-01
0.000000000000000000e+00
0.000000000000000000e+00
0.000000000000000000e+00
0.000000000000000000e+00
0.000000000000000000e+00
1.239694364820303152e+00
1.239694364820303152e+00
1.299463353594642934e+00
1.301199389658713512e+00
1.425629793563665260e+00
1.437898534690565278e+00
1.431225533224932178e+00
1.426014045682997722e+00
1.429846358525068251e+00
1.410184141562590421e+00
1.402080145233690622e+00
1.420697719314332197e+00
1.403564860061013997e+00
1.399051482372021038e+00
1.375062500063332527e+00
1.395114167107954994e+00
1.418196581233471365e+00
1.405276074547540333e+00
1.409551099520203188e+00
1.417382850847984210e+00
1.408252701737360280e+00
1.408238186564767069e+00
1.418591550604125562e+00
1.430206729279995148e+00
1.427012872464740845e+00
1.449850791608874756e+00
1.452750178706690987e+00
1.423121403716500311e+00
1.406392710003137703e+00
1.437396878532925637e+00
1.466797404862263621e+00
1.651533482246778428e+00
1.773578517268024068e+00
1.811800935871366258e+00
1.772012808040316578e+00
1.769710008349883790e+00
1.757124791183578338e+00
1.700760963323182606e+00
1.663964944832375670e+00
1.621798261500158489e+00
1.551435836913362953e+00
1.519394040291160763e+00
1.460551543337556657e+00
1.398313190832967789e+00
1.344520822130876647e+00
1.314302984479629233e+00
1.242032639381277059e+00
1.171690710250202327e+00
1.135530536129335299e+00
1.092591003775424507e+00
1.231798051719578346e+00
1.224331115308346041e+00
1.230787346383166669e+00
1.223832956845735120e+00
1.236272855498703249e+00
1.214834715316198910e+00
1.240416497366021442e+00
1.204549064253464419e+00
1.181728430645953676e+00
1.217383579386934978e+00
1.180667934851407752e+00
1.198614347198239782e+00
1.159991323503029692e+00
1.149380268816309725e+00
1.139978118363554449e+00
1.096845150879880437e+00
1.368995258720465902e+00
1.386257693114920642e+00
1.350693522889119480e+00
1.351550077804820615e+00
1.342022917425144790e+00
1.335561240701161889e+00
1.344318809230158118e+00
1.352958397453333683e+00
1.406445418186768492e+00
1.599809240340428040e+00
1.653302150190054665e+00
1.692788936506563591e+00
1.696436842956520419e+00
1.675310863532339933e+00
1.651752317884540799e+00
1.620152052593196057e+00
1.599623013213598233e+00
1.581680603908394156e+00
1.594261715914480071e+00
1.575951380985586292e+00
1.558197226140147107e+00
1.534569909386201303e+00
1.512230686338966068e+00
1.495731212729857651e+00
1.478715089713464215e+00
1.459626871197288844e+00
1.425625091582374937e+00
1.410019760344457307e+00
