2.250000000000000056e-01
0.000000000000000000e+00
0.000000000000000000e+00
8.882509370866981113e-01
8.958121049854850249e-01
9.054250323678973977e-01
9.007497644061110975e-01
9.467591499177664405e-01
9.386703615552737245e-01
1.001444164773593215e+00
9.907197382061231350e-01
9.884548263440191551e-01
9.762895849671545667e-01
9.990141002787750191e-01
9.769114851572153757e-01
9.737040621411600094e-01
9.559974180041416192e-01
9.478559117218863239e-01
9.815772962441060567e-01
9.891930859949639165e-01
9.710736741343368728e-01
9.738498949240342872e-01
9.818357737095518845e-01
9.748838858852244549e-01
9.688314687564708594e-01
9.661472409997404753e-01
9.604750496105073365e-01
9.602919441522352884e-01
9.587834459424587896e-01
9.599287962124072315e-01
9.528036977045322153e-01
9.613554368404741979e-01
9.627829023090803684e-01
9.600281907711076812e-01
9.565250077814094753e-01
9.757834129411822044e-01
9.661127928438432155e-01
9.591820774320922727e-01
9.490332496987020638e-01
9.504282635267212731e-01
9.565991409637224496e-01
9.638388430130414575e-01
9.561676943134632678e-01
9.575208844290790111e-01
9.627250623953477193e-01
9.615949972394014500e-01
9.601954507318735121e-01
9.629657105584384924e-01
9.651900131167511221e-01
9.625843328803640464e-01
9.640810218244649787e-01
9.699898430348409262e-01
9.700131530841983318e-01
9.754101442305717073e-01
9.660790891080609510e-01
9.610665264928173190e-01
9.605810645459843533e-01
9.665762110453932632e-01
9.638907202569854116e-01
9.597977822978563944e-01
9.618492159696202526e-01
9.678570540519115806e-01
9.690776682442229228e-01
9.668340886755401042e-01
9.693370060292979540e-01
9.649291687760076508e-01
9.582861554488540934e-01
9.624629186792971192e-01
9.671119161370766992e-01
9.659150387039820984e-01
9.645432724551995518e-01
9.624815250782925435e-01
9.613311230351726522e-01
9.583432566711480582e-01
9.564543394160568424e-01
9.535354760161692811e-01
9.484265394899769053e-01
9.455804071341502581e-01
9.522331375847470358e-01
9.616457627534743535e-01
9.617865170944726039e-01
9.597681317998885131e-01
9.673775719747266244e-01
9.615117677625698578e-01
9.609767037543913704e-01
9.633055679279227679e-01
9.550767393425629859e-01
9.581731315048004349e-01
9.603201093582851566e-01
9.587397708655702733e-01
9.692144273335133731e-01
9.750740112031871520e-01
9.687507353642604846e-01
9.661400847568860639e-01
9.576547655481558730e-01
9.561639165691604436e-01
9.575759086800582631e-01
9.591954974172552939e-01
9.592404968218118944e-01
9.645981885211312168e-01
