2.250000000000000056e-01
0.000000000000000000e+00
0.000000000000000000e+00
1.457443134544308627e+00
1.440179843214878241e+00
1.442614125917942358e+00
1.444838771645629016e+00
1.432145058249590930e+00
1.439326023010496058e+00
1.427033566382116536e+00
1.426903170851637093e+00
1.427394415618726820e+00
1.422766730846003691e+00
1.426480413180999607e+00
1.427479288008624447e+00
1.434669275060502569e+00
1.455792526797473840e+00
1.452797377425990799e+00
1.449874795902708291e+00
1.456127900789032870e+00
1.476626384589426966e+00
1.458291533506451243e+00
1.428934049125534456e+00
1.436121078510543159e+00
1.427462267650438710e+00
1.427312899964480852e+00
1.417459069975337327e+00
1.414537711357609417e+00
1.407803742018655990e+00
1.401889567845882922e+00
1.399974878157698166e+00
1.394794374231954404e+00
1.396538040655254997e+00
1.384268253775699842e+00
1.369749414081736782e+00
1.368150156677247820e+00
1.354283887960455735e+00
1.340217396072479250e+00
1.338145971093733566e+00
1.345517153220754381e+00
1.331376521335223773e+00
1.323630348008666857e+00
1.324881262620109856e+00
1.323201021936211363e+00
1.323705886465154746e+00
1.324075747907972334e+00
1.316570785675428734e+00
1.317660050564435359e+00
1.322336237861007513e+00
1.320381418261147966e+00
1.317790783108744757e+00
1.308650209514544027e+00
1.302914000480136059e+00
1.294247729873246433e+00
1.284939890101950866e+00
1.273823468133989056e+00
1.265097384274047609e+00
1.252536727307335784e+00
1.238858272927350068e+00
1.231498066522712431e+00
1.230081276114756594e+00
1.225448388220938156e+00
1.229031001169546666e+00
1.226127389708659310e+00
1.224504404525902368e+00
1.232359901064160379e+00
1.233151102887337425e+00
1.234315379730170248e+00
1.230629609827002646e+00
1.229586298267694389e+00
1.227483949424028609e+00
1.225858076432077226e+00
1.222115897359822734e+00
1.213904553774821427e+00
1.210470976260739073e+00
1.194666095293423602e+00
1.186629024795345932e+00
1.171061302418368255e+00
1.156398409398334381e+00
1.147920586909674689e+00
1.127776336147598979e+00
1.102758200325974602e+00
1.111927704944133621e+00
1.101299345085400949e+00
1.087622913796105317e+00
1.072695482558171376e+00
1.060020117409954166e+00
1.055525074390568641e+00
1.052260244115251764e+00
1.052655063834484261e+00
1.045692217730750828e+00
1.043692735277716110e+00
1.022442076582749992e+00
1.019343862641125531e+00
1.011504858532059625e+00
9.945631177711554693e-01
9.891876925006758414e-01
9.977725775175657619e-01
9.849119180263762319e-01
9.881035288639373748e-01
