2.250000000000000056e-01
0.000000000000000000e+00
2.524985846683527879e-01
3.323395452104250247e-01
3.661630561382604454e-01
6.047593628240895969e-01
6.253467531526715195e-01
7.241575052471529439e-01
8.426174403675753544e-01
8.910156606859900297e-01
9.351558688260768193e-01
9.474535282347441578e-01
9.461187061501482587e-01
9.430866067344008119e-01
9.470184140172228648e-01
9.401515703508778188e-01
9.286929234198356697e-01
9.194379594495127872e-01
9.123543057860851180e-01
9.049502264447752964e-01
8.992075282359743849e-01
9.031500956039167916e-01
9.083167787136913196e-01
9.292521314228485707e-01
9.333353434133735416e-01
9.343929152217618217e-01
9.338807376203893673e-01
9.320636191145919014e-01
9.323720217606932259e-01
9.325185053971691840e-01
9.373901307395936522e-01
9.393234582944750555e-01
9.585717974599922142e-01
9.590937116709059573e-01
9.497451370525903380e-01
9.440000960609701286e-01
9.284666263659495655e-01
9.151762724727796616e-01
8.942289289672572528e-01
8.852445025489646957e-01
8.830013242175399624e-01
8.888288653528368943e-01
8.956703310423704822e-01
8.850971791249643283e-01
8.852350239000517096e-01
8.733185097067699409e-01
8.639052117072785197e-01
8.649116829584773125e-01
8.649771589324581900e-01
8.808364214640804768e-01
8.831488184161924160e-01
8.740552964482158904e-01
8.628993252781806955e-01
8.647221314247132140e-01
8.630048984999126871e-01
8.647541297199563548e-01
8.724203376793144837e-01
8.670794245682346135e-01
8.595380743819507341e-01
8.497639357143905725e-01
8.440499708049565841e-01
8.566111152864893663e-01
8.616601892680544328e-01
8.536094557288904650e-01
8.462852535480075433e-01
8.407259997939061646e-01
8.374209651002978427e-01
8.317369587483653959e-01
8.275144865752516177e-01
8.260578462172180059e-01
8.120667774743314249e-01
7.840109834409805245e-01
7.554884785016827697e-01
7.729131188154511056e-01
8.042901027461132335e-01
8.063022785599306408e-01
8.087077578546801870e-01
8.095601822821150151e-01
8.115427840324158648e-01
8.051779459691904561e-01
7.987647606483356810e-01
8.047390662409240614e-01
8.156596180195123669e-01
7.958799032764222181e-01
7.771493563791609382e-01
7.622343891670864124e-01
7.741773969455976179e-01
7.720258585159396336e-01
7.681971427138396535e-01
7.721730158056027138e-01
7.697490770271195881e-01
7.775162675142970325e-01
7.907488964749987970e-01
7.987742326956260852e-01
8.025093819872398671e-01
8.057286244000212427e-01
8.027319107656303299e-01
7.972633721765630677e-01
8.060398809990059199e-01
8.170487734323571560e-01
