2.250000000000000056e-01
0.000000000000000000e+00
0.000000000000000000e+00
0.000000000000000000e+00
0.000000000000000000e+00
0.000000000000000000e+00
0.000000000000000000e+00
7.135386787609425685e-01
7.716951508926613856e-01
5.527075352433644673e-01
8.136280599915421963e-01
8.496956838669493806e-01
9.168888528389834702e-01
9.797816678895883147e-01
9.886271829978241499e-01
1.063977291406213999e+00
1.172278331942985696e+00
1.245193185361641142e+00
1.285201546767401837e+00
1.317129743184869639e+00
1.375317082177036854e+00
1.388806800109589679e+00
1.420557320973239834e+00
1.453404238565127793e+00
1.453869356033944182e+00
1.443108156443077439e+00
1.431228070030573729e+00
1.427987174137252069e+00
1.445838291454330626e+00
1.445180152155451703e+00
1.468365368013085703e+00
1.466102495348759360e+00
1.449888314729796512e+00
1.433644407046116731e+00
1.441996146823885550e+00
1.441376648973590191e+00
1.441485955100790362e+00
1.420768632962158495e+00
1.402708036519152435e+00
1.394163535345551042e+00
1.381553318812451359e+00
1.363680252992189201e+00
1.335722026804084805e+00
1.323072920390279128e+00
1.318670483314975606e+00
1.320654873079560421e+00
1.309440428934960154e+00
1.323122083750695177e+00
1.347635529148377476e+00
1.370235248217233970e+00
1.389196327596557534e+00
1.402513881263965700e+00
1.408657322868110295e+00
1.410474167577199456e+00
1.402209501178732998e+00
1.410715814760679532e+00
1.416636626852932013e+00
1.410623184758653226e+00
1.397391796330797131e+00
1.395988387527996144e+00
1.385215440697657341e+00
1.389351014628859682e+00
1.387352765534483279e+00
1.381796919164965720e+00
1.374286709945128138e+00
1.366853273642445465e+00
1.368160899091986016e+00
1.380230051278772851e+00
1.383397614680413223e+00
1.390400896809316889e+00
1.389529697732845737e+00
1.388416179545314044e+00
1.379627715790216591e+00
1.378559375200687276e+00
1.383160711542840149e+00
1.380141952827900420e+00
1.377738879027067931e+00
1.372004955735516063e+00
1.376596189481515520e+00
1.376777682855268026e+00
1.375084384456460862e+00
1.374953507791220275e+00
1.377103609108686566e+00
1.375790010437795363e+00
1.379849612358355015e+00
1.378981891490359768e+00
1.373456360012561772e+00
1.356920048950180702e+00
1.337792119927466272e+00
1.327959824906424391e+00
1.325114515768541557e+00
1.322456988217862506e+00
1.336620084796075192e+00
1.341745894288034480e+00
1.355948696808352283e+00
1.363564271844859732e+00
1.365473695644963126e+00
1.369863720774542992e+00
1.371388649823615413e+00
1.364929930369662037e+00
