2.250000000000000056e-01
0.000000000000000000e+00
0.000000000000000000e+00
4.984998152010638311e-02
4.984967504714284819e-02
4.984975440410910341e-02
4.984958753997868752e-02
6.499279868126310589e-02
6.558646032724037289e-02
6.613997561697945726e-02
7.556842733453562888e-02
7.648164374091710738e-02
7.912795371145901757e-02
7.659403021495873876e-02
8.134581039671488767e-02
7.830425479407185363e-02
9.145079939981114181e-02
9.261809674960894134e-02
1.018801969255686835e-01
1.030436608457871717e-01
1.135346928215800050e-01
1.233441494945653610e-01
1.325634448523789199e-01
1.350198204593857088e-01
1.369750111394324454e-01
1.503201483162458219e-01
1.679803954299116664e-01
1.752692322359346300e-01
1.779442136028911436e-01
1.832787604434042983e-01
1.967593550969950478e-01
2.113345070407552651e-01
2.175766453302583336e-01
2.269434212560997033e-01
2.298397307138205781e-01
2.356933459320497692e-01
2.579250758493821238e-01
2.650045622177996663e-01
6.827183462872037367e-01
8.706838109850979501e-01
9.190555399594418917e-01
1.070791905579177250e+00
1.091568924671833418e+00
1.119730285531340686e+00
1.115676937714691563e+00
1.137490901466754689e+00
1.150990498486019531e+00
1.114479620804842863e+00
1.122938981038448913e+00
1.128243512599146570e+00
1.134761491462054295e+00
1.117046213327774318e+00
1.130575034399647461e+00
1.123734594234221174e+00
1.118544739423312784e+00
1.105238770967630124e+00
1.065978559818241189e+00
1.082324546240010843e+00
1.052083335644483864e+00
1.062114281455229570e+00
1.033506735044085412e+00
1.030112361612700589e+00
1.011228857020732841e+00
1.032465048004098884e+00
1.016092928989753119e+00
1.019251554895596490e+00
1.031525325506355006e+00
1.013808897693680100e+00
9.963877049832473576e-01
9.894890662059722120e-01
9.739180121153417913e-01
9.511567484564132924e-01
9.319924270720906234e-01
9.134892856100688130e-01
9.048410574578102938e-01
8.767432263944893167e-01
8.660976196828410467e-01
8.477297381296827750e-01
8.443891901068599770e-01
8.518984618603727688e-01
8.471851512182503319e-01
8.297721075568997851e-01
8.206461188156731756e-01
8.051757498440248462e-01
8.351795633181253731e-01
8.888139193887649725e-01
8.920802370668210468e-01
8.455082018785130549e-01
8.460740636004030479e-01
8.485057411996251853e-01
8.401408957296958580e-01
8.381886103786417852e-01
8.397005053253627782e-01
8.366072350531081891e-01
8.392717482559439723e-01
8.222125896867797934e-01
7.989622867688985774e-01
8.153428545598916388e-01
8.225268176293690781e-01
8.156236711760088687e-01
