2.250000000000000056e-01
0.000000000000000000e+00
0.000000000000000000e+00
0.000000000000000000e+00
0.000000000000000000e+00
0.000000000000000000e+00
0.000000000000000000e+00
0.000000000000000000e+00
0.000000000000000000e+00
0.000000000000000000e+00
0.000000000000000000e+00
0.000000000000000000e+00
0.000000000000000000e+00
9.202021009124150552e-01
8.636595636874143667e-01
8.624074668318031378e-01
8.700819953923170091e-01
8.873172016588690703e-01
9.921236482711894844e-01
1.027289039311262586e+00
1.006510104150906804e+00
9.972738281001187755e-01
1.020820167002325141e+00
9.970971419048040296e-01
9.745907490687919505e-01
9.804197936172180938e-01
9.856318022127281697e-01
9.759421123673451826e-01
9.742747168460293983e-01
9.833284436081546342e-01
9.718940580412940289e-01
9.576163262411873101e-01
9.490425260402656216e-01
9.488569888869693436e-01
9.620344006649196311e-01
9.672591648489570204e-01
9.618761299625759875e-01
9.622530572422108852e-01
9.633166540951427770e-01
9.680144039483061791e-01
9.647963755349824311e-01
9.687301389735467616e-01
9.789876858965689266e-01
9.885618122454828960e-01
9.860605521392071804e-01
9.858468260975161712e-01
9.871683251047290719e-01
9.843412870354792954e-01
9.914023552603621336e-01
9.939823241155536504e-01
9.920626449674220249e-01
9.901853999893042158e-01
9.866259457102224406e-01
9.840201108757139492e-01
9.728053568306407328e-01
9.750765312427995823e-01
9.774408295898657784e-01
9.813405691491382532e-01
9.868672241949457691e-01
9.883036214811584674e-01
9.866904293718188335e-01
9.875233455835776830e-01
9.881835964959395646e-01
9.912846854488175374e-01
9.920002262034119944e-01
9.937785597359581891e-01
9.978779882157827741e-01
9.995067742007410772e-01
1.002129414496077287e+00
9.990350858909448073e-01
9.987869281187113923e-01
9.931456971933551037e-01
9.908720966818334031e-01
9.912395794108156410e-01
9.880073871450908429e-01
9.896527970739118496e-01
9.930390256128664994e-01
9.939099257640258145e-01
9.929703685381838785e-01
1.000240974090043311e+00
9.960209794491808877e-01
9.916148326361494680e-01
9.923947589148206516e-01
9.904511389368200192e-01
9.883466235356620500e-01
9.896255069209696220e-01
9.904468473963946584e-01
9.868770505229765844e-01
9.864272770730628803e-01
9.886102738666886491e-01
9.872296494669394740e-01
9.863255952049941877e-01
9.838002274559776161e-01
9.874890357823241649e-01
9.851904385683083465e-01
9.842610486956114846e-01
9.841187901200559862e-01
9.824223760943354700e-01
9.801873283850662810e-01
9.817820138957099596e-01
