2.250000000000000056e-01
0.000000000000000000e+00
0.000000000000000000e+00
0.000000000000000000e+00
0.000000000000000000e+00
0.000000000000000000e+00
0.000000000000000000e+00
0.000000000000000000e+00
0.000000000000000000e+00
0.000000000000000000e+00
0.000000000000000000e+00
0.000000000000000000e+00
0.000000000000000000e+00
0.000000000000000000e+00
0.000000000000000000e+00
0.000000000000000000e+00
0.000000000000000000e+00
0.000000000000000000e+00
0.000000000000000000e+00
0.000000000000000000e+00
0.000000000000000000e+00
0.000000000000000000e+00
0.000000000000000000e+00
0.000000000000000000e+00
0.000000000000000000e+00
0.000000000000000000e+00
0.000000000000000000e+00
0.000000000000000000e+00
0.000000000000000000e+00
0.000000000000000000e+00
3.339736785448093603e-01
3.338530384996322153e-01
3.337376439851567067e-01
3.790376976807351417e-01
3.792299336788888531e-01
4.474137178002435822e-01
4.332482283854492966e-01
4.344504081066664081e-01
5.015997119171927698e-01
4.940144658745286854e-01
4.963905614529307009e-01
5.405462172535271392e-01
5.545707120598726281e-01
5.148432277658036016e-01
5.036920597624471307e-01
5.659561129927800360e-01
5.567125100256784531e-01
5.432773875265484165e-01
5.897296214483933596e-01
5.965120374676002868e-01
6.019569919323123353e-01
5.927527806284313971e-01
6.447769364402143877e-01
6.618675299071702378e-01
6.776414883575814230e-01
7.003694304328954567e-01
8.022018935334640499e-01
8.196241200500677948e-01
8.554121799565389539e-01
8.747792110206631389e-01
9.074158217688803596e-01
9.316837299575390086e-01
9.323171366391798109e-01
9.458489367911409040e-01
9.437766866649187625e-01
9.729061416096503878e-01
9.980516844300115764e-01
1.005232942116609296e+00
1.005420763488078073e+00
1.033962664800290865e+00
1.056327471259760564e+00
1.065567017621082080e+00
1.079248451470729231e+00
1.102932774219560486e+00
1.098793870783501658e+00
1.099505505799232008e+00
1.097511489454893630e+00
1.098664049093251549e+00
1.101177050708411764e+00
1.112469235980942051e+00
1.116967539074708027e+00
1.121573345603838368e+00
1.106474134935259146e+00
1.128367975960276492e+00
1.125191933446232362e+00
1.119966544643100415e+00
1.115143569266922485e+00
1.098568063720693599e+00
1.087335402443712962e+00
1.079994183364433091e+00
1.071975553029510975e+00
1.071490351717333755e+00
1.075888080882784870e+00
1.085326671987183023e+00
1.088564598287292906e+00
1.087332747996281324e+00
1.092832389193930887e+00
1.094604852111010551e+00
1.082097453422362410e+00
1.072278472440071129e+00
