2.250000000000000056e-01
0.000000000000000000e+00
1.364963497893574018e-01
2.440001536894251255e-01
3.026047039852048925e-01
3.848706381911706220e-01
4.910854702410459294e-01
6.777555641931977126e-01
9.105490301795022834e-01
9.798301793666295278e-01
1.004651399223149832e+00
1.033611006973576218e+00
1.038279538354001774e+00
9.915020525753525105e-01
1.013423890996016041e+00
1.040246712199482060e+00
1.060274489160879963e+00
1.050052241204915804e+00
1.054760554515671300e+00
1.066302687939608251e+00
1.078883350154989706e+00
1.084999456975968002e+00
1.083437823965919033e+00
1.087093775725475053e+00
1.072957612877106115e+00
1.070741740704757472e+00
1.078896155131334522e+00
1.074913018715186297e+00
1.075830840549544698e+00
1.079189213527986801e+00
1.069150452013098551e+00
1.069931821844080089e+00
1.057804402474028294e+00
1.048732236443270960e+00
1.043023896517868199e+00
1.055979475906742460e+00
1.052081624239203039e+00
1.059927736357858530e+00
1.062328341252295250e+00
1.067282155442360381e+00
1.072359669392143999e+00
1.074726978965874657e+00
1.080569793059966699e+00
1.083529144941892453e+00
1.071981444805837125e+00
1.080118584656238223e+00
1.083694105419081621e+00
1.078336561538212335e+00
1.072564081016080584e+00
1.080548046832297659e+00
1.083004692903110522e+00
1.087090715820431042e+00
1.085417655864279407e+00
1.090099135788449081e+00
1.092811145083465663e+00
1.098696861227107080e+00
1.109646281295975312e+00
1.114966974221572205e+00
1.125586647577459409e+00
1.124482423870986736e+00
1.116054816101395009e+00
1.110815378140173726e+00
1.101556292411196125e+00
1.096507503193539179e+00
1.095984302557892365e+00
1.091659226253559822e+00
1.078250304047352337e+00
1.071205695462270624e+00
1.070203359228728335e+00
1.072255019756846339e+00
1.069833177787961720e+00
1.065322170511576294e+00
1.065333210469803671e+00
1.075178618128214802e+00
1.068665499202652303e+00
1.064442976062538904e+00
1.066817329346859911e+00
1.072930744170593087e+00
1.069309517260206954e+00
1.060170000101137600e+00
1.048766586893493225e+00
1.046597152153674548e+00
1.041825829916067869e+00
1.047428865816846022e+00
1.047331756399936031e+00
1.054939142755407344e+00
1.071546170586075819e+00
1.069009590404978338e+00
1.077588379417589559e+00
1.086525215778000319e+00
1.093738942548129645e+00
1.098645822295657437e+00
1.111303623189873857e+00
1.097759266173578663e+00
1.085352193612291183e+00
1.072591607757502619e+00
1.059651220260893201e+00
1.046817524491516549e+00
1.042660365022838764e+00
1.037889258822447980e+00
