2.250000000000000056e-01
0.000000000000000000e+00
0.000000000000000000e+00
2.758848562202771415e-01
3.798920719824070424e-01
8.740737878726642096e-01
9.091619474158327829e-01
9.089840351310578548e-01
9.116188707627492782e-01
9.138187237988415479e-01
8.463063374350188184e-01
9.504331178500569077e-01
1.026065321438732303e+00
1.085842945953809924e+00
1.072552103474973650e+00
1.077286339396894332e+00
1.080135722121477349e+00
1.293398081628318375e+00
1.305426239603876493e+00
1.296195445353678588e+00
1.343175955230831109e+00
1.374852318669577356e+00
1.403974870416240028e+00
1.391644567731230131e+00
1.384823698897365452e+00
1.366858174657619163e+00
1.365545800881009963e+00
1.368408835230821241e+00
1.387086852791083791e+00
1.385484139093949851e+00
1.394175055406780661e+00
1.397721676485836007e+00
1.392858755266971560e+00
1.416746713347101227e+00
1.413610307479049366e+00
1.379910529260896190e+00
1.350707165043105729e+00
1.328443014999213689e+00
1.323494230803520022e+00
1.322489703127119665e+00
1.323168518534612925e+00
1.323190227197218238e+00
1.346579796656118599e+00
1.362421011698293549e+00
1.354838930401955022e+00
1.376719855567877904e+00
1.379487400078908577e+00
1.379364760128325429e+00
1.370304972833664703e+00
1.357618877257701806e+00
1.360576668126783018e+00
1.365411509531123002e+00
1.364009109854581681e+00
1.357039744839779516e+00
1.339639351311058268e+00
1.341180731139607785e+00
1.337608952312091759e+00
1.347111252367028777e+00
1.344993400808304873e+00
1.366176270168300011e+00
1.375420372704929894e+00
1.380958813052297618e+00
1.425634722538029475e+00
1.435965810505895446e+00
1.451435175210372241e+00
1.445808625504181766e+00
1.449712276903039498e+00
1.457207174211420098e+00
1.442739047622404902e+00
1.437669069690489021e+00
1.432471939119443149e+00
1.434275557886717900e+00
1.423553641078539878e+00
1.434657890312282857e+00
1.432760063679751505e+00
1.435347366809574643e+00
1.424608460817595734e+00
1.415425145016381503e+00
1.429755187106848791e+00
1.421198549568246650e+00
1.418666119612708387e+00
1.401545540216342145e+00
1.394593311877512454e+00
1.383564107132265741e+00
1.374678429084600140e+00
1.369495677013575996e+00
1.366857329470223315e+00
1.361982621158920326e+00
1.374789450100808219e+00
1.374852719585952565e+00
1.375810197886091713e+00
1.359495181059268365e+00
1.356746190665344409e+00
1.356604010850493092e+00
1.366610464197592023e+00
1.364435365457969063e+00
1.365091219500133235e+00
1.371928286193680124e+00
1.382316256511928909e+00
1.380065030106792046e+00
