2.250000000000000056e-01
0.000000000000000000e+00
0.000000000000000000e+00
0.000000000000000000e+00
2.805471413054940188e-01
2.375737184821442027e-01
2.427525768687348595e-01
2.741656401033835122e-01
2.742931558441604190e-01
2.847748601852663208e-01
2.875984572306928833e-01
2.989827700988373360e-01
3.152229412307386847e-01
3.165961829818623730e-01
3.345413639822453766e-01
3.374869333389268755e-01
3.622590927828410190e-01
3.664399811895441283e-01
3.962880427965957963e-01
3.941283164507073389e-01
4.201906752865893768e-01
4.253648264294007664e-01
4.397295125728987730e-01
4.693952090526553045e-01
4.826448699945342091e-01
4.806486461891344986e-01
4.818201284260431594e-01
4.971904933829675022e-01
4.810448917577246353e-01
4.964761945988289682e-01
5.064267309402353812e-01
5.125109050317214754e-01
5.156408967679543265e-01
5.420668638558232555e-01
5.559974922342627579e-01
5.797854354344470496e-01
5.918185830040382234e-01
6.046998237677767563e-01
6.109391227737873686e-01
6.025597557292006190e-01
6.166547787194700536e-01
6.211530596822490979e-01
6.871133895731341701e-01
7.541438839122466264e-01
8.029503722445130443e-01
8.604908271732017999e-01
8.969609929156202588e-01
9.320349334678201814e-01
9.163670496589344516e-01
8.748708033642039750e-01
8.353326985936601057e-01
8.319195051792340756e-01
8.555367576547017183e-01
9.202322019577628964e-01
8.769513803780454309e-01
8.401177830982733408e-01
8.400942109935302105e-01
8.470744555148022048e-01
8.413090523968882462e-01
8.448673631605164713e-01
8.579451643377230541e-01
8.688582041600650951e-01
8.791312956550302316e-01
9.015233882747608618e-01
9.173788875887907146e-01
9.346813112644632993e-01
9.568381172523859890e-01
9.744199469291112692e-01
9.590801928940947407e-01
9.242541950530057671e-01
9.023888719477364262e-01
8.921418647853479600e-01
8.853999574476513201e-01
8.992829601389970007e-01
9.119482335621957869e-01
9.036486104353234072e-01
8.922932379445109863e-01
9.153835888544188393e-01
9.141904948300136891e-01
9.139560898965626290e-01
9.029651658155221083e-01
9.102222142515485892e-01
9.085444596394780525e-01
9.211377132263365297e-01
9.446661286243178690e-01
9.233404193945521365e-01
9.114865527431100789e-01
9.216903979887274279e-01
9.275084463385939726e-01
9.143763735185317376e-01
9.111387020556636074e-01
9.117520521308861703e-01
9.075558863100177120e-01
9.166594088462235446e-01
9.068965415724286050e-01
8.956895693649282730e-01
8.968788606646750372e-01
9.024892968229728529e-01
9.294047269033935965e-01
9.434926039385358454e-01
