2.250000000000000056e-01
0.000000000000000000e+00
0.000000000000000000e+00
1.817020684100461303e-01
1.576997681081232505e-01
1.574320618110323644e-01
2.000845305157522847e-01
1.999442121163568786e-01
2.005560560932322656e-01
2.502719356802238782e-01
2.536001339162253232e-01
2.577546474753393824e-01
3.000702936333970450e-01
3.057325889019239518e-01
3.094706696575778015e-01
3.152533544263464438e-01
2.757906044683318125e-01
2.398098890290162599e-01
2.437208406066296573e-01
2.446316881350706629e-01
2.793805059488863596e-01
2.872976643109755313e-01
3.072111355590855797e-01
3.064677394700604518e-01
3.280788306703062984e-01
3.543133229689212071e-01
3.623112674426810509e-01
4.118157122316757346e-01
4.139345123295225526e-01
4.420052242870980974e-01
4.630822369723603948e-01
4.829047778344242592e-01
5.429712297596557269e-01
6.438260677777072338e-01
6.976704108348605882e-01
6.920331500792759050e-01
6.750414453668048820e-01
6.764169166605970007e-01
6.723055911594795209e-01
6.828956846910338996e-01
6.700122923790965412e-01
6.977953680452166907e-01
7.413043555417203612e-01
7.698413200950579016e-01
7.800380348289691623e-01
7.949981174324164401e-01
8.104861116662873677e-01
8.216400321936790929e-01
7.931227877589057673e-01
7.686523344319177165e-01
7.543184164720270202e-01
7.545863605727778367e-01
7.583053651568767428e-01
7.642746331447183294e-01
7.731851036758582429e-01
7.986411175498429049e-01
8.071267538149664578e-01
8.145634597716165937e-01
8.167215246446549726e-01
8.072579411648981296e-01
8.066337314721967466e-01
8.088060286210490002e-01
8.246974733758467568e-01
8.331650052599195444e-01
8.417061664792568898e-01
8.441701000913572894e-01
8.391589672581372117e-01
8.325304138395067666e-01
8.246976256872491362e-01
8.198914164714224961e-01
8.163739583960539781e-01
8.187094047927363505e-01
8.201122997239979062e-01
8.236901984977006430e-01
8.281880946433801682e-01
8.276202267982736283e-01
8.291314322281100324e-01
8.294710467618997551e-01
8.277590884443506436e-01
8.175356582744887080e-01
8.132558836727442619e-01
8.088895445443768928e-01
8.107961389576586742e-01
8.177121305478969315e-01
8.295980024551495857e-01
8.411679137019761887e-01
8.463370347973110386e-01
8.395521689704980028e-01
8.398977894413791612e-01
8.405967063805515060e-01
8.449077444640825663e-01
8.448162470133452340e-01
8.402569199487800455e-01
8.422103281783547279e-01
8.416147895516757904e-01
8.404808201383960897e-01
8.433173040731168912e-01
8.416551730826402622e-01
8.449774042721233114e-01
8.438610405960181859e-01
