2.250000000000000056e-01
0.000000000000000000e+00
0.000000000000000000e+00
0.000000000000000000e+00
0.000000000000000000e+00
0.000000000000000000e+00
0.000000000000000000e+00
0.000000000000000000e+00
0.000000000000000000e+00
0.000000000000000000e+00
0.000000000000000000e+00
0.000000000000000000e+00
0.000000000000000000e+00
0.000000000000000000e+00
0.000000000000000000e+00
4.985748037151727791e-02
4.985888543392996697e-02
6.329584380213208739e-02
7.981864267340273156e-02
8.734025580329650429e-02
1.035539323366985870e-01
2.283429399302454588e-01
2.522784436267436203e-01
3.652641285543515304e-01
4.321410002481579360e-01
4.890107524991706422e-01
5.416436153185484326e-01
6.918281555197908217e-01
7.645246043066223907e-01
7.713162398017918697e-01
7.801074408216838174e-01
7.575292830161589608e-01
7.557674314520261838e-01
7.385614477003156209e-01
7.351943945049631557e-01
7.159168463758437406e-01
7.102490613006504638e-01
7.205359599679401761e-01
7.024972656342308719e-01
7.127634694497877454e-01
7.178644241468241649e-01
7.947891366842960714e-01
8.026836354430681997e-01
7.933670754083047560e-01
7.841251280300097770e-01
7.714625360682105804e-01
7.594858861164347497e-01
7.350583006399044050e-01
7.326076454328973586e-01
7.137969249892871515e-01
7.014413747525990450e-01
7.082203220218051820e-01
8.591772775424404429e-01
9.083024982257122959e-01
9.353661860379072213e-01
9.604068925186188821e-01
1.002411318019708508e+00
1.012749567634247061e+00
1.010984184081528348e+00
1.004515645526867340e+00
1.005855813481306038e+00
1.003575424595376964e+00
1.006480945762052492e+00
1.002326975425462674e+00
1.039891567844390075e+00
1.036643764057246564e+00
9.957856407207666960e-01
1.029795926740143530e+00
1.043601709960466417e+00
1.040634748311299429e+00
1.039911148632147064e+00
1.082053249003982254e+00
1.096047989509775000e+00
1.109978353380121296e+00
1.155785977148857668e+00
1.159028400421606708e+00
1.153900444299578387e+00
1.131922810092105935e+00
1.108676209666980217e+00
1.108445121063393213e+00
1.114963248081243030e+00
1.133373858520839272e+00
1.123953264033212385e+00
1.106116063644886127e+00
1.077949198332250225e+00
1.053348605170950636e+00
1.037113854372446964e+00
1.028245677820820436e+00
1.053356318235777467e+00
1.044354310362171745e+00
1.039925127357754553e+00
1.025348591583360447e+00
1.033494050245723272e+00
1.055170975116797916e+00
1.072625374671966281e+00
1.091792437569246266e+00
1.100237989300918429e+00
1.111950688316191149e+00
1.119208097523304746e+00
1.125805429860077922e+00
