2.250000000000000056e-01
0.000000000000000000e+00
0.000000000000000000e+00
0.000000000000000000e+00
0.000000000000000000e+00
0.000000000000000000e+00
0.000000000000000000e+00
0.000000000000000000e+00
0.000000000000000000e+00
0.000000000000000000e+00
1.092210814181615364e+00
9.115418087977138484e-01
8.465906405470101648e-01
8.190692358855043986e-01
7.504140024623757732e-01
6.975003293756685263e-01
6.867705586115100402e-01
6.758811837125314748e-01
6.671135183489643738e-01
6.938030395270253781e-01
7.328838385942968436e-01
7.947527676424207543e-01
8.202242837325531832e-01
8.782791258522518740e-01
8.769002583802321116e-01
8.874202107106318183e-01
8.735516801521870933e-01
8.656601067970054464e-01
8.484983677057480467e-01
8.374721976635760567e-01
8.399447173794251098e-01
8.363663615677299212e-01
8.379378131643362426e-01
8.304488765407670448e-01
8.312638109044522272e-01
8.151117551452354837e-01
8.404649325933686299e-01
8.463362159713997412e-01
8.520943573787943537e-01
8.493991497898436549e-01
8.586613339540043466e-01
8.426795389172196948e-01
8.324575453456543039e-01
8.282047042900155809e-01
8.280639267122906766e-01
8.146928361343862557e-01
8.119349806926371427e-01
8.125016366888845321e-01
8.104403995123200533e-01
8.129499538786953972e-01
8.070689652479489107e-01
8.015041188003042549e-01
8.012073471487181076e-01
7.986817353219575200e-01
7.969494866243305164e-01
7.979689782668867304e-01
7.905886503203130022e-01
7.882089480102302259e-01
7.897326459692244338e-01
7.930067963370489581e-01
8.003600915073213473e-01
8.057576716779877302e-01
8.061258696787211298e-01
8.096468820467553895e-01
8.105966263828096041e-01
8.137519026147624901e-01
8.138450069243917673e-01
8.173596434491602336e-01
8.147284454178085333e-01
8.215642766687973886e-01
8.224838335015747237e-01
8.174778271653859729e-01
8.201503723997066730e-01
8.206982737525776450e-01
8.228955974236791260e-01
8.253363361755626793e-01
8.212823072053168083e-01
8.298727837759076742e-01
8.340653163101754419e-01
8.384465400249828670e-01
8.321369584767817074e-01
8.234020584953927191e-01
8.149469303979904877e-01
8.180866044919926638e-01
8.196475657364927780e-01
8.182641439338588230e-01
8.173515591765220245e-01
8.239952659557843173e-01
8.203254543539986177e-01
8.198041332582123308e-01
8.242235403116909831e-01
8.265114001084042927e-01
8.334791308450960612e-01
8.371248826836437118e-01
8.281263041505343425e-01
8.250353741509263150e-01
8.255020925068345949e-01
8.236764471477256988e-01
8.187855135353317992e-01
8.214912393516053957e-01
