2.250000000000000056e-01
0.000000000000000000e+00
0.000000000000000000e+00
1.124724176578002055e+00
9.067002468236580182e-01
9.467366847214682135e-01
9.468615902650802107e-01
9.470088033163460706e-01
9.471673013966723786e-01
9.359433785602555567e-01
9.675086319793293477e-01
1.071639579655187635e+00
1.078431992611828649e+00
1.084701675014034361e+00
1.066484057762997262e+00
1.015840690172639116e+00
1.022911244405570130e+00
1.016459095676905955e+00
1.185917989174843479e+00
1.272347500829352995e+00
1.338271924757109543e+00
1.320602877733091596e+00
1.282101967868920500e+00
1.275796182281407454e+00
1.258167891034171593e+00
1.237325843572487649e+00
1.230712860666205000e+00
1.211672914844781124e+00
1.206642053624727762e+00
1.184710051044875589e+00
1.155953109137404011e+00
1.176331148926353709e+00
1.166254612538423885e+00
1.178711517356827221e+00
1.211561790616657586e+00
1.223652509922680043e+00
1.202220341593264408e+00
1.177416683189620228e+00
1.129101215593782515e+00
1.131969612628957345e+00
1.143089519657554565e+00
1.117726925193849086e+00
1.114864777657352146e+00
1.095355960054863242e+00
1.100502103249033192e+00
1.117663462457363144e+00
1.136590319310912367e+00
1.130081882040636643e+00
1.165372494250369151e+00
1.171810196660383552e+00
1.166500269790704536e+00
1.156797211006119097e+00
1.153837110584071235e+00
1.163594776990997559e+00
1.153108967108083638e+00
1.147359113425318711e+00
1.155376757872301097e+00
1.198190248767394994e+00
1.198368694840766802e+00
1.209334882359181407e+00
1.192421529791177548e+00
1.192650235036411654e+00
1.210112209832546970e+00
1.218919768915430080e+00
1.214084551313155957e+00
1.221577480943729421e+00
1.215743758510278161e+00
1.235016748700296985e+00
1.237282265441670193e+00
1.236941521032376423e+00
1.236181393966311326e+00
1.227492136496285413e+00
1.211770776150532525e+00
1.219440728732412493e+00
1.220614682791374417e+00
1.199986764384286531e+00
1.207437725953448782e+00
1.221051042747174353e+00
1.231114484830770683e+00
1.232259871960924347e+00
1.220546136990353192e+00
1.205729649506216195e+00
1.204384043075781729e+00
1.199167879274947168e+00
1.186365562846973143e+00
1.180611594574581424e+00
1.174893162358263021e+00
1.158360620434632171e+00
1.151200441930443352e+00
1.163149511984701290e+00
1.169434200187582151e+00
1.165389377203080556e+00
1.165299580762853449e+00
1.185839030021518470e+00
1.194469150443727035e+00
1.200011354846205469e+00
1.205029137769383141e+00
1.204373576539609747e+00
1.191269891732165576e+00
1.167837645799803870e+00
