2.250000000000000056e-01
0.000000000000000000e+00
0.000000000000000000e+00
0.000000000000000000e+00
0.000000000000000000e+00
0.000000000000000000e+00
0.000000000000000000e+00
0.000000000000000000e+00
1.773904791804742809e+00
1.762888337950726525e+00
1.755546329462341681e+00
1.742357066884467676e+00
1.731669928080544985e+00
1.740588059590197023e+00
1.726893169140351514e+00
1.715858178714804838e+00
1.714083005228214773e+00
1.708242834529264398e+00
1.665662001898138511e+00
1.615942184731380626e+00
1.506658260665280968e+00
1.408976352127940590e+00
1.414681388596787492e+00
1.391164172873013305e+00
1.339407692707666131e+00
1.342535082037577432e+00
1.255222688921682872e+00
1.157537787997288126e+00
1.005208215413512463e+00
9.621645264155852528e-01
9.489494629790405922e-01
9.404545756110834764e-01
9.155630772004175189e-01
9.357168036994768512e-01
9.181808023136255326e-01
9.155356786319148732e-01
8.802390773315045269e-01
8.676896813753658400e-01
8.664383057228649543e-01
8.571968734324034722e-01
8.682104828674092056e-01
8.804014675480448249e-01
9.254851899939333659e-01
9.413689918995542527e-01
9.718811687658915899e-01
9.755742882081893663e-01
9.686415798969274515e-01
9.778150808444183717e-01
9.816232852829602784e-01
9.788126196646437238e-01
9.718185004721812126e-01
9.531271172309475626e-01
9.413429304744223014e-01
9.605451278169497842e-01
9.620919945374651894e-01
9.951753222137875721e-01
9.993579289117627829e-01
1.038640039191895514e+00
1.061191148078348911e+00
1.068976707674351045e+00
1.082241298352187187e+00
1.108398302569097105e+00
1.123651087536552851e+00
1.134697199922861222e+00
1.138705503477631442e+00
1.132687336847084891e+00
1.125892051821076434e+00
1.129782240392332104e+00
1.126436760083749267e+00
1.123877687934010883e+00
1.112630596036652486e+00
1.095303625458860841e+00
1.064746664093284334e+00
1.055860909182327223e+00
1.058782730278676087e+00
1.062347117591224466e+00
1.043036312650737374e+00
1.022607287282184974e+00
9.971054849146550048e-01
9.957286271849844494e-01
9.963776653806440953e-01
9.963397345419378048e-01
1.003482511873548866e+00
1.021634802021934796e+00
1.042749777099656106e+00
1.071259497644872161e+00
1.089572240692699756e+00
1.105302003940887845e+00
1.120828635919454364e+00
1.130022147108800556e+00
1.139154733058394209e+00
1.148244141048126332e+00
1.157629880693848090e+00
1.151492879623412957e+00
1.139720727722459470e+00
1.110829009768522502e+00
1.083886393384440705e+00
1.067646301941847842e+00
1.066218541307386136e+00
1.078104927269198487e+00
