2.250000000000000056e-01
0.000000000000000000e+00
1.031610714966031406e+00
8.811478317072436450e-01
8.920645031182643514e-01
8.886511540159500733e-01
8.807517140120131316e-01
8.838132288048250462e-01
8.764605964350166145e-01
8.849543937776618296e-01
8.678151769616567757e-01
8.662739768884561986e-01
8.691454303708959772e-01
9.297153138466306421e-01
8.938563726373728313e-01
8.850769098668194168e-01
9.011838772422821053e-01
9.045710004562317330e-01
9.187650329505966385e-01
9.119942981298343465e-01
9.109625471687881060e-01
9.062703371370098848e-01
8.947653141373579366e-01
8.987844974634260353e-01
9.028603946229902810e-01
9.175668337188884749e-01
9.188061469032734463e-01
9.193542684581407221e-01
9.098258373274294986e-01
9.063143916480042028e-01
8.917638606346389718e-01
8.728634322305697246e-01
8.688748279194108415e-01
8.467856139930647341e-01
8.211521687872096464e-01
8.478991091335243979e-01
8.602204916170974602e-01
8.559343109477599576e-01
8.945494420487718479e-01
9.052213402425292044e-01
9.097961421324550768e-01
9.016962037512029626e-01
9.060071856793727729e-01
8.965908963598502313e-01
9.087782333874545593e-01
9.068600348465768457e-01
9.238745701122897946e-01
9.336197381223841907e-01
9.329213468446839741e-01
9.379215162473248935e-01
9.202043529533684429e-01
9.162657191241628807e-01
9.060108008988041473e-01
9.107810872851110906e-01
9.159704845832142839e-01
9.171119385506208976e-01
9.220249636265517301e-01
9.203176277269824457e-01
9.264126886029794283e-01
9.288437103202678014e-01
9.357787117670509636e-01
9.360253351323264415e-01
9.466132030698722888e-01
9.497913205410106752e-01
9.519003881099870057e-01
9.558969978629544562e-01
9.599521840024464181e-01
9.596168692795312705e-01
9.511145080783398598e-01
9.518423498281340933e-01
9.518122354375323502e-01
9.484263414857112551e-01
9.422624347416025392e-01
9.353539987396420896e-01
9.420737194215755839e-01
9.471562266119825102e-01
9.457321459636605088e-01
9.429457250859425432e-01
9.350888923140774356e-01
9.347779041384023380e-01
9.333858692569655391e-01
9.339773510631066422e-01
9.339755860690974743e-01
9.350036618008513711e-01
9.309148014263870508e-01
9.395163464299248757e-01
9.335525466637122349e-01
9.337115378118652220e-01
9.351945615384390509e-01
9.305565562092752430e-01
9.300622045626644185e-01
9.341694276938099506e-01
9.343125093573764195e-01
9.399982189006298450e-01
9.427139684133746256e-01
9.340968867852739166e-01
9.376866749455985417e-01
9.361537298657544026e-01
9.393301445804577154e-01
9.415436037000505243e-01
