2.250000000000000056e-01
0.000000000000000000e+00
0.000000000000000000e+00
0.000000000000000000e+00
0.000000000000000000e+00
0.000000000000000000e+00
0.000000000000000000e+00
0.000000000000000000e+00
0.000000000000000000e+00
0.000000000000000000e+00
0.000000000000000000e+00
0.000000000000000000e+00
0.000000000000000000e+00
0.000000000000000000e+00
0.000000000000000000e+00
0.000000000000000000e+00
9.353488099627782493e-02
1.108288680172418994e-01
1.285163495877371109e-01
1.468944511185539259e-01
1.661377224972059308e-01
1.771610461444018125e-01
1.887728423676544587e-01
2.107584844852762040e-01
2.238641360917295320e-01
2.375188070436201615e-01
2.516752439226223603e-01
2.742307479619948141e-01
2.920718469754226554e-01
3.075774229010262983e-01
9.585735359290218360e-01
1.051315488617435623e+00
1.087919375806504663e+00
1.106008163945223499e+00
1.035784187194675354e+00
9.817436675088263565e-01
9.277430509145320192e-01
9.092433024108408368e-01
9.066910016842351094e-01
9.877210143172592272e-01
9.925232778602605110e-01
1.015624632830687046e+00
1.025899824576065544e+00
1.024352998756792310e+00
1.016781576264807363e+00
1.018979273703557675e+00
1.011692420396403280e+00
9.998708014909631903e-01
9.777290353771637132e-01
9.630652873042793161e-01
9.497644236761824121e-01
9.771186612077856770e-01
1.023853116097493299e+00
1.071664216411449821e+00
1.088031274180824681e+00
1.098961325812776613e+00
1.115606035332639800e+00
1.117220702011019418e+00
1.120211251836675803e+00
1.136737261883997485e+00
1.147729306759271095e+00
1.153982641555592048e+00
1.160066726487157585e+00
1.176787526534164297e+00
1.189896073098889451e+00
1.207980959754958672e+00
1.219026386570241316e+00
1.221895937621588990e+00
1.223909014760218072e+00
1.220646527933231695e+00
1.213871866809932865e+00
1.203640155434345216e+00
1.188238529235624341e+00
1.170599445876523426e+00
1.106331815374238303e+00
1.045718919968459781e+00
1.026889491014692624e+00
1.002197933543472530e+00
9.806030998020685008e-01
9.608963655566119533e-01
9.554993482513565173e-01
9.571681966338846381e-01
9.514399584223652839e-01
9.524004950112662238e-01
9.713024793527337275e-01
9.989608023865765851e-01
1.023282559293745786e+00
1.046442451289132158e+00
1.059718089755725678e+00
1.068186509728337397e+00
1.073810037101588177e+00
1.075393243734180215e+00
1.079867693723300714e+00
1.068643781102972090e+00
1.054463419716376471e+00
1.057441372796911194e+00
1.049734393441528413e+00
1.056468339237967902e+00
1.081525787855060816e+00
1.107805342089136724e+00
