2.250000000000000056e-01
0.000000000000000000e+00
8.668175523881349598e-01
1.096840327959518024e+00
1.113115134968779785e+00
1.075417206111209723e+00
9.770719703404497913e-01
9.554280133819846865e-01
9.472249223639630511e-01
1.003543905345279930e+00
1.052092778140249818e+00
1.073231205362460861e+00
1.093332168575911423e+00
1.113316412751812479e+00
1.253949158571377565e+00
1.241357794849134777e+00
1.252449037143249067e+00
1.255752307667054257e+00
1.240796191045342445e+00
1.250321626430749733e+00
1.246463543830281351e+00
1.262199965805056889e+00
1.250063046981086279e+00
1.214975094514679554e+00
1.174516219952905116e+00
1.160462255624366446e+00
1.183898490486740673e+00
1.186413879980323438e+00
1.177466920390534355e+00
1.163770869166837807e+00
1.167941331907972113e+00
1.180012169734150351e+00
1.158557221699947792e+00
1.176718946985987557e+00
1.182612494013655979e+00
1.173771307592940571e+00
1.184638068539849209e+00
1.180470559247217333e+00
1.176440530299209142e+00
1.174994975853829615e+00
1.163884379724327012e+00
1.170393472680496760e+00
1.168937707987419028e+00
1.167061153488934799e+00
1.158463819930432015e+00
1.152533096801550805e+00
1.170418010864416880e+00
1.195674200922296704e+00
1.203998179422533177e+00
1.204629635741671256e+00
1.212033277179418445e+00
1.217176637471279355e+00
1.221012755542147499e+00
1.219261654719083543e+00
1.219773198636398215e+00
1.214676238278518339e+00
1.220635813571847583e+00
1.219130221008566828e+00
1.211402316896099451e+00
1.205374576637125328e+00
1.199023573142908639e+00
1.194444430482287656e+00
1.190747707621775620e+00
1.186059216087884227e+00
1.182784083837774558e+00
1.174285661759457700e+00
1.162719137020745475e+00
1.151345898405674362e+00
1.147618485201509220e+00
1.143032851859880017e+00
1.146555072128411457e+00
1.155398096080160197e+00
1.160996032394890021e+00
1.173557753673868609e+00
1.186575009907589795e+00
1.186108838459760007e+00
1.188543751190659137e+00
1.186389819098793597e+00
1.185697213320743959e+00
1.183245979624642619e+00
1.188496793326266898e+00
1.190514288604204385e+00
1.188204546206129919e+00
1.192827061532795829e+00
1.195761392671026213e+00
1.199485383037220521e+00
1.201561726964109011e+00
1.211625765301761026e+00
1.217110282964019685e+00
1.213576178362527180e+00
1.214101480492768781e+00
1.199813651165099637e+00
1.207836529536739922e+00
1.210676412193208762e+00
1.203799037035454988e+00
1.206614324720447495e+00
1.206806021209025470e+00
1.207829967883919942e+00
1.212147808791608661e+00
1.205999524611840457e+00
