2.250000000000000056e-01
0.000000000000000000e+00
0.000000000000000000e+00
0.000000000000000000e+00
0.000000000000000000e+00
3.754807330245371055e-01
5.035114349364078201e-01
6.037902879430089298e-01
6.755755656684611088e-01
6.665922626093481185e-01
6.580483801252335896e-01
6.245424416777164422e-01
6.090702523620488140e-01
6.035395256013897924e-01
6.024049684638851376e-01
5.966915455971428806e-01
6.065232510932446752e-01
6.192952980847242772e-01
6.299516782505865109e-01
6.363410792301990027e-01
6.367241984173700464e-01
6.367284526529550792e-01
6.289015842363612219e-01
6.224596058614453309e-01
6.235941868284485823e-01
6.221553627106398698e-01
6.208276537145303031e-01
6.246488001487089381e-01
6.247907586737045937e-01
6.239295390549665088e-01
6.226564956934553807e-01
6.244072863806401363e-01
6.248081042249785666e-01
6.253177978644783863e-01
6.264971614382005560e-01
6.234005433394101958e-01
6.233541733503626947e-01
6.238145281495921513e-01
6.246131077860463954e-01
6.258976469176051882e-01
6.239259075149178324e-01
6.237804793279164706e-01
6.262271080740333673e-01
6.252652700506732275e-01
6.256274847435241426e-01
6.254489818311718130e-01
6.289161131566476381e-01
6.278383319871706503e-01
6.264842675042610054e-01
6.267327595232159432e-01
6.256131955735070305e-01
6.269942969972234215e-01
6.257342619832525488e-01
6.274042279076732509e-01
6.273874335840254890e-01
6.265667999377600994e-01
6.277015996436045020e-01
6.285874933251859309e-01
6.276437313437933652e-01
6.285977533329762945e-01
6.286500737133385863e-01
6.273548864992442020e-01
6.271575321017489602e-01
6.273758098309960562e-01
6.296825686780160858e-01
6.289154377343794122e-01
6.303147595662833558e-01
6.299089433670770344e-01
6.293608503512657659e-01
6.295162692054609987e-01
6.287785203213067664e-01
6.294131896657904068e-01
6.302929577024249941e-01
6.303225145125777029e-01
6.317621047097737863e-01
6.321127408164760597e-01
6.305446183154437279e-01
6.305966523240237320e-01
6.320610269874445963e-01
6.313999651057450313e-01
6.316533427487911467e-01
6.312971773341943260e-01
6.325292541913103417e-01
6.350099775707788163e-01
6.334244163996965993e-01
6.328225043889074142e-01
6.335939949829891837e-01
6.324019853499651678e-01
6.331844884842653398e-01
6.327229336214639233e-01
6.334818200951316536e-01
6.318953429326089610e-01
6.321105859472115895e-01
6.315696128366854456e-01
6.315179167417058759e-01
6.311199027988418919e-01
6.301885027561712205e-01
6.287332261636410236e-01
6.263094440607153146e-01
6.275064780258801100e-01
