2.250000000000000056e-01
0.000000000000000000e+00
0.000000000000000000e+00
0.000000000000000000e+00
0.000000000000000000e+00
0.000000000000000000e+00
0.000000000000000000e+00
8.285598891827130608e-01
8.324669808831102191e-01
8.558871555225604499e-01
9.285717755893850844e-01
9.583370169051117493e-01
9.646889707702999139e-01
9.581754705030631758e-01
9.789162472825414518e-01
9.741042799007150199e-01
9.737831336994696718e-01
9.746103884920870319e-01
9.737526822529436465e-01
9.732813369735616726e-01
1.001148502469989765e+00
1.044337853875751065e+00
1.061838730209091475e+00
1.299716702642679245e+00
1.317948429088286355e+00
1.354120110114173769e+00
1.357821730513774305e+00
1.387784218481224574e+00
1.365212015568858073e+00
1.372583413751308878e+00
1.376390750484471237e+00
1.347780830429673005e+00
1.319348584632858534e+00
1.297084992208148213e+00
1.266151854003819022e+00
1.240575453431749686e+00
1.230801541136652855e+00
1.213720284871649291e+00
1.222644056584324179e+00
1.202786809908025001e+00
1.171830728702166757e+00
1.145360466613923656e+00
1.076789835563801256e+00
1.058889606457484200e+00
1.046928967826858070e+00
1.047211501189095451e+00
1.043749009771123060e+00
1.040086492741766566e+00
1.107509301585669181e+00
1.133142521784993750e+00
1.180813637471686439e+00
1.205433708084484801e+00
1.206119044279942987e+00
1.220633355364397987e+00
1.202862667905525873e+00
1.189409925071537977e+00
1.189233282949919701e+00
1.185594055413188741e+00
1.193664200897680772e+00
1.213506296969796061e+00
1.204664836157260943e+00
1.218297691687947548e+00
1.204133536345143307e+00
1.160865694445032847e+00
1.164696445210177123e+00
1.154835849746858489e+00
1.161615350814404035e+00
1.167563169395052780e+00
1.140493436581067721e+00
1.124616129256527985e+00
1.120276075890647816e+00
1.151930375294804687e+00
1.173506663701646247e+00
1.185575155659515767e+00
1.185454601051121104e+00
1.181463778603240700e+00
1.181457796937005256e+00
1.153090370623712779e+00
1.144693306539605437e+00
1.134899422114099776e+00
1.142210054884489789e+00
1.135178738734196280e+00
1.168142771111590150e+00
1.193017682923835698e+00
1.207891403414647735e+00
1.237549199545745937e+00
1.231981901231254284e+00
1.229169072743506952e+00
1.238586789238572461e+00
1.225383735713913902e+00
1.219046376377576735e+00
1.209394497390987588e+00
1.212989676184142107e+00
1.222132760304001531e+00
1.225109535812944905e+00
1.261914703039850094e+00
1.264152246804025603e+00
1.260606998795877232e+00
1.281773972312308718e+00
1.282076672967014108e+00
