2.250000000000000056e-01
0.000000000000000000e+00
0.000000000000000000e+00
0.000000000000000000e+00
2.201240157019749566e-01
1.878083187817284061e-01
1.877865301923510588e-01
2.226055649654252178e-01
2.277129246530953111e-01
2.371078340465236356e-01
2.687853580889791316e-01
2.875122300727972480e-01
3.005813982778949844e-01
3.341917028982662741e-01
3.537847938203214082e-01
3.729167579424851886e-01
3.881592613496723243e-01
4.254070630170154188e-01
4.264668390034618284e-01
4.424935615312960979e-01
4.586916125478672779e-01
5.023535345552718745e-01
4.958276379818457591e-01
4.272808774893906980e-01
3.722526971319117806e-01
3.843380406506010649e-01
3.896211875134804048e-01
3.849928887679580081e-01
4.162086645015531938e-01
4.348485761198552790e-01
4.506161251385243371e-01
4.500656315931296225e-01
4.678166396765618962e-01
4.978768661207754187e-01
5.086267844257775783e-01
5.417544728869146953e-01
6.212982121472970798e-01
6.503892728635328746e-01
7.008602509208570197e-01
7.707305687290005869e-01
8.353014287484745726e-01
8.576092070620040531e-01
8.597284467928070217e-01
8.932054707832146612e-01
9.391626368577633555e-01
1.016090195281143416e+00
1.041122075947381598e+00
1.059363816572570727e+00
1.085760916251830910e+00
1.122018736181316756e+00
1.156060649425590725e+00
1.107197876706552897e+00
1.111222642634178692e+00
1.083740887418992438e+00
1.115873081129641564e+00
1.130635874415141240e+00
1.142695043273441291e+00
1.144609019674542427e+00
1.161421382545513303e+00
1.181500320584200514e+00
1.174136971328776369e+00
1.176905064225117314e+00
1.195467175992287689e+00
1.201824583391510659e+00
1.218566023424524358e+00
1.208632753276229099e+00
1.195483020270233787e+00
1.193916944260851487e+00
1.187747936474564669e+00
1.187301177430199806e+00
1.192527557729699872e+00
1.199807080068296283e+00
1.195193929844617697e+00
1.196203982835628343e+00
1.186437920285765113e+00
1.181907803381444300e+00
1.170934761387978140e+00
1.176240004535223038e+00
1.178175841367046006e+00
1.180339602843403446e+00
1.175462071460313895e+00
1.173957774917374852e+00
1.168363940130237699e+00
1.167771779558909095e+00
1.171892723289926774e+00
1.180361113905453729e+00
1.183944836659291067e+00
1.186313663338228075e+00
1.185323797832946058e+00
1.197290618199320811e+00
1.213618981680193665e+00
1.203648253119665057e+00
1.202397736541602313e+00
1.195330162289551579e+00
1.188193479653321560e+00
1.182802974369533411e+00
1.168442332133164063e+00
1.176985882501882630e+00
1.185336317212162038e+00
1.191782313433261908e+00
