2.250000000000000056e-01
0.000000000000000000e+00
0.000000000000000000e+00
0.000000000000000000e+00
0.000000000000000000e+00
1.893217424134835680e-01
1.893217424134835403e-01
3.706733792025414531e-01
3.931885109341388684e-01
4.068664653397592312e-01
4.517527674070920818e-01
4.749539476078035727e-01
5.238408110380228244e-01
5.304402849280417387e-01
5.736558600482778436e-01
5.863005756580105254e-01
5.744897018959570500e-01
4.830083119857973006e-01
4.957492941472803061e-01
5.517807062459680889e-01
5.257499940334138255e-01
5.504000108250810541e-01
5.664500437654189646e-01
6.167021268662015165e-01
7.189864653558005747e-01
9.685896863240802679e-01
1.084551077619379855e+00
1.196842440161894894e+00
1.218573979777567651e+00
1.280601957685335357e+00
1.289083776265105952e+00
1.279673194207563647e+00
1.297567093029269536e+00
1.324910901726966683e+00
1.335508660463336161e+00
1.365573937869115184e+00
1.380451256992619280e+00
1.402824274374902203e+00
1.439663429200227052e+00
1.451757271584950271e+00
1.471582408131321129e+00
1.501835420254690412e+00
1.531716890871251069e+00
1.573309026193389970e+00
1.643598353619923014e+00
1.694257945590140313e+00
1.724425779660660352e+00
1.779751425116182340e+00
1.759001799822274670e+00
1.754688567204295335e+00
1.774175811101325939e+00
1.794932874261268241e+00
1.773046606828076355e+00
1.761324114834982968e+00
1.761602447631081425e+00
1.812895995701373941e+00
1.818571269785866251e+00
1.860168574058916890e+00
1.869743912580262846e+00
1.857481803820119737e+00
1.849894518075835714e+00
1.843422066611057231e+00
1.820921468308978719e+00
1.802048793726505949e+00
1.776416050009797631e+00
1.760958154393696073e+00
1.742450151899481936e+00
1.705634432631617958e+00
1.740856628404154005e+00
1.779456178040006664e+00
1.749092724771841745e+00
1.721539758062186287e+00
1.685107673999164168e+00
1.661813185739583254e+00
1.629232728693730703e+00
1.597178197159661250e+00
1.572292313801427088e+00
1.550356056056394483e+00
1.532453214887015136e+00
1.537615125156741591e+00
1.560548616413483858e+00
1.543810361749488047e+00
1.524985962199569611e+00
1.500035311023412143e+00
1.483883127191987894e+00
1.479340837853884372e+00
1.484628145637481023e+00
1.472893635436052007e+00
1.546005573972366820e+00
1.570201859927703225e+00
1.608092505704105335e+00
1.607509240413447227e+00
1.594337784033188932e+00
1.578336783937138055e+00
1.618300672988137734e+00
1.626125649379589033e+00
1.638712194495341778e+00
1.633761565979345853e+00
1.657456478676277767e+00
1.673687712759746482e+00
