2.250000000000000056e-01
0.000000000000000000e+00
0.000000000000000000e+00
0.000000000000000000e+00
0.000000000000000000e+00
0.000000000000000000e+00
0.000000000000000000e+00
0.000000000000000000e+00
0.000000000000000000e+00
0.000000000000000000e+00
0.000000000000000000e+00
0.000000000000000000e+00
6.041625391547993384e-01
6.041625391547993384e-01
6.521744843935081137e-01
6.137521303505966142e-01
6.979655934958028940e-01
6.698338071722867992e-01
7.625385268034550190e-01
7.429703438814626582e-01
7.250601478915270626e-01
7.254820512420733225e-01
8.148881544760926410e-01
8.196614172172002055e-01
7.851205854312859334e-01
9.035301152947481373e-01
8.880225417506675267e-01
8.294795205252791792e-01
8.269702713533215732e-01
9.379524168903503600e-01
8.978925017639188821e-01
8.775671858926060720e-01
8.294175939663043229e-01
9.453642801476005442e-01
9.058425621071133360e-01
8.802377921584221276e-01
9.907179378599211272e-01
1.444434389539764219e+00
1.591551329751926591e+00
1.612595353283368338e+00
1.620737719601199167e+00
1.610718613301091118e+00
1.599136203604418549e+00
1.584690693841067199e+00
1.552859862840034078e+00
1.524436485258452434e+00
1.499075054777099236e+00
1.469926400346353468e+00
1.457946223708443068e+00
1.423828600563489921e+00
1.385790933257494473e+00
1.380367148860232929e+00
1.339574843360106682e+00
1.463618241855337399e+00
1.479269084009270152e+00
1.482804585151687560e+00
1.472587917823609205e+00
1.458383008943098691e+00
1.453400998690863144e+00
1.463918911652466237e+00
1.427505499502411901e+00
1.435476107663912870e+00
1.433441391542879417e+00
1.414171818862514973e+00
1.443747528174908590e+00
1.483652295628161477e+00
1.487918258508396319e+00
1.516063090668644975e+00
1.521591937476089118e+00
1.541839403133782982e+00
1.552989018246497377e+00
1.534582141170596659e+00
1.486701800065185264e+00
1.464756107618320424e+00
1.423345392799262976e+00
1.398606677769002937e+00
1.375804528494173118e+00
1.379432845536878061e+00
1.363968511782460480e+00
1.376737222927747473e+00
1.386824126731824647e+00
1.363521633635994990e+00
1.373624239647671885e+00
1.369394512367301697e+00
1.363959511950715520e+00
1.371441897744339666e+00
1.375672942657148123e+00
1.394878654468861612e+00
1.385742385295050116e+00
1.408057126591828911e+00
1.391096639248448064e+00
1.389068495152708360e+00
1.388025119003909680e+00
1.379377225909401261e+00
1.358236329973132817e+00
1.382777478044724395e+00
1.382509449433141580e+00
1.371634932598787771e+00
1.389564941519209951e+00
1.390261663901251943e+00
