2.250000000000000056e-01
0.000000000000000000e+00
0.000000000000000000e+00
0.000000000000000000e+00
0.000000000000000000e+00
0.000000000000000000e+00
0.000000000000000000e+00
0.000000000000000000e+00
0.000000000000000000e+00
0.000000000000000000e+00
0.000000000000000000e+00
2.023574067267128740e+00
1.994233842740561480e+00
1.934106093304389873e+00
1.934979736616997625e+00
1.880369447425818352e+00
1.859305065009672520e+00
1.806871263118465132e+00
1.723730973145855216e+00
1.609510680144037309e+00
1.521737622895111830e+00
1.439820992296205082e+00
1.374015947928431958e+00
1.312077440697841269e+00
1.263412714707419005e+00
1.211450117192176990e+00
1.095346631478588462e+00
1.039543140384703745e+00
1.061037853636450201e+00
1.280176466160562576e+00
1.318764087102204607e+00
1.409372378620021626e+00
1.390525389998235051e+00
1.367497497024795283e+00
1.316160813240414118e+00
1.268717761410436129e+00
1.252104960160745684e+00
1.242307096581600989e+00
1.225874252666959707e+00
1.204961125375305420e+00
1.209081489962454681e+00
1.185857613032106794e+00
1.179595280634194499e+00
1.182448196622644554e+00
1.203270318871194400e+00
1.228945321777419331e+00
1.346721025604721511e+00
1.337033373403910153e+00
1.338903080156433667e+00
1.325569456289219294e+00
1.280877846200363601e+00
1.272058434030856056e+00
1.250198850096700509e+00
1.192754947489896633e+00
1.163119640588259340e+00
1.138288387425358428e+00
1.127430770858624642e+00
1.120510543719126728e+00
1.108737859904610490e+00
1.129611835542902343e+00
1.129528381147072880e+00
1.095261328378202892e+00
1.115102369372211966e+00
1.124640537848553556e+00
1.170850320246931142e+00
1.222007712348110786e+00
1.367166462185800402e+00
1.389156379986048906e+00
1.412510901952573228e+00
1.414731526954263963e+00
1.417747673999977920e+00
1.521609075670927291e+00
1.509220954293585493e+00
1.577521544660319242e+00
1.563595629136825593e+00
1.516654197883060773e+00
1.468362868777637775e+00
1.426899105702691850e+00
1.427315968966616833e+00
1.408754778086515724e+00
1.391246948229562408e+00
1.363703639753501173e+00
1.352900616712216619e+00
1.337114558853151669e+00
1.328522516736092340e+00
1.356599885463772637e+00
1.375673226359037216e+00
1.471215083862836615e+00
1.482158456173362060e+00
1.489960059993655106e+00
1.489400878439160358e+00
1.432573483690162908e+00
1.406696842588747609e+00
1.433045526183736484e+00
1.436596407651915097e+00
1.463185388739589143e+00
1.459109522590138486e+00
1.423991143841401019e+00
1.391959308213634339e+00
1.357116578639377957e+00
