2.250000000000000056e-01
0.000000000000000000e+00
1.089943108742686517e+00
1.047142251140305014e+00
1.039826155886370396e+00
1.016426488144087203e+00
1.004040507725572073e+00
9.982543811045013760e-01
9.655374235871315713e-01
9.100869376288358570e-01
9.124990543360564921e-01
8.958815653955066738e-01
9.162947118602793317e-01
1.117563066148778539e+00
1.284501663246531589e+00
1.319603476970156120e+00
1.344628751668949684e+00
1.367382349529464136e+00
1.389526720979628482e+00
1.319381733252696698e+00
1.266715345133574200e+00
1.277368383110092820e+00
1.264963342730924367e+00
1.247234722005972074e+00
1.235821799142397648e+00
1.233746644035364604e+00
1.230376190731902408e+00
1.180948400384465469e+00
1.172387653700452725e+00
1.154685920055704695e+00
1.242795571230262297e+00
1.220515085123199173e+00
1.210979764343101728e+00
1.198251053071036409e+00
1.178220511348529342e+00
1.142277893528213850e+00
1.103246675908308383e+00
1.099076637294486680e+00
1.093777001940168025e+00
1.101040065995134043e+00
1.154379817085861237e+00
1.154474149222514345e+00
1.148206366579080928e+00
1.158733380068956764e+00
1.157142404271022107e+00
1.143222841424849534e+00
1.140132653735404178e+00
1.121318264887091187e+00
1.116971188424815242e+00
1.109161594283125440e+00
1.118734526746160807e+00
1.128285809899384873e+00
1.135613604886616335e+00
1.183977304473326608e+00
1.213307037915754449e+00
1.197032002460171940e+00
1.194048995892687870e+00
1.186441373843196256e+00
1.177691719368453738e+00
1.190234313093316620e+00
1.211255244498466332e+00
1.222979206049694900e+00
1.233033396400230686e+00
1.226677237288839484e+00
1.219208314175206587e+00
1.202096982486959176e+00
1.197668055184051950e+00
1.189006636734741162e+00
1.187641878229860337e+00
1.235260761061246049e+00
1.257330163006909585e+00
1.214280112070412976e+00
1.194806476520504646e+00
1.176607376084667589e+00
1.160697242689342490e+00
1.153859832702785582e+00
1.155968562391402221e+00
1.151349918205633482e+00
1.153422957040255215e+00
1.155183363982019928e+00
1.224292312759532209e+00
1.223478635527893266e+00
1.252681026774593143e+00
1.264706499791882210e+00
1.281517678653618875e+00
1.275522535197952223e+00
1.257529706819291659e+00
1.248657990582672905e+00
1.233723414802789575e+00
1.252697500201686021e+00
1.242338360128487196e+00
1.235010093851429902e+00
1.223575336076081044e+00
1.216935198100428606e+00
1.211611652749665646e+00
1.208001281850918485e+00
1.213400265258774979e+00
1.236562957942769714e+00
1.255002050372983513e+00
1.254440517633883312e+00
