2.250000000000000056e-01
0.000000000000000000e+00
0.000000000000000000e+00
0.000000000000000000e+00
0.000000000000000000e+00
1.847515149929930711e+00
1.872608393051146125e+00
1.950189530341850608e+00
1.878668308110593710e+00
1.822518916658573129e+00
1.761257218965375237e+00
1.696859493944924413e+00
1.637052625235611458e+00
1.562979632515768103e+00
1.494149273713596848e+00
1.439647716871354843e+00
1.379952457944873201e+00
1.314634624850884448e+00
1.275107052502153504e+00
1.216289221793067199e+00
1.203781028013743759e+00
1.159151600273704341e+00
1.150459102956657320e+00
1.436826105005145626e+00
1.388475119599216434e+00
1.310896664600094574e+00
1.262324020091889043e+00
1.215030640257740879e+00
1.170174729680533376e+00
1.124035816748771177e+00
1.062443952255265112e+00
1.014551253746420523e+00
9.924882657920799378e-01
9.725486634489683979e-01
9.549420050807823079e-01
9.397155920115227712e-01
9.267863621150750353e-01
9.159797258692814470e-01
9.070674265321093666e-01
8.997992512422562372e-01
8.939264078973181427e-01
1.170672705366714528e+00
1.393050185297989074e+00
1.516781921140214484e+00
1.681511502218904885e+00
1.669417886558355324e+00
1.646751162272900304e+00
1.640227479078773642e+00
1.652090218161573976e+00
1.638260105022053104e+00
1.603342753352979821e+00
1.553334829508931092e+00
1.505743813546389198e+00
1.464368750299101407e+00
1.416219822405213158e+00
1.377836975842718914e+00
1.322825046005148719e+00
1.291456349475513354e+00
1.261481932409570295e+00
1.229358128626065083e+00
1.237361448931656227e+00
1.289979345134152355e+00
1.295777358797623791e+00
1.339673029001406057e+00
1.437907075555903358e+00
1.457203854595124026e+00
1.448642636408444373e+00
1.417832148879595522e+00
1.393365346423520057e+00
1.337545842963281606e+00
1.284931761768245861e+00
1.236014851780343982e+00
1.165080075240160884e+00
1.134561979860349679e+00
1.119168367664058916e+00
1.179875594877842993e+00
1.190829776164993525e+00
1.198715074716519391e+00
1.187313047010456257e+00
1.149840800015928144e+00
1.129523122388568002e+00
1.115211301816446232e+00
1.017687415671838513e+00
9.286247164599779058e-01
9.073605539921552054e-01
9.207209757666993122e-01
8.985774768271477253e-01
9.173923882039126676e-01
9.124319464295708171e-01
9.104909168704765632e-01
8.918819640353191636e-01
8.848124855703597413e-01
9.142869503169783751e-01
9.445339219789047336e-01
1.018850521252743002e+00
1.010598074764957666e+00
1.012517878480189815e+00
1.016149558874461567e+00
1.012604415706535255e+00
9.937776593341046683e-01
