2.250000000000000056e-01
0.000000000000000000e+00
9.320039048161597728e-02
9.320039048161597728e-02
9.320039048161597728e-02
1.611980942949803597e-01
2.028369123760227488e-01
1.893511674667168465e-01
2.898746286220303392e-01
2.935169096916062648e-01
3.834383276111610894e-01
3.752274021509345858e-01
3.851926770602626671e-01
4.186539708640800717e-01
4.084663037042280953e-01
4.092299414284850112e-01
4.467884705306611193e-01
4.467087830747584198e-01
4.219572324703119159e-01
4.351331600581107573e-01
4.208865583366128704e-01
4.448293381367421917e-01
4.324100690049114126e-01
4.251607815387471456e-01
4.257190823976450544e-01
4.374624404712977865e-01
7.035776180246280376e-01
8.010348667599805905e-01
9.180654446057362472e-01
9.443395815680541983e-01
9.856459592818623827e-01
1.029764777246727769e+00
1.023102600751149005e+00
1.028722609455718695e+00
1.029966260780677656e+00
1.050496755370474711e+00
1.056823991671737240e+00
1.079511071522694987e+00
1.111526597207886713e+00
1.211461679777428246e+00
1.276764178402545191e+00
1.310942037139898320e+00
1.330652574406089084e+00
1.354436633836773041e+00
1.369854188012531226e+00
1.389072113638014860e+00
1.378920642974026389e+00
1.357703199340789757e+00
1.343310137254555281e+00
1.317370028725332931e+00
1.298868791895723129e+00
1.273994348881185790e+00
1.246321466717528859e+00
1.226744068467175985e+00
1.216059356997980290e+00
1.192142357553014120e+00
1.187357926202522229e+00
1.215933188111244956e+00
1.219935290664176719e+00
1.228808424321175430e+00
1.222939686710908580e+00
1.239361863374536021e+00
1.242768045513327646e+00
1.259951301119563105e+00
1.254250724676265527e+00
1.274286446282445251e+00
1.273020791353695280e+00
1.266690257607984371e+00
1.253593038180063512e+00
1.253054211456721578e+00
1.241602791901647462e+00
1.224389607873124008e+00
1.204653688993790439e+00
1.189844413953489832e+00
1.176209395629244758e+00
1.162227193556895077e+00
1.161948820763174961e+00
1.169197205175243948e+00
1.180546089890337047e+00
1.237494466033917329e+00
1.262888810781394477e+00
1.272968018726022166e+00
1.294191645830616633e+00
1.316660103974108820e+00
1.311468658408404098e+00
1.300586513834058433e+00
1.300918852963474981e+00
1.299709817983783378e+00
1.298509391485306308e+00
1.295970343585399975e+00
1.296062169734604641e+00
1.286504968540822746e+00
1.277342709604655457e+00
1.262681049932506294e+00
1.247473934950847685e+00
1.263228236741714694e+00
1.295580492009553941e+00
1.312383026620505655e+00
1.317903119998222072e+00
1.313329663554116511e+00
