2.250000000000000056e-01
0.000000000000000000e+00
0.000000000000000000e+00
2.888875810702032920e-01
5.199628902805688568e-01
5.428695963163756577e-01
5.524474876779823518e-01
5.604067939479153715e-01
5.064966826747162587e-01
5.071744197095767737e-01
5.321850573076876145e-01
5.487095408903231997e-01
5.429148581199334522e-01
5.502098016256233848e-01
5.692471437016209945e-01
5.822989790505633811e-01
6.035208744370470502e-01
6.147101223689070970e-01
6.288517122496483092e-01
6.340694083132265568e-01
6.325639593059783072e-01
6.389677076573189174e-01
6.559001897630557520e-01
6.618659106932254232e-01
6.616947178074426006e-01
6.650171734350345254e-01
6.701063110680585133e-01
6.650502860282454520e-01
6.615752875713808434e-01
6.635049611502927824e-01
6.657604691021163923e-01
6.591421406049569054e-01
6.596950858424558417e-01
6.591410994551435421e-01
6.617570549048732431e-01
6.671674672741486622e-01
6.680975240227485790e-01
6.586349462018837864e-01
6.616656595444695421e-01
6.566472856571902161e-01
6.524713709878853241e-01
6.540245551507646304e-01
6.545592413432630430e-01
6.584811567830561874e-01
6.562434357175760402e-01
6.537023566254306362e-01
6.501470750699688272e-01
6.463342911030408589e-01
6.440992670286780353e-01
6.423190374401985814e-01
6.383836690751575338e-01
6.368084199369024034e-01
6.343072217975208593e-01
6.345865216470812920e-01
6.367200824771576118e-01
6.408171707986238808e-01
6.435397476570923203e-01
6.442675445204127938e-01
6.398363531919473157e-01
6.402341103315396520e-01
6.387828087941811450e-01
6.339078378176308259e-01
6.327442019584909039e-01
6.360840148803272864e-01
6.393518798164212757e-01
6.409260099323151882e-01
6.434192342316737978e-01
6.482548961697102152e-01
6.476970410596435412e-01
6.506768442446881906e-01
6.497995957154037994e-01
6.517382903099413483e-01
6.516335027678006320e-01
6.506861787916738971e-01
6.496555859625410267e-01
6.489090952660350187e-01
6.491849787190107079e-01
6.510448627057308091e-01
6.510221540196422518e-01
6.499709998982095005e-01
6.512935263586321355e-01
6.482415106590991849e-01
6.468881335938663213e-01
6.488510344230604687e-01
6.492657856416386153e-01
6.473459623071308178e-01
6.449005290869169738e-01
6.463274740596191004e-01
6.469868365590533132e-01
6.501022039471676672e-01
6.500719226419837682e-01
6.493337517312884888e-01
6.504337559935334800e-01
6.535050665383843604e-01
6.561734858159613548e-01
6.566494014931906209e-01
6.584939281576214221e-01
6.614386396653150202e-01
6.624194648814200059e-01
6.626413215620032826e-01
