2.250000000000000056e-01
0.000000000000000000e+00
0.000000000000000000e+00
0.000000000000000000e+00
0.000000000000000000e+00
0.000000000000000000e+00
1.015886666175149111e+00
1.207542853041739139e+00
1.040013132698366816e+00
1.078776149361606596e+00
9.972068982783759417e-01
1.321724727248528186e+00
1.390738735888396027e+00
1.388694161753483369e+00
1.331816726646744442e+00
1.293524950072407309e+00
1.353305038760786339e+00
1.350690094075148728e+00
1.336209476742177049e+00
1.318780655041250638e+00
1.307177798974921590e+00
1.297124039853585264e+00
1.284837572816063700e+00
1.250936529708046141e+00
1.240270663773335169e+00
1.255272067915350398e+00
1.274110526881564898e+00
1.284408066071169641e+00
1.284418895797023508e+00
1.202870515043362509e+00
1.202255520728734206e+00
1.181407428351237909e+00
1.174309888570612692e+00
1.219140784156987456e+00
1.268336619066122495e+00
1.270768687894993310e+00
1.264477535769093386e+00
1.270911478280592588e+00
1.274447261695498268e+00
1.288314279070166268e+00
1.284365238812780863e+00
1.280516454104112078e+00
1.291028933977156790e+00
1.281892027024061687e+00
1.272315467342773676e+00
1.269067272943027902e+00
1.263303335391235738e+00
1.249832372448469231e+00
1.256752268651607274e+00
1.253933407417074264e+00
1.249544314378395304e+00
1.253071318537183565e+00
1.244544686404313039e+00
1.242397034887595453e+00
1.232126859450939804e+00
1.220137469485353288e+00
1.202610870486290562e+00
1.205330802240270005e+00
1.208883890233223291e+00
1.206504303515535170e+00
1.206584756253881174e+00
1.220664838621338788e+00
1.217615761954573106e+00
1.213514954233141596e+00
1.205804052282966499e+00
1.194061517595836897e+00
1.186604282737764304e+00
1.173809961596479212e+00
1.185375754660259462e+00
1.194798703615344682e+00
1.201683725177178808e+00
1.207911139369978848e+00
1.211161681985525762e+00
1.195523690085400714e+00
1.196020722728401875e+00
1.196016488708252723e+00
1.202185439429165337e+00
1.207335789747715493e+00
1.210239818166215953e+00
1.214322453670888091e+00
1.208392778479989715e+00
1.209788639835437829e+00
1.199250611146753132e+00
1.200133977824800136e+00
1.198527006770906844e+00
1.195452334774078196e+00
1.196870659002690296e+00
1.199357596461168018e+00
1.194373733779117153e+00
1.195895731244303040e+00
1.196222835941239460e+00
1.197578768683577488e+00
1.194867264160706322e+00
1.190655303330013348e+00
1.193673723049725854e+00
1.192419786420999106e+00
1.190479005739429663e+00
1.188869611997241060e+00
1.189695032872928548e+00
1.201544613332289568e+00
