2.250000000000000056e-01
0.000000000000000000e+00
0.000000000000000000e+00
1.789888701860393450e-01
1.789944043077746072e-01
2.214350250298597611e-01
2.248745964559232258e-01
2.456609909375504774e-01
2.698738883216010853e-01
2.854156766636804510e-01
3.061681516249002422e-01
3.244604590676893885e-01
3.383749934423987415e-01
3.621460894140091091e-01
3.594915560530675402e-01
3.753986671402026465e-01
3.932712325449887469e-01
4.052835081682991669e-01
4.272811277695177101e-01
4.352683475843299732e-01
4.548029917166216407e-01
4.651656064781514166e-01
4.810661853915235708e-01
4.869178910255931303e-01
5.070455793796845301e-01
5.196092428152644382e-01
5.421693508528059313e-01
5.503446027764257176e-01
5.743856094462448381e-01
5.929337128811851265e-01
6.133558161655486840e-01
6.325787444157446870e-01
6.522961044862524149e-01
6.941515525059391845e-01
7.166644644769695205e-01
7.452821183613675959e-01
7.679931841988695274e-01
7.924426778209047173e-01
8.112880513638041080e-01
8.154250494354543521e-01
7.822089262050582192e-01
7.619100011899266889e-01
7.260721888327317242e-01
7.234716033723395112e-01
7.357885726015945815e-01
7.407154216008690062e-01
7.536343794988895617e-01
7.799108713655413805e-01
7.878069153660608448e-01
7.828193041672185659e-01
7.690780703428050646e-01
7.552818992836256573e-01
7.554011411580449087e-01
7.696136986277954950e-01
7.763132315376574111e-01
7.712730218731821408e-01
7.625832463432536956e-01
7.507090367290358834e-01
7.342188475406167258e-01
7.229905794959692322e-01
7.107804690955287219e-01
6.987336473771370571e-01
6.890370080158809696e-01
6.864164928740148497e-01
6.884480720941630327e-01
6.842690672108910910e-01
6.814878200616077963e-01
6.842531328397565282e-01
6.850182568590247323e-01
6.941232307411430158e-01
6.935058026433971179e-01
6.837837626922277368e-01
6.852380523418026836e-01
6.817020987049158265e-01
6.765112751574858807e-01
6.780910157818833550e-01
6.773888987984193477e-01
6.697024893876074580e-01
6.628829620495247932e-01
6.623844594331890212e-01
6.686984894952995306e-01
6.758614110696059551e-01
6.839212237919424231e-01
6.889109727221144341e-01
6.895705552352018319e-01
6.862852005394236565e-01
6.897026244420646490e-01
6.896720152260961134e-01
6.916040988723152205e-01
6.853322083897214201e-01
6.846533015261286881e-01
6.835669296364128567e-01
6.788792583259448676e-01
6.754617292727367328e-01
6.756199411198796634e-01
6.798057294285240193e-01
6.810682927269410269e-01
6.827144731400073274e-01
6.809449957552903276e-01
6.785029999525231670e-01
