2.250000000000000056e-01
0.000000000000000000e+00
9.539759794143675142e-01
9.539760749101274806e-01
9.539761658820924417e-01
9.641634489428410060e-01
9.133687151164527895e-01
9.117253677551312441e-01
9.102164463357139690e-01
9.088643365690527443e-01
9.457385939331571789e-01
8.901389614897933233e-01
8.875100406384967000e-01
8.850487304264457178e-01
8.828002925264629708e-01
9.343412204539724986e-01
8.714060938772139053e-01
8.682111418332225661e-01
8.651546390095778971e-01
8.836512335261680340e-01
9.008287378910786458e-01
8.587338885619340001e-01
8.296423911985512101e-01
8.445453426678743991e-01
8.230735903640202800e-01
7.944123572453847260e-01
8.027351333890201390e-01
7.942259224948515772e-01
7.692082738017452792e-01
7.349136308708116294e-01
7.079605669657484945e-01
6.882441019364328172e-01
6.605499293662993043e-01
6.749005225959262555e-01
6.591942799413219589e-01
6.864686922098605093e-01
7.029893525065896709e-01
7.379743629959670814e-01
7.456866371398582771e-01
7.776511813588543598e-01
7.625447547930337411e-01
7.475196996512168957e-01
7.617738941579548229e-01
7.460153184395493797e-01
7.321804056672349681e-01
7.305789112700065147e-01
7.317954938478782312e-01
7.406584340629784879e-01
7.561372133799236783e-01
7.484119894707341736e-01
7.535519957343232988e-01
7.618100361643659335e-01
7.625836862735414501e-01
7.873752980704061821e-01
7.902965721108369257e-01
7.875890819309325774e-01
8.006347987956398127e-01
8.392612068923732682e-01
8.293549319987780777e-01
8.292440616097387363e-01
8.392148170633295656e-01
8.411193825128828738e-01
8.535627034522257350e-01
8.546724354539732005e-01
8.553342024001159283e-01
8.471667495546111315e-01
8.397298118330616123e-01
8.310109377827420429e-01
8.167371904488079926e-01
8.095672459328295822e-01
8.157709526929379784e-01
8.012571403391400837e-01
8.013951657320733668e-01
7.753736382486752232e-01
7.722209783542122175e-01
7.671100026042193543e-01
7.671955012872303525e-01
7.696147416363449123e-01
7.731401303734519725e-01
7.817859395298881742e-01
7.612797176606125316e-01
7.575329972218298735e-01
7.670969511310017364e-01
7.723482754893067348e-01
7.754059939530983936e-01
7.767048763405369760e-01
7.831435051491884014e-01
7.960793760461717383e-01
7.928872709777523564e-01
7.935486763300367841e-01
8.043995649280578641e-01
8.150691505145379878e-01
8.182718875491235000e-01
8.144648400369152164e-01
8.039643200394236411e-01
8.098272726298743063e-01
7.994316518257496007e-01
8.110034810664723537e-01
8.148479140222867345e-01
8.088679831596552461e-01
