2.250000000000000056e-01
0.000000000000000000e+00
0.000000000000000000e+00
1.580050051757175167e+00
1.579912272165819420e+00
1.485723212680192917e+00
1.483397433508100827e+00
1.461964077320846878e+00
1.448276092762149636e+00
1.409678843046254126e+00
1.415741343515257489e+00
1.133439935103158103e+00
1.016196147813729356e+00
1.014353019639576026e+00
9.939749155223247534e-01
9.226094768102837129e-01
9.425895826578148951e-01
8.868964487925482532e-01
8.709506593489868553e-01
8.985740872394387679e-01
9.259545197578860076e-01
9.494589432617673852e-01
9.618195103555946535e-01
1.019652321811281626e+00
1.040722648530457262e+00
1.053268327494711665e+00
1.052201664128714631e+00
1.038222661145450365e+00
1.025096623190999034e+00
1.028174271922912553e+00
1.057563366147789230e+00
1.099264628111625175e+00
1.126465706804141487e+00
1.127013842358934870e+00
1.122688478190125183e+00
1.143077907372164637e+00
1.146586253153130119e+00
1.136235426165805862e+00
1.084499681100795865e+00
1.056795169268295975e+00
1.038404295990762893e+00
1.027900432391640972e+00
1.006593335516869026e+00
9.635727953355367470e-01
9.254196944456312135e-01
9.098572324613860562e-01
8.977136902362150561e-01
9.060465514608984083e-01
8.959966572560805753e-01
8.894336600944937610e-01
9.091369707705778680e-01
9.333734221759166783e-01
9.774327071055376459e-01
9.826110059471742098e-01
9.855926057794988093e-01
9.869367049604406139e-01
9.885143336084065702e-01
9.918391750103093818e-01
1.009822034768373511e+00
1.014116833979654464e+00
1.010650695776503349e+00
1.016272098115278411e+00
1.036460522239707194e+00
1.038478197042733919e+00
1.033674360530017600e+00
1.017823080777795264e+00
1.002551706998104253e+00
1.002316702454104647e+00
1.001229900858119803e+00
1.004983180387558406e+00
1.014301809982392388e+00
1.030891366405481513e+00
1.041657054427161944e+00
1.046166968984961088e+00
1.049109172788594613e+00
1.067793189388229091e+00
1.071829443455083908e+00
1.083620829808836339e+00
1.070536171196236008e+00
1.048876498098136878e+00
1.044967724042462409e+00
1.052853777272614533e+00
1.074607066401309208e+00
1.083500308680059865e+00
1.090569706465306377e+00
1.108029742416581920e+00
1.104727650715101817e+00
1.097726807894646273e+00
1.085687408856688796e+00
1.076253335649180576e+00
1.076678971707162091e+00
1.083125032626155004e+00
1.084412327119796293e+00
1.092442142615069223e+00
1.103308219086102104e+00
1.098452664515311650e+00
1.092011878160500604e+00
1.087402517576586902e+00
1.075612549484877167e+00
1.071547867571508439e+00
