2.250000000000000056e-01
0.000000000000000000e+00
0.000000000000000000e+00
1.705428023194029419e-01
2.155988429213690216e-01
2.478032330206436373e-01
3.077078240809827392e-01
3.024045048458782747e-01
3.394726422998817772e-01
3.499795794079401112e-01
8.342954487279546916e-01
9.012534139863496163e-01
9.686069194271466065e-01
9.658468379124797165e-01
9.755084969512628490e-01
9.749080161709428038e-01
1.002733313467954579e+00
1.022851132806116503e+00
1.022731324939218256e+00
1.052439005777353165e+00
1.059244810293578309e+00
1.081353377277491701e+00
1.102513524155299462e+00
1.108114312446051741e+00
1.104452817329675263e+00
1.107613316798475855e+00
1.118145528034343528e+00
1.143371129890841331e+00
1.152223633855882001e+00
1.173572292433970876e+00
1.184333804912924393e+00
1.205740624582349652e+00
1.220088942503263496e+00
1.254941129765776653e+00
1.285311659009393148e+00
1.318914237652375032e+00
1.342081775152789369e+00
1.358399530649452736e+00
1.369482023414228866e+00
1.372095065394517199e+00
1.371113771432745487e+00
1.360654776064195604e+00
1.351058195055035549e+00
1.337760520268248321e+00
1.325720746627787383e+00
1.299026602430287891e+00
1.280195726596256245e+00
1.256937421776442632e+00
1.232580584985260908e+00
1.214217350586735522e+00
1.196775912669905795e+00
1.183094181498007602e+00
1.176359656343305637e+00
1.171777772870079559e+00
1.168894053975864100e+00
1.181826416556724046e+00
1.189781538278932072e+00
1.198489821053431159e+00
1.207666572680364370e+00
1.218385078918918563e+00
1.238670215224704441e+00
1.254279866589770531e+00
1.269253466495898097e+00
1.270518591997548796e+00
1.250991735952578843e+00
1.241375646543180444e+00
1.243303722983222226e+00
1.246993688565748437e+00
1.250763999496292245e+00
1.256543500869546692e+00
1.263448059764482156e+00
1.275149023822478300e+00
1.282521713324840329e+00
1.283548046354280991e+00
1.291971248677346917e+00
1.298795149834191420e+00
1.306878473693669385e+00
1.305381294184566610e+00
1.312979689571209363e+00
1.315758654365499991e+00
1.315855275894826315e+00
1.324471217952467139e+00
1.317946401456188354e+00
1.317015992371807442e+00
1.314683931437773623e+00
1.319242843668399390e+00
1.322405142058490357e+00
1.325407236730911542e+00
1.341225522836053674e+00
1.350528318190704846e+00
1.352407085224895056e+00
1.355378925181375926e+00
1.361729911811259131e+00
1.359649809923693775e+00
1.361225319231412101e+00
1.355757322878004878e+00
1.348879999433346688e+00
1.338289497656215188e+00
1.336822760405306010e+00
1.330077062556505485e+00
