2.250000000000000056e-01
0.000000000000000000e+00
0.000000000000000000e+00
0.000000000000000000e+00
0.000000000000000000e+00
0.000000000000000000e+00
0.000000000000000000e+00
0.000000000000000000e+00
0.000000000000000000e+00
0.000000000000000000e+00
0.000000000000000000e+00
0.000000000000000000e+00
0.000000000000000000e+00
0.000000000000000000e+00
0.000000000000000000e+00
0.000000000000000000e+00
0.000000000000000000e+00
0.000000000000000000e+00
0.000000000000000000e+00
0.000000000000000000e+00
0.000000000000000000e+00
0.000000000000000000e+00
0.000000000000000000e+00
0.000000000000000000e+00
0.000000000000000000e+00
0.000000000000000000e+00
0.000000000000000000e+00
0.000000000000000000e+00
0.000000000000000000e+00
0.000000000000000000e+00
0.000000000000000000e+00
0.000000000000000000e+00
0.000000000000000000e+00
0.000000000000000000e+00
0.000000000000000000e+00
0.000000000000000000e+00
0.000000000000000000e+00
0.000000000000000000e+00
0.000000000000000000e+00
0.000000000000000000e+00
0.000000000000000000e+00
0.000000000000000000e+00
0.000000000000000000e+00
8.410231125387380990e-02
1.332837813500721003e-01
1.340991840772919053e-01
1.845139298160436703e-01
1.878077714225629136e-01
2.013412600898024374e-01
2.472861705863233783e-01
2.513763268580526677e-01
2.661610395402564944e-01
3.180200184949116826e-01
2.667990554474770071e-01
2.427439327949104941e-01
2.989660060524210183e-01
2.909017573084232700e-01
2.953663874528182354e-01
3.059181021951790647e-01
3.561527791023962330e-01
3.272795934696043352e-01
3.201753249774821897e-01
3.294314729741773529e-01
3.422761679624792275e-01
3.351308317639168921e-01
3.366429391885642497e-01
3.429231392019295166e-01
3.522060226856245646e-01
3.912900679042924379e-01
4.023346224405323635e-01
4.093889237530419223e-01
4.263461801821348263e-01
4.715560191763043529e-01
4.601952475236739670e-01
4.519816648043095131e-01
4.668390837175934172e-01
4.702484719567169846e-01
5.089291408119656079e-01
5.155202296619206814e-01
5.148247807827077693e-01
5.489002420604632837e-01
5.593145718921436194e-01
5.930448877882088521e-01
6.027780934674689117e-01
7.309010935443659429e-01
8.264387486732502897e-01
8.797495949457622144e-01
8.843799944264327806e-01
9.125204095965215867e-01
9.332868603593190704e-01
1.011099066568055038e+00
1.033516117529241551e+00
1.054920277112551874e+00
1.025707617338510458e+00
1.000599859553093385e+00
1.000018206866731818e+00
1.012603063770706857e+00
1.017761725278751417e+00
1.019549043111361852e+00
1.058755657566440744e+00
