2.250000000000000056e-01
0.000000000000000000e+00
1.145316151826888840e+00
1.061885905476531278e+00
1.025410076541021009e+00
1.019399477238849050e+00
1.067622260575943338e+00
1.080306327708932868e+00
1.064933966301079282e+00
1.068838053926484566e+00
1.059139106242215522e+00
1.047915741200468043e+00
1.061424534722958724e+00
1.024460441753302309e+00
9.707699392706473640e-01
9.334224380103424146e-01
8.170357250609909805e-01
7.826561587135630882e-01
7.804981626003093531e-01
7.968294561566896528e-01
8.127538077067135713e-01
8.975823387097405792e-01
9.173834508030994650e-01
9.273941083485235382e-01
9.294120655420871069e-01
9.299768832066057644e-01
9.292226566595227499e-01
9.175156308671346128e-01
9.148130287494872226e-01
8.961360762039076722e-01
8.726975186773420212e-01
8.388426818593202050e-01
8.220574858936829932e-01
8.088083089096396172e-01
7.872615206566736523e-01
7.820651871112507258e-01
7.823106637645026451e-01
8.006619604283139457e-01
8.058272170632498899e-01
8.189328884273380238e-01
8.227929840996586197e-01
8.183519299229053967e-01
8.247978725035184366e-01
8.163052834604994645e-01
8.109429970952818367e-01
8.008339107616538888e-01
7.918339149971054258e-01
7.886438028490013741e-01
7.856077714719894578e-01
7.757287846860093650e-01
7.752437623277224077e-01
7.857773050357337308e-01
7.984035243103413393e-01
8.059891394238550832e-01
8.075591995707227522e-01
8.044938644232006997e-01
8.023060212522685752e-01
8.039356076602459655e-01
8.012489032384103593e-01
7.939561334666834780e-01
7.873019341428195705e-01
7.839067759606638264e-01
7.899206325362936321e-01
7.950687155774430748e-01
8.032863926060748172e-01
8.164170324606243589e-01
8.219338182209015020e-01
8.323250884536320671e-01
8.424159747564081702e-01
8.438662916390595736e-01
8.425391160786632749e-01
8.406138281782973287e-01
8.351819961306224949e-01
8.292729661800020136e-01
8.273011184762647519e-01
8.235627042156796751e-01
8.224338342986171613e-01
8.180135861522110918e-01
8.246047789776796977e-01
8.312900739135054007e-01
8.348824635249650905e-01
8.393842434399995112e-01
8.448050128475558251e-01
8.508763727657318032e-01
8.621005840954292232e-01
8.609428294835945739e-01
8.587818597074929894e-01
8.532266344817149850e-01
8.529580378900218918e-01
8.500575575026771968e-01
8.438457956478547795e-01
8.410761479529690332e-01
8.342683532845971417e-01
8.328914216696904349e-01
8.314459936701129594e-01
8.266110105049229162e-01
8.250201854772257759e-01
8.272751918002925198e-01
8.266588485922633511e-01
8.298213643185451405e-01
