2.250000000000000056e-01
0.000000000000000000e+00
0.000000000000000000e+00
0.000000000000000000e+00
0.000000000000000000e+00
0.000000000000000000e+00
9.963437363488015786e-01
9.862827671008531638e-01
1.034427156409198245e+00
1.093908086968356841e+00
1.038753066276991266e+00
9.413556171623628233e-01
9.809610921510287795e-01
1.014468435534268576e+00
9.297226717108716398e-01
1.223293232334457192e+00
1.146623207358260954e+00
1.178517315763546458e+00
1.168039254874330357e+00
1.181851852909137746e+00
1.116814087623262175e+00
1.159693670570782542e+00
1.108707218461351340e+00
1.190459727035844573e+00
1.226326489860280589e+00
1.196429686185574992e+00
1.222268650638602683e+00
1.209714596512544205e+00
1.214607598829210877e+00
1.196461995642164711e+00
1.193208821930331620e+00
1.162112830044152778e+00
1.192422216822215386e+00
1.225934698934907585e+00
1.242922300607335551e+00
1.242704497660654495e+00
1.247197336179568516e+00
1.251185576044694159e+00
1.270506010447876033e+00
1.251765668041739721e+00
1.278489496565653027e+00
1.275310232008721290e+00
1.276616377089873744e+00
1.269722600880943464e+00
1.275757132782237901e+00
1.293261522536437891e+00
1.325713990314117074e+00
1.345105895359965498e+00
1.353010134305437706e+00
1.373506476442291513e+00
1.366829297099805052e+00
1.371033939109092437e+00
1.393238572261498165e+00
1.387104927883852534e+00
1.418023169110833370e+00
1.405578718649764802e+00
1.398438571177666567e+00
1.403731294541966879e+00
1.418265286931134295e+00
1.408499653850309841e+00
1.396976257493961704e+00
1.369491314702554474e+00
1.362580231797011043e+00
1.342659562718156341e+00
1.342708808634080375e+00
1.336438448737269580e+00
1.358588052267253099e+00
1.360608555147941656e+00
1.369299026821045207e+00
1.369691587021262258e+00
1.369671317080507489e+00
1.380245704259707606e+00
1.377327796068243737e+00
1.366288508818168657e+00
1.358319007582186710e+00
1.343485840728856129e+00
1.333121468462668657e+00
1.333568714863242466e+00
1.331239051711139210e+00
1.328021615582666293e+00
1.321461434283409453e+00
1.322961925489975599e+00
1.303298992710563597e+00
1.318065071092700657e+00
1.316730503137452768e+00
1.307663269855400712e+00
1.307801624119614869e+00
1.310333456576835198e+00
1.304110337489260418e+00
1.305772780941306888e+00
1.305436054121321021e+00
1.327001220994059594e+00
1.332417832676330960e+00
1.330341188561351196e+00
1.317976578131538901e+00
1.316800227969080694e+00
1.315484309242647143e+00
1.313029698539491141e+00
1.312953338202753617e+00
1.322263905461229516e+00
