2.250000000000000056e-01
0.000000000000000000e+00
0.000000000000000000e+00
2.731680185066139299e-01
2.242267532747039549e-01
2.905060179812454235e-01
2.581461591918218224e-01
3.048840642826361469e-01
3.149514339703418653e-01
2.984669704165567872e-01
3.039973733855445004e-01
3.146364632273073170e-01
3.078995811995587917e-01
5.089659981697124413e-01
4.631327388313995486e-01
4.468985500828122626e-01
4.288650909606169792e-01
4.059988827012883106e-01
4.545797678090758853e-01
4.746787308627324897e-01
4.979251747225376112e-01
4.850887975995436530e-01
4.816512692943801244e-01
4.750222440506081112e-01
5.019812942342971596e-01
5.186734139678701450e-01
5.394059687020414939e-01
5.489649675903330861e-01
5.724830409474422899e-01
5.904091935130479918e-01
6.016897366916034162e-01
6.117699933464479933e-01
6.244390124263757835e-01
6.473657801345896745e-01
6.613400064824486169e-01
6.813773319471380097e-01
6.814041526934921933e-01
6.880425271526700026e-01
6.898020582613587637e-01
6.937038839668193679e-01
7.023202373032073620e-01
7.171095423905836652e-01
7.180798834118816698e-01
7.182262098976962550e-01
7.098607376005786618e-01
7.046525350702176338e-01
7.065528923288629803e-01
7.085375743168008666e-01
7.123112623498671914e-01
7.131951826778603065e-01
7.107478964125699683e-01
7.076621292321949586e-01
7.137418201227869741e-01
7.145837225490332401e-01
7.229988307336038256e-01
7.244233737683882790e-01
7.263344876380755100e-01
7.285969511531884546e-01
7.310328531459255874e-01
7.280887604396050206e-01
7.291729279874232805e-01
7.309467186768283664e-01
7.358592470983905676e-01
7.350870755236357246e-01
7.400186189576306584e-01
7.382753434374151880e-01
7.325316327770164948e-01
7.329999042065538095e-01
7.305443102299853386e-01
7.259104851777584688e-01
7.261798864261380659e-01
7.274062902262727892e-01
7.276348134895205266e-01
7.258253914530830020e-01
7.209348912842894475e-01
7.151875624333425829e-01
7.193778346535372181e-01
7.241622784293622050e-01
7.238599947567168069e-01
7.231310191497203332e-01
7.209431135865216334e-01
7.219300279915210616e-01
7.186849448734781154e-01
7.211860850945733814e-01
7.214887132356551103e-01
7.211186903833876061e-01
7.223841193259501470e-01
7.274976912409107932e-01
7.335934194164749345e-01
7.356583873906865634e-01
7.287018927689088432e-01
7.336472476523128172e-01
7.367001058484649034e-01
7.433047163026915705e-01
7.437765920414068921e-01
7.571264493178279098e-01
7.643607390147921787e-01
7.608593209383592848e-01
7.582442983376345147e-01
7.543808597665475624e-01
