2.250000000000000056e-01
0.000000000000000000e+00
0.000000000000000000e+00
0.000000000000000000e+00
0.000000000000000000e+00
0.000000000000000000e+00
0.000000000000000000e+00
0.000000000000000000e+00
0.000000000000000000e+00
0.000000000000000000e+00
0.000000000000000000e+00
0.000000000000000000e+00
0.000000000000000000e+00
0.000000000000000000e+00
0.000000000000000000e+00
0.000000000000000000e+00
0.000000000000000000e+00
0.000000000000000000e+00
0.000000000000000000e+00
0.000000000000000000e+00
0.000000000000000000e+00
0.000000000000000000e+00
0.000000000000000000e+00
0.000000000000000000e+00
0.000000000000000000e+00
0.000000000000000000e+00
0.000000000000000000e+00
0.000000000000000000e+00
0.000000000000000000e+00
0.000000000000000000e+00
0.000000000000000000e+00
0.000000000000000000e+00
0.000000000000000000e+00
0.000000000000000000e+00
0.000000000000000000e+00
0.000000000000000000e+00
0.000000000000000000e+00
0.000000000000000000e+00
0.000000000000000000e+00
0.000000000000000000e+00
0.000000000000000000e+00
0.000000000000000000e+00
0.000000000000000000e+00
0.000000000000000000e+00
0.000000000000000000e+00
0.000000000000000000e+00
0.000000000000000000e+00
0.000000000000000000e+00
0.000000000000000000e+00
0.000000000000000000e+00
0.000000000000000000e+00
0.000000000000000000e+00
0.000000000000000000e+00
0.000000000000000000e+00
0.000000000000000000e+00
0.000000000000000000e+00
0.000000000000000000e+00
0.000000000000000000e+00
0.000000000000000000e+00
0.000000000000000000e+00
0.000000000000000000e+00
0.000000000000000000e+00
0.000000000000000000e+00
0.000000000000000000e+00
0.000000000000000000e+00
0.000000000000000000e+00
0.000000000000000000e+00
0.000000000000000000e+00
7.593781466049681628e-02
1.207058884832006851e-01
1.213030709570188798e-01
1.683324166857942672e-01
1.702685435801491454e-01
2.047815789959899491e-01
2.245917771369257687e-01
2.282158657549248071e-01
2.604549694742397947e-01
2.888086613344849063e-01
2.951972132811175875e-01
3.197371098769669628e-01
2.935118084039130548e-01
2.865225649964953658e-01
2.809438700721491045e-01
2.806884573493391710e-01
2.797920155581561930e-01
2.728651797265579382e-01
2.726743302101292121e-01
2.856696647276618650e-01
2.920321082685438663e-01
3.048192318610619123e-01
3.146810399506482225e-01
3.211903783594366457e-01
3.375827676653440634e-01
3.382164801956347167e-01
3.658340214859652217e-01
3.553576517792614298e-01
3.624414885602608716e-01
3.848069428589230845e-01
4.092086844967636194e-01
4.054555544238925280e-01
