2.250000000000000056e-01
0.000000000000000000e+00
0.000000000000000000e+00
0.000000000000000000e+00
0.000000000000000000e+00
0.000000000000000000e+00
0.000000000000000000e+00
0.000000000000000000e+00
0.000000000000000000e+00
0.000000000000000000e+00
0.000000000000000000e+00
0.000000000000000000e+00
0.000000000000000000e+00
0.000000000000000000e+00
0.000000000000000000e+00
0.000000000000000000e+00
0.000000000000000000e+00
1.322271144343616811e+00
1.250492668179563838e+00
1.555676633300285383e+00
1.563521201984044096e+00
1.528937292425945005e+00
1.490324437153406123e+00
1.492292592325074940e+00
1.469517858419337131e+00
1.470555765988249108e+00
1.474515928145475163e+00
1.494774862224111267e+00
1.427486071456740779e+00
1.474008858169656433e+00
1.490365106868269063e+00
1.509885504956251401e+00
1.557296463355184679e+00
1.691831162053592852e+00
1.729217196678154211e+00
1.752087400609426027e+00
1.752014316807732008e+00
1.756945370949668961e+00
1.749355220108733233e+00
1.750058347443258500e+00
1.728476672603022068e+00
1.734694065951388309e+00
1.739502152422118808e+00
1.730183757622376861e+00
1.722308298893399314e+00
1.714121077576538532e+00
1.718891409311364971e+00
1.693213056357894652e+00
1.680105148687356831e+00
1.730515504183424813e+00
1.718543536766428348e+00
1.780360094032290341e+00
1.769135441820714139e+00
1.746532042628831327e+00
1.700893692831401571e+00
1.691034969348831130e+00
1.677721040309078093e+00
1.665084701193162209e+00
1.656219646277808266e+00
1.635283363973318860e+00
1.599385832168757071e+00
1.588096100289126511e+00
1.575803165682271523e+00
1.567974415624647566e+00
1.570434686718586326e+00
1.560528582276994758e+00
1.545656527035963901e+00
1.582678904761109395e+00
1.619815537774865088e+00
1.627337403514494074e+00
1.633460034936931926e+00
1.657776058398225505e+00
1.659458004147254861e+00
1.670925940928838838e+00
1.677406370245429157e+00
1.706212797670298542e+00
1.696580557500066089e+00
1.684262585170469118e+00
1.672838141860139460e+00
1.666439907762385264e+00
1.649215387268565758e+00
1.685565625175302173e+00
1.695686000866341914e+00
1.755097380282177655e+00
1.740420929197141087e+00
1.714397941187791208e+00
1.691668946091576142e+00
1.660753897939791335e+00
1.640647941386984554e+00
1.628455043268071112e+00
1.602486246491509059e+00
1.589271517385594468e+00
1.573957563627387479e+00
1.622846579455196059e+00
1.626645674139868047e+00
1.633117302459215825e+00
1.633473821724243491e+00
1.633810416005590405e+00
1.620174040617831990e+00
1.630024600188772377e+00
