2.250000000000000056e-01
0.000000000000000000e+00
0.000000000000000000e+00
8.084342206230037409e-01
8.084342206230037409e-01
9.360483482480322914e-01
8.445507805773740939e-01
8.424850892789241819e-01
7.575189714406853625e-01
7.226813088197795443e-01
6.683411669089311946e-01
7.766919580358101483e-01
7.489344754882004684e-01
7.966215504825284732e-01
7.156365275187240860e-01
8.463177209539223256e-01
9.482348247183299828e-01
1.033933387607315790e+00
9.575611820298051136e-01
9.655757319132723948e-01
9.736427999141580303e-01
1.008449160609317108e+00
1.026896063962323025e+00
1.005830719888789249e+00
9.780474402783254639e-01
9.483525558385567100e-01
9.418801227178158486e-01
9.455518094799986173e-01
9.357408701894277536e-01
9.138803556397954164e-01
9.211764583123395189e-01
9.049025346201670095e-01
9.164856971682761033e-01
9.206008837443134807e-01
9.184566056438239201e-01
9.072971282290277495e-01
9.145057193280087260e-01
9.168185212958014363e-01
9.147000998503859170e-01
9.166237897168763027e-01
9.100038544804144314e-01
9.067899989249653681e-01
9.289289983788859839e-01
9.271034866608498515e-01
9.398862027455928692e-01
9.339543837939965343e-01
9.299338683641392711e-01
9.343689695451669053e-01
9.424947084412651499e-01
9.443354411302734563e-01
9.412104666109305517e-01
9.299598050593814724e-01
9.242942914838264690e-01
9.202193419829229892e-01
9.229204845172035432e-01
9.313746972122790568e-01
9.349789104585416455e-01
9.445126592243838770e-01
9.688983405585416264e-01
9.764584279543500056e-01
9.850580146703290518e-01
9.773171718862334600e-01
9.796000173306149694e-01
9.720095809262617736e-01
9.624686336905621253e-01
9.587930612624682158e-01
9.554627171239631345e-01
9.575484864105318072e-01
9.572928235844061495e-01
9.497940170070395816e-01
9.475326918892261752e-01
9.371108548748965372e-01
9.440423487418345694e-01
9.522345043820384936e-01
9.416833386270502260e-01
9.376078816849893194e-01
9.356445119075458283e-01
9.292617470044136629e-01
9.304801940228589752e-01
9.300355464308540654e-01
9.291323613509421264e-01
9.196521502268441006e-01
9.053437232659473644e-01
8.976191177209557059e-01
8.962996891725497628e-01
8.929433983997439039e-01
8.842256211060379734e-01
8.825412888086004992e-01
8.763346340616665620e-01
8.821761706995590036e-01
8.908723679721313182e-01
9.032908138642592455e-01
9.062310683364850350e-01
9.091786499618051964e-01
9.088309980273105992e-01
9.075661515641058052e-01
9.091437632648128320e-01
9.121189451819909921e-01
9.115227417868656534e-01
9.094954776384335249e-01
