2.250000000000000056e-01
0.000000000000000000e+00
0.000000000000000000e+00
0.000000000000000000e+00
0.000000000000000000e+00
0.000000000000000000e+00
0.000000000000000000e+00
0.000000000000000000e+00
0.000000000000000000e+00
0.000000000000000000e+00
0.000000000000000000e+00
0.000000000000000000e+00
0.000000000000000000e+00
0.000000000000000000e+00
0.000000000000000000e+00
0.000000000000000000e+00
0.000000000000000000e+00
0.000000000000000000e+00
0.000000000000000000e+00
0.000000000000000000e+00
0.000000000000000000e+00
0.000000000000000000e+00
0.000000000000000000e+00
0.000000000000000000e+00
0.000000000000000000e+00
0.000000000000000000e+00
6.981526320462074775e-01
7.303922147040494695e-01
6.935244046176355370e-01
6.819029924928505793e-01
6.844337713264808665e-01
6.773848402456630335e-01
7.026095578740431113e-01
6.932266880057507130e-01
7.185128908696831740e-01
7.344525280058981087e-01
7.451817129027341613e-01
7.655381385326531785e-01
7.767916541325292634e-01
7.870263301741675654e-01
7.916140828359315984e-01
8.054508087752850765e-01
8.104434447623358739e-01
8.538620115982341607e-01
8.777650224271960067e-01
8.749762434117065446e-01
8.821592150119570430e-01
8.907407538029868954e-01
9.009631517859417738e-01
8.978983909279784070e-01
8.943027927337229288e-01
9.077038983421826801e-01
9.245649369481928614e-01
9.377439884292227967e-01
9.415556912026782355e-01
9.363079282609352294e-01
9.328438958943456871e-01
9.299565146831112461e-01
9.234940340815117610e-01
9.289565950284033313e-01
9.243528323512536504e-01
9.190469456476839660e-01
9.248417093244057918e-01
9.332645008959539190e-01
9.331131436057708006e-01
9.272096573293115984e-01
9.224643484281530581e-01
9.190242802697895508e-01
9.155258492016322691e-01
9.108705653948692138e-01
9.053490251659300769e-01
9.040269129473278431e-01
9.104666321962341380e-01
9.129989876161247464e-01
9.117834479346315080e-01
9.088365805501995576e-01
9.066817429759191915e-01
9.043828675092302483e-01
9.037439310353909683e-01
9.061157095287230012e-01
8.995833502147142502e-01
8.984503650693601573e-01
8.996796844419396866e-01
9.070584724342114491e-01
9.044049786066171714e-01
9.088796468970888887e-01
9.051904366032028637e-01
9.052624454573430235e-01
8.982740336719338137e-01
8.930348971684067827e-01
8.936062497817131023e-01
8.994070775710698573e-01
9.002085774102177584e-01
9.031196525390385865e-01
9.033409046706515344e-01
9.051687760897240143e-01
9.020145602374717297e-01
9.013212734509122859e-01
8.965724316253091963e-01
8.977244458549734629e-01
