2.250000000000000056e-01
0.000000000000000000e+00
5.900192094409325572e-01
3.356896578044495372e-01
4.060324756261769474e-01
4.689067151000021472e-01
4.970514860778023625e-01
5.624378078320227958e-01
7.534393520022475421e-01
1.310694343449544830e+00
1.387812961138254364e+00
1.472368066842544065e+00
1.520842681786574335e+00
1.570903049105736526e+00
1.625433147633443376e+00
1.632842384753085518e+00
1.638952916513037428e+00
1.612434332809135951e+00
1.578709343790080766e+00
1.526084082293980071e+00
1.426299594778184465e+00
1.387013809198649694e+00
1.357992765158068327e+00
1.391742247792534526e+00
1.407360530913687402e+00
1.420557414493607951e+00
1.438858952796639112e+00
1.467778966297468957e+00
1.499523621744012658e+00
1.511157501886532195e+00
1.520398148338107047e+00
1.521873441235455537e+00
1.512966623903137187e+00
1.486761286556055550e+00
1.442411732653691603e+00
1.426676633449226905e+00
1.423190085979151531e+00
1.409924315501267733e+00
1.392231081583215513e+00
1.378059443333295775e+00
1.369220289712258287e+00
1.388330363633151432e+00
1.419302146525823094e+00
1.448145140789695251e+00
1.463907814119435713e+00
1.463359563810420649e+00
1.470344622456789541e+00
1.486354906460839009e+00
1.480911400927034105e+00
1.459186101666597679e+00
1.441305568562438078e+00
1.427459998120816254e+00
1.420826290041276474e+00
1.402244117399402246e+00
1.389177210089749259e+00
1.384363797053288492e+00
1.396039361270910106e+00
1.415826982680812973e+00
1.429979714656786749e+00
1.432494674366438625e+00
1.433830030688673318e+00
1.434886144873142255e+00
1.441793645834911874e+00
1.431890023155751646e+00
1.421053068111670648e+00
1.405837007550665430e+00
1.407037651973366277e+00
1.413078066965160362e+00
1.415488407906462021e+00
1.411985542442353969e+00
1.410092931778613501e+00
1.402509109706783441e+00
1.408783515242218343e+00
1.415792590685472474e+00
1.407305140116179576e+00
1.397603450770067202e+00
1.400798181562820544e+00
1.405975078735106409e+00
1.412259090485940449e+00
1.400377879254420588e+00
1.396964807463140890e+00
1.393849458839814925e+00
1.387710453068516925e+00
1.389143667118089898e+00
1.381842618177914872e+00
1.388792467195388625e+00
1.384804195202907762e+00
1.393859983497095723e+00
1.419749498347358418e+00
1.435053952701090818e+00
1.437713602483416730e+00
1.437393188877726269e+00
1.441318012267738258e+00
1.437309913208100864e+00
1.427606372079885944e+00
1.416542362288197410e+00
1.402257479305671906e+00
1.386950430056949513e+00
1.385744120406230850e+00
1.393569406933283350e+00
