2.250000000000000056e-01
0.000000000000000000e+00
0.000000000000000000e+00
1.076388148867594374e+00
1.035750900687800957e+00
9.671376500268987764e-01
9.387885583023666269e-01
9.284164655316224923e-01
9.103683770468697922e-01
8.771386711188015051e-01
8.488358590790691105e-01
8.051374502747830064e-01
7.696966728940678459e-01
7.490011568106075268e-01
5.934943851575461560e-01
5.673711486170271989e-01
5.700793786854513323e-01
5.679792735166853124e-01
5.971009158877275125e-01
6.135316841532183485e-01
6.203519645263433357e-01
6.597175640657030327e-01
6.617269773173272140e-01
6.602957629298540354e-01
6.680365931068498186e-01
6.675824595783230730e-01
6.679609226647502673e-01
6.813864904696063096e-01
6.782158196646360659e-01
6.772339099833304399e-01
6.709638123178824909e-01
6.615802411242603931e-01
6.582321033728339987e-01
6.508859612142012807e-01
6.575501473449292256e-01
6.426192072963068380e-01
6.341383933678669260e-01
6.137945679243443919e-01
5.997408167394852052e-01
5.991939700480798381e-01
5.979607600736173145e-01
6.042751728767443709e-01
6.194911038286468052e-01
6.298365389512338153e-01
6.402948695342219887e-01
6.441751444539403071e-01
6.443186967237483076e-01
6.486831707189759655e-01
6.586129565906063688e-01
6.605785642630852550e-01
6.615800813280157122e-01
6.679997182533684574e-01
6.656280824988569655e-01
6.576712409332807763e-01
6.622552225793804093e-01
6.584558856616031797e-01
6.556766245484212385e-01
6.555390927327724437e-01
6.480633159383515363e-01
6.421169032847449110e-01
6.422492846855919479e-01
6.397036388564101284e-01
6.593962655985536880e-01
6.690936349748141110e-01
6.751914468976155659e-01
6.743024295493935671e-01
6.717230865936365536e-01
6.732900418718130719e-01
6.689431202383987474e-01
6.578894954403164963e-01
6.521722468111701421e-01
6.534058647145613019e-01
6.621858784154205368e-01
6.558372778871770503e-01
6.544949706336209427e-01
6.528708998433252475e-01
6.480929395722047071e-01
6.511693786421016705e-01
6.578597835412440809e-01
6.649658571243889371e-01
6.630968392058784744e-01
6.637827801889855106e-01
6.618705208321320477e-01
6.688768190371867650e-01
6.715426852514525535e-01
6.800047221934417685e-01
6.833370490239781825e-01
6.822335777952636127e-01
6.760062098501805616e-01
6.650360964652823892e-01
6.582773197584832481e-01
6.586416215759050008e-01
6.492223057771832062e-01
6.465500443293646926e-01
6.519996253807283093e-01
6.527506307726456125e-01
6.521153749877766082e-01
6.546709991788962624e-01
6.552791306472814936e-01
6.492577799645568026e-01
