2.250000000000000056e-01
0.000000000000000000e+00
0.000000000000000000e+00
0.000000000000000000e+00
0.000000000000000000e+00
1.658562623616351428e-01
1.659697690431873318e-01
2.157483005655257968e-01
2.134329681282356450e-01
2.080215800137248383e-01
2.562021176506429354e-01
2.570680146882183825e-01
2.507202641272749388e-01
2.497606054029628542e-01
2.948707042494025377e-01
2.913362443161898185e-01
3.013633602507835851e-01
3.185842420752137416e-01
3.453012381340797021e-01
3.480587062380426366e-01
3.640702946040063614e-01
3.840448105395001255e-01
4.094134824489459312e-01
4.168776649748840435e-01
4.391750091424269642e-01
4.470850077879980344e-01
4.752160262082381625e-01
4.735204141336676331e-01
4.935699146708317220e-01
5.044227393722163777e-01
5.403990456154527111e-01
5.464848278168275009e-01
5.487032563187674850e-01
5.674076946834738511e-01
5.737264081139676897e-01
6.059416343229110380e-01
6.045942370341513827e-01
6.213927131925778280e-01
6.391479277908543866e-01
6.649010137624457029e-01
6.528414821881353136e-01
8.374536410590280866e-01
8.951774732156432268e-01
9.041514003107047337e-01
9.869732268468832670e-01
1.030419990985250944e+00
1.067439251940478950e+00
1.099083265794532194e+00
1.153593453096724453e+00
1.200706682004673675e+00
1.230948150718257583e+00
1.249838917449450637e+00
1.250734177574195582e+00
1.250998316977102176e+00
1.248013109338311777e+00
1.251676881565828570e+00
1.255461807529531404e+00
1.258032580585302762e+00
1.264933188208693160e+00
1.270894664552620901e+00
1.280558700751571299e+00
1.286198314739624537e+00
1.288727546766973431e+00
1.283547037974190008e+00
1.284825824862339205e+00
1.274232488303473687e+00
1.281361124025920839e+00
1.282905464855873534e+00
1.266521339508168476e+00
1.266943203554923958e+00
1.257753091305574999e+00
1.255674572401440425e+00
1.241217127862070946e+00
1.232164874405123234e+00
1.217494343595171502e+00
1.206374608019080696e+00
1.198785807902711831e+00
1.193554037562280623e+00
1.184872198738960991e+00
1.170382931869435650e+00
1.156880647040683829e+00
1.133178321772108976e+00
1.126283444614403217e+00
1.122716153532316907e+00
1.104205582806701225e+00
1.098646980194325717e+00
1.101640030052078112e+00
1.082450598913599960e+00
1.085114160585934240e+00
1.082478162735355465e+00
1.078683596839175252e+00
1.084871071393930242e+00
1.102541716294078045e+00
1.113022866213100315e+00
1.125299891654530482e+00
1.144549164270016739e+00
1.155580750007241697e+00
1.168224677555666169e+00
1.173768942772574819e+00
1.195881503404510493e+00
