2.250000000000000056e-01
0.000000000000000000e+00
0.000000000000000000e+00
0.000000000000000000e+00
0.000000000000000000e+00
0.000000000000000000e+00
2.011265702936949618e-01
2.011266730919100409e-01
2.160220897259260697e-01
2.208220393612489452e-01
2.388417849728528830e-01
2.490711962482783925e-01
1.799141556982412349e-01
1.810255663053464692e-01
1.881889449338368381e-01
1.990964973740523281e-01
2.159568539607936710e-01
2.286760683552222784e-01
2.508318828094764363e-01
2.660329032694530027e-01
2.911397042888890230e-01
5.177674121303604826e-01
5.407567915614026610e-01
5.443352986557404849e-01
5.417906689541917009e-01
6.279455517851625368e-01
6.246208269657544943e-01
6.368227128616852362e-01
6.298178235954515758e-01
6.156750079275076226e-01
6.182931587052534761e-01
6.503786964358386768e-01
6.552070423409851463e-01
6.923738343374278292e-01
7.052964282483961123e-01
7.106183620080903651e-01
7.190957962290185357e-01
7.427464797579029776e-01
7.568383001088526685e-01
7.544804638692148568e-01
7.664836316763589119e-01
7.614770922197368064e-01
7.582720680818862968e-01
7.607500871930134023e-01
7.716187810180659135e-01
7.845275447687866111e-01
7.785414429861892138e-01
7.800498230800636534e-01
7.785224037265939812e-01
7.622671449767193241e-01
7.531389413946025790e-01
7.222903338987515243e-01
7.062877515189512900e-01
7.064936533150493192e-01
7.019223186221003052e-01
7.014307471302657637e-01
7.138251209424648636e-01
7.173149270674639144e-01
7.153107020566966678e-01
7.223307724852380263e-01
7.284211577208176136e-01
7.283089517211370767e-01
7.400470355474360051e-01
7.444858144995225580e-01
7.469630873210991728e-01
7.478067044436946809e-01
7.533857191684139032e-01
7.522858212908759556e-01
7.491989987778504556e-01
7.482646269932565763e-01
7.430511220848124987e-01
7.337144671544970631e-01
7.188697784706619132e-01
7.122022216965677721e-01
7.074094964010374520e-01
7.166282909126520106e-01
7.212208492679859084e-01
7.280676572116289158e-01
7.308755013674202994e-01
7.306643904335506923e-01
7.265363533640435412e-01
7.235467542491732518e-01
7.157181072124620957e-01
7.137778893549646675e-01
7.136152532887503064e-01
7.216931068481395872e-01
7.331221902569851068e-01
7.367167897936104382e-01
7.459274516757750106e-01
7.492041903101750444e-01
7.503398759613223445e-01
7.460021852396845343e-01
7.444058963030570908e-01
7.372289344331955929e-01
7.288213895271720144e-01
7.290393868388457266e-01
7.262451091619757104e-01
7.277411782688096853e-01
7.347766922065304129e-01
7.414120177509931908e-01
