2.250000000000000056e-01
0.000000000000000000e+00
0.000000000000000000e+00
0.000000000000000000e+00
0.000000000000000000e+00
0.000000000000000000e+00
0.000000000000000000e+00
0.000000000000000000e+00
0.000000000000000000e+00
0.000000000000000000e+00
0.000000000000000000e+00
0.000000000000000000e+00
0.000000000000000000e+00
0.000000000000000000e+00
0.000000000000000000e+00
0.000000000000000000e+00
0.000000000000000000e+00
0.000000000000000000e+00
0.000000000000000000e+00
0.000000000000000000e+00
1.074475892154216350e+00
1.423747636342545198e+00
1.502720036132188852e+00
1.539975273713472648e+00
1.513636230824829454e+00
1.505710275230033313e+00
1.361681996356215008e+00
1.282091668529461437e+00
1.281102957236684325e+00
1.345772312058737263e+00
1.333731862973234872e+00
1.327704400456282352e+00
1.320843091426304072e+00
1.326408032876937204e+00
1.312855382269899618e+00
1.274023311360953814e+00
1.221212925912450897e+00
1.177469048384854444e+00
1.131245336164985238e+00
1.096957596072618557e+00
1.064199742380469882e+00
1.094650262434326393e+00
1.134794176000093691e+00
1.124699544055099310e+00
1.117627367264409255e+00
1.101897104113794379e+00
1.102898555242457501e+00
1.118701788990809520e+00
1.161817747855863114e+00
1.178690859870402008e+00
1.195806296469252183e+00
1.228810227155836765e+00
1.242562616130839626e+00
1.266270748378452549e+00
1.279093592589078510e+00
1.299787495390020364e+00
1.309790489991187190e+00
1.310084522086721659e+00
1.302911726449002661e+00
1.318258687218697878e+00
1.331538450703942944e+00
1.354803158027651389e+00
1.372620083764780619e+00
1.361808753559393681e+00
1.342237012756447800e+00
1.325798458511308509e+00
1.314248083076688500e+00
1.302677865409082480e+00
1.291818358600716810e+00
1.290852607010754882e+00
1.290685400010276540e+00
1.296669376435705567e+00
1.290131364481165166e+00
1.291377365565820723e+00
1.290717903559169377e+00
1.281905297555217871e+00
1.270848845443030228e+00
1.255786998672944854e+00
1.224218810031028504e+00
1.229816578367933788e+00
1.259340855171414919e+00
1.240730582990150266e+00
1.240692387236107752e+00
1.241844596188734329e+00
1.228275960154643798e+00
1.226919437900191090e+00
1.223741884416729153e+00
1.223057145866172979e+00
1.242267108239993423e+00
1.266063748700205549e+00
1.283715398545151043e+00
1.267886528171024541e+00
1.261143956406160838e+00
1.247476412337360507e+00
1.253900917588155250e+00
1.236460544905122694e+00
1.223977943926620515e+00
1.213274807948403033e+00
1.209480561278390542e+00
1.220584766420005352e+00
