2.250000000000000056e-01
0.000000000000000000e+00
0.000000000000000000e+00
0.000000000000000000e+00
0.000000000000000000e+00
0.000000000000000000e+00
0.000000000000000000e+00
0.000000000000000000e+00
0.000000000000000000e+00
1.171852613295267798e+00
8.771989857963966575e-01
9.068377644624862066e-01
9.400350282551696024e-01
1.075503872011580597e+00
1.161109570893109844e+00
1.209619134038335986e+00
1.250874258518611004e+00
1.242954175324370025e+00
1.241129400618045331e+00
1.254645475415661071e+00
1.258896088101007615e+00
1.250956069556559136e+00
1.244355630715262118e+00
1.236965959252487535e+00
1.250530287967805076e+00
1.266634478682566733e+00
1.258783390959764104e+00
1.262025213760404219e+00
1.254714528342594448e+00
1.262422987832104271e+00
1.262705233843479879e+00
1.248845622457485538e+00
1.252283593079784207e+00
1.251178172021997659e+00
1.254662638207815428e+00
1.253159389967578807e+00
1.261339533639289856e+00
1.262912686461725942e+00
1.264106093380164220e+00
1.263914201128074177e+00
1.261128882199068935e+00
1.255781592196841157e+00
1.250426817619932462e+00
1.246975606396754310e+00
1.254579445345342936e+00
1.254204916454908059e+00
1.255340771139175304e+00
1.252289969156509697e+00
1.246474035565999117e+00
1.253057298963708099e+00
1.253653614181494680e+00
1.253444315143887211e+00
1.260007199974615189e+00
1.252472441586897522e+00
1.254264145099758032e+00
1.258886662553337032e+00
1.257495532886698131e+00
1.252233399799115521e+00
1.263151662598279934e+00
1.256775586116905652e+00
1.255904244604004072e+00
1.253848678521387150e+00
1.249253588945284488e+00
1.252398974394843600e+00
1.253445685483046024e+00
1.256940145550604182e+00
1.260567251103895892e+00
1.268177057307794398e+00
1.264407602661869578e+00
1.261678477787888442e+00
1.249183299487893306e+00
1.242588149247619400e+00
1.239284720239860471e+00
1.243606536295688736e+00
1.240895772501653171e+00
1.246216739749670843e+00
1.249090651263067731e+00
1.244486595441939070e+00
1.243528632536162970e+00
1.244653928278373289e+00
1.252884729145377518e+00
1.252003689429794786e+00
1.256938966482645359e+00
1.253973984622102966e+00
1.240357365241848919e+00
1.235810178791385550e+00
1.240282529065146022e+00
1.240434119229827603e+00
1.239372290763425033e+00
1.243558466599314460e+00
1.246152343840376542e+00
1.250860238248812983e+00
1.251161376153857807e+00
1.248524142284266558e+00
1.246352891708542243e+00
1.243288099891232124e+00
1.249048537750186982e+00
1.248630243967764564e+00
1.246958162389373515e+00
1.245963772693908567e+00
