2.250000000000000056e-01
0.000000000000000000e+00
0.000000000000000000e+00
0.000000000000000000e+00
1.282854566190281043e+00
1.237363826050587923e+00
1.268600903030037141e+00
1.213303313690233365e+00
1.184259387552293097e+00
1.209034845505500000e+00
1.149943786904419341e+00
1.128768669516717171e+00
1.142247379021651410e+00
1.193719609458166353e+00
1.189613328497267641e+00
1.255523721362417966e+00
1.247835109328086611e+00
1.264351027127049054e+00
1.236960934243191090e+00
1.244544734011914677e+00
1.246697385840762395e+00
1.240972916721484909e+00
1.236142981715576239e+00
1.203577413820821507e+00
1.187989731959121054e+00
1.176517329785572441e+00
1.163249236120857288e+00
1.130962926095748333e+00
1.106591133901612567e+00
1.093139344935355473e+00
1.080152460730244179e+00
1.047478784852620359e+00
1.048767285264027294e+00
1.017671066000616520e+00
1.025977435107074509e+00
1.048886276763897119e+00
1.031251839306357443e+00
1.029925792495944403e+00
1.073238938557693478e+00
1.095112556844212826e+00
1.108521295685808150e+00
1.126818625782171068e+00
1.130118338077234830e+00
1.134060883696799138e+00
1.117279136966117470e+00
1.111387173827864228e+00
1.108984997475880308e+00
1.105721592570098943e+00
1.103275549659937571e+00
1.104864273869384128e+00
1.101980792146731725e+00
1.103924497231284274e+00
1.098417823298267537e+00
1.083562694789767633e+00
1.066391819812262831e+00
1.049086191348873376e+00
1.037859016429726111e+00
1.022030934491371168e+00
1.021024266559192872e+00
1.020379156820353295e+00
1.020575522342190178e+00
1.031045461093141657e+00
1.027007215104869031e+00
1.030553736266034637e+00
1.033867981009362502e+00
1.042021779180807295e+00
1.042819060223442396e+00
1.052829220766531071e+00
1.066878714383430404e+00
1.073922092185025878e+00
1.070734546514239272e+00
1.074282971982072565e+00
1.071512490699443321e+00
1.075981240236407954e+00
1.063984461557856198e+00
1.060817761888980693e+00
1.058755625296105451e+00
1.055142923049342762e+00
1.050781404305530575e+00
1.057149263163709385e+00
1.054271928921259649e+00
1.061848379740937487e+00
1.058959509673722765e+00
1.057862172293289049e+00
1.053570019418319514e+00
1.054080313090953291e+00
1.047861271572158914e+00
1.038426416158130250e+00
1.031919048359392521e+00
1.024799710327006785e+00
1.012279962900118457e+00
9.949192492410131594e-01
9.922568913167777449e-01
9.947553359281576801e-01
9.863480745340551525e-01
9.754700132106014498e-01
9.784352087207118798e-01
9.912332773133704089e-01
1.006761469930761432e+00
1.022630767784309169e+00
