2.250000000000000056e-01
0.000000000000000000e+00
0.000000000000000000e+00
0.000000000000000000e+00
0.000000000000000000e+00
0.000000000000000000e+00
0.000000000000000000e+00
0.000000000000000000e+00
0.000000000000000000e+00
0.000000000000000000e+00
0.000000000000000000e+00
0.000000000000000000e+00
0.000000000000000000e+00
0.000000000000000000e+00
0.000000000000000000e+00
0.000000000000000000e+00
0.000000000000000000e+00
0.000000000000000000e+00
0.000000000000000000e+00
0.000000000000000000e+00
0.000000000000000000e+00
0.000000000000000000e+00
0.000000000000000000e+00
0.000000000000000000e+00
8.779771001775928119e-02
8.780182708063564989e-02
1.401842061418602237e-01
1.409905823705230599e-01
1.739468154495444341e-01
1.751517058157235074e-01
1.999912793623626062e-01
2.294373325628432381e-01
2.357258208312858205e-01
2.323436810082651072e-01
2.486294766438263415e-01
2.603948009568929911e-01
2.568857291432472545e-01
2.737111821140614798e-01
2.870250199151927473e-01
3.034402258053795487e-01
3.174327828712611987e-01
3.396011946262158521e-01
3.555853729471676328e-01
3.863388390491088731e-01
4.069343984786775725e-01
4.284529827085952758e-01
4.299511765433365884e-01
4.309884594249267509e-01
4.428525007304248695e-01
4.522357340680034365e-01
4.659078232882411519e-01
4.747859352626179197e-01
4.897383300637839221e-01
5.247101852201500050e-01
5.434336091981071259e-01
5.500076867761434229e-01
5.216485515529744044e-01
5.049964658725919486e-01
4.914811212881880498e-01
4.973722924040619442e-01
4.940182539984771526e-01
4.939528186808304633e-01
5.203187722180763197e-01
5.366266465214172277e-01
5.486433706710640568e-01
5.633839380757682536e-01
5.729655331964280673e-01
6.004630088917255470e-01
6.038087292025456909e-01
6.137239530642853991e-01
6.330949967825980629e-01
6.589060539825096763e-01
6.691398506175705307e-01
6.824450036997148361e-01
6.994057856331222789e-01
7.029236526796648343e-01
7.140502919091388234e-01
7.424192113321110842e-01
7.665291002136931375e-01
7.581428353394351616e-01
7.722332950056951528e-01
8.166317058465539791e-01
8.981039009768091441e-01
9.374992954796108613e-01
9.387155158554998380e-01
9.609619925175928445e-01
1.023745828585198803e+00
1.071191519146326376e+00
1.046382735534647557e+00
1.036146031659830991e+00
1.031053930924569428e+00
1.026660637093774531e+00
1.021866617417146017e+00
1.009104636098509200e+00
9.987933907953602253e-01
9.818633397074003621e-01
9.842933376481689534e-01
9.700147505871545839e-01
9.619654253893982210e-01
9.453345583163355048e-01
