2.250000000000000056e-01
0.000000000000000000e+00
0.000000000000000000e+00
1.254458877852919985e+00
1.248523677088971606e+00
1.220116539911943132e+00
1.130353120662318300e+00
1.081578565974774975e+00
9.806376050039229408e-01
9.499287324152324574e-01
9.629854749671284964e-01
9.940248114319280015e-01
1.019530037249556598e+00
1.023310260249695514e+00
1.018660027957266179e+00
1.021053207118765238e+00
1.017804091515867704e+00
1.000410946180652738e+00
1.021583461494291356e+00
9.886403082065651216e-01
9.426244881778603757e-01
9.365556060050270748e-01
9.308252580298660428e-01
9.255581344235574992e-01
9.208377641710262518e-01
9.167039402811080206e-01
9.131572075270181221e-01
9.101677507807325318e-01
9.076857271486118428e-01
8.680116412366855050e-01
8.317963543479177657e-01
8.025937657768598132e-01
7.558330031018591910e-01
7.191333013965386378e-01
7.015676478423703566e-01
6.157930353217643260e-01
6.106777950598414328e-01
6.315500535168988572e-01
6.823046306337269273e-01
6.520273859017663431e-01
6.685357253703110292e-01
6.532748563843883138e-01
6.660244751050299339e-01
6.569697661223782292e-01
6.710700105391884662e-01
6.858896166032378838e-01
6.886885931015327422e-01
7.267618903779061723e-01
7.568894521994586899e-01
7.896851459612403978e-01
8.302857560901467648e-01
8.950152358942008446e-01
9.278261438830327501e-01
9.549109457249755906e-01
9.612985891316339071e-01
9.656582700409120923e-01
9.583770022585444970e-01
9.519533584368681245e-01
9.522423469460287171e-01
9.538141299559841357e-01
9.700774622634638078e-01
9.756484788184119905e-01
9.782007729516875028e-01
9.895435490004688139e-01
1.006999115555319069e+00
1.005705502865410939e+00
9.985053532090418793e-01
9.928340045550899662e-01
9.907871126340223045e-01
9.882345378496297794e-01
9.808315531023058531e-01
9.773625616691656859e-01
9.777117080902437696e-01
9.762366803856440400e-01
9.708296727968498407e-01
9.834033978588609948e-01
9.788120416788367306e-01
9.560958325168937844e-01
9.358994753459998206e-01
9.158672849157525331e-01
8.944048034106822920e-01
8.761360759331736636e-01
8.701152081069425392e-01
8.876771145387052364e-01
9.140746181424876937e-01
9.257318918369326077e-01
9.510554691186809961e-01
9.617753902218099116e-01
9.674297554101348728e-01
9.618159005524675731e-01
9.462108578041095175e-01
9.404009155673780374e-01
9.087544720615066129e-01
8.938986105989606967e-01
8.983684686847321910e-01
9.084495376263860278e-01
8.988956463475828995e-01
9.022064487434265923e-01
9.149854654914546526e-01
9.185956470311293920e-01
