2.250000000000000056e-01
0.000000000000000000e+00
3.042376566972852525e-01
3.726347607740845835e-01
3.779596090629479543e-01
4.500129531362728197e-01
5.216086201115104348e-01
5.268072105051342380e-01
5.547412914862807076e-01
6.314766787892891475e-01
6.392606874037921605e-01
7.232090394569256064e-01
7.573335390948252588e-01
7.665217859868698191e-01
8.570983436161390134e-01
8.704464961840551185e-01
9.687190033304104997e-01
9.135477268713606547e-01
9.197392801909116677e-01
1.026962007272790967e+00
1.038945564543466427e+00
1.418313023758512870e+00
1.354254351317036420e+00
1.268035362942321775e+00
1.239719396124260298e+00
1.222799789063563569e+00
1.122374033496073897e+00
1.091547314175441485e+00
1.114135147223180189e+00
1.219344879254138370e+00
1.249593376689920987e+00
1.275375854423884903e+00
1.268638441378288517e+00
1.276348781456374537e+00
1.257569341912436744e+00
1.224605359036667229e+00
1.234095698610669700e+00
1.177937642831171861e+00
1.125295253166274101e+00
1.109095835082007708e+00
1.069835878437355170e+00
1.079191690160893780e+00
1.068447680697883539e+00
1.036429151362341594e+00
9.835588109046576877e-01
1.024855473335956058e+00
9.634675010552991026e-01
9.651471350254030579e-01
9.823792735493113160e-01
9.524160282911482422e-01
9.468724204340988049e-01
9.426772745281016830e-01
9.199097857796856292e-01
8.655999314693662017e-01
9.375496437397300431e-01
1.033199653929880002e+00
1.037163272256711011e+00
1.035708873207174197e+00
1.036355394416592857e+00
1.020476086705882635e+00
1.039969167288430141e+00
1.025405969250772431e+00
1.033738682264329523e+00
1.063684495453673495e+00
1.119132111850613454e+00
1.111997542653199611e+00
1.083128147027514254e+00
1.051935315260248416e+00
1.121097623922798547e+00
1.165436654157974150e+00
1.203179581757426453e+00
1.201543037903156863e+00
1.187132966874659523e+00
1.206827185192525409e+00
1.230729348611381058e+00
1.254829947376268962e+00
1.261196701558291222e+00
1.246002326360553303e+00
1.258163885332496346e+00
1.277427647722426896e+00
1.285309394807190086e+00
1.310911044839125905e+00
1.357126255410054494e+00
1.381192253811375004e+00
1.384247056259026776e+00
1.363659314784419596e+00
1.376196111781814446e+00
1.369852940125345864e+00
1.370475912082441017e+00
1.416619248938016939e+00
1.430356902757675464e+00
1.423029137309068881e+00
1.431098360154059446e+00
1.411449422385797625e+00
1.396929439767291337e+00
1.386691990744653102e+00
1.372976134994253083e+00
1.394187618814659357e+00
1.413374047603283223e+00
1.385489601020012840e+00
