2.250000000000000056e-01
1.203753831237644345e+00
1.124512695075698288e+00
1.111474452209735508e+00
1.112511290565394440e+00
1.069947503480906725e+00
1.076764931994418806e+00
1.042098399322952229e+00
1.034651270026869518e+00
1.021759135853240519e+00
9.963650587494503608e-01
9.892479846352818518e-01
1.010751025534224468e+00
9.680191543936975673e-01
9.040075352149097299e-01
9.550966725685688941e-01
9.870611098135047001e-01
9.933357929897328464e-01
1.024465555090456448e+00
1.018135545146174659e+00
1.038259033067760573e+00
1.045890389412989840e+00
1.062179822772992166e+00
1.075440591421356507e+00
1.097209668723480469e+00
1.111565173369220005e+00
1.122730374085933791e+00
1.136995836183102959e+00
1.135076747058796798e+00
1.139522466705021886e+00
1.125828731477886091e+00
1.103392209417334291e+00
1.071901570632611156e+00
1.067309901079153356e+00
1.064118278512367288e+00
1.094770398671280232e+00
1.088747976346578383e+00
1.069255589332066769e+00
1.043731854721512642e+00
1.038837203572367862e+00
1.043314237137333400e+00
1.047578401110272228e+00
1.035281191723601113e+00
1.039293450944367425e+00
1.045425288390340546e+00
1.045259205297969674e+00
1.038630956372348146e+00
1.045719781819806515e+00
1.043724446336259382e+00
1.036724313984180412e+00
1.048456095384763476e+00
1.041081589263426643e+00
1.047489259279822393e+00
1.038271786027191945e+00
1.044757079890738405e+00
1.052579684685814865e+00
1.048267685049447895e+00
1.052548551387303188e+00
1.043059486995822072e+00
1.041789603142186715e+00
1.036663933884101718e+00
1.022901624447551505e+00
1.020289837571027647e+00
1.026086040622344431e+00
1.027427480411663430e+00
1.035132603367215465e+00
1.033342328968726909e+00
1.034487245362076147e+00
1.020759111632270955e+00
1.036367275777273944e+00
1.048411511875503965e+00
1.057907534434381569e+00
1.077924566922043192e+00
1.082962534834127855e+00
1.099698389849353974e+00
1.105980747848011259e+00
1.119823049602851395e+00
1.124608317026751791e+00
1.133651795030503617e+00
1.138727318416896894e+00
1.133607897439338652e+00
1.124070775607325823e+00
1.100542994334865021e+00
1.091625481840631684e+00
1.091017236842134253e+00
1.085850847969064947e+00
1.079591533901590017e+00
1.087140798636601291e+00
1.088184608823512756e+00
1.074366809575364012e+00
1.088216477458492149e+00
1.085579377981512827e+00
1.078930567310871780e+00
1.075135225030124264e+00
1.070811878842809817e+00
1.071618406148489688e+00
1.071597916111427962e+00
1.083167692399517490e+00
1.062700542639549939e+00
1.051530810924052872e+00
