2.250000000000000056e-01
0.000000000000000000e+00
9.390274455555654154e-02
1.246228204325663252e-01
1.571703157345366586e-01
1.713837813101392882e-01
1.870055487622192814e-01
1.963066727204181849e-01
2.053225732306545592e-01
2.208426339103262970e-01
2.301248580586289783e-01
2.542144701410347651e-01
2.587399681744803615e-01
2.634033395919350151e-01
3.049287507813508435e-01
3.138970282272155465e-01
3.450393692582532368e-01
3.537623224778198572e-01
3.681978137150161978e-01
4.194173793155281937e-01
4.850991780129485509e-01
5.635397353829714184e-01
5.641238034125101164e-01
5.596628179766659494e-01
5.883998609719219841e-01
5.576884819794960535e-01
5.989590530599762097e-01
6.607359370249056285e-01
6.744382488270870279e-01
9.121066353460023368e-01
1.052599421626342124e+00
1.116333570755491778e+00
1.136628481078550967e+00
1.158351806188435695e+00
1.170165579251970511e+00
1.171539022037270561e+00
1.156080542318382198e+00
1.153840045853451013e+00
1.145398194116953761e+00
1.132863615014613412e+00
1.119760436810540494e+00
1.060453188624707943e+00
1.036700692999948936e+00
1.032324712599282268e+00
1.059019262373290804e+00
1.056608518814475595e+00
1.107293362339171194e+00
1.079280187913862932e+00
1.066359749005525881e+00
1.030372767085145469e+00
1.042512865520357046e+00
1.022628072568243951e+00
1.044476367007212358e+00
1.037967539296389630e+00
1.009338542855052090e+00
9.630283667748801291e-01
9.572017842694100498e-01
9.681811407017373305e-01
9.760125370916803433e-01
9.953470059547884219e-01
9.908658008604400713e-01
1.094095451422054444e+00
1.110048170525122169e+00
1.135873532752819770e+00
1.180903351012164260e+00
1.171091523711628613e+00
1.163802370795427255e+00
1.185741187020815213e+00
1.271976823683305335e+00
1.310194531307559362e+00
1.397890366017614294e+00
1.433633765114117109e+00
1.428477713913899327e+00
1.515927642738393866e+00
1.592403121942476796e+00
1.598594573929999818e+00
1.604466835329431129e+00
1.611088254607847992e+00
1.602103356947220281e+00
1.536395302562336918e+00
1.509386983263814930e+00
1.480425044613368879e+00
1.472007599798407007e+00
1.426381110935587726e+00
1.415842848337466986e+00
1.388863489788572547e+00
1.383660397231800898e+00
1.407180274023188904e+00
1.400392392260709773e+00
1.366895295379935149e+00
1.338905000445135052e+00
1.376192004533224988e+00
1.354578368658535759e+00
1.351834119532991485e+00
1.342862700930564701e+00
1.355693464004282367e+00
1.362666378271232048e+00
1.344923887656684913e+00
1.345325702294471126e+00
1.363828675100932974e+00
