2.250000000000000056e-01
0.000000000000000000e+00
0.000000000000000000e+00
0.000000000000000000e+00
0.000000000000000000e+00
0.000000000000000000e+00
0.000000000000000000e+00
0.000000000000000000e+00
1.174478573442637730e+00
1.154501756897474474e+00
1.127262938571291118e+00
1.174662732507037788e+00
1.205320746037755297e+00
1.387705800146877611e+00
1.435605392615026066e+00
1.426819108996836061e+00
1.459217109769934018e+00
1.434905648243112841e+00
1.408719794182184959e+00
1.374856190398227929e+00
1.360446299419481697e+00
1.354395831276373752e+00
1.345533595530175930e+00
1.346082017600629843e+00
1.320960903522069518e+00
1.321438982925521533e+00
1.319568174286018580e+00
1.301104801944169109e+00
1.285312128903148388e+00
1.260829703278753211e+00
1.255582243517082475e+00
1.243865151980883432e+00
1.237233514492590336e+00
1.236500296616578121e+00
1.257137893084995239e+00
1.270589497608605623e+00
1.286648238729285243e+00
1.303362203792953755e+00
1.326876961330339721e+00
1.339508141702733690e+00
1.344082451579519333e+00
1.353407917773576497e+00
1.340090424719002637e+00
1.336213068686113115e+00
1.349072701379836703e+00
1.344968534861798792e+00
1.342749160548859733e+00
1.325286530704938848e+00
1.317116564538904022e+00
1.317259663914736256e+00
1.297154124212998694e+00
1.281568653857964923e+00
1.268565964007843938e+00
1.262181503287897355e+00
1.256160448324194601e+00
1.242073795043042717e+00
1.234201131112278471e+00
1.227778018787483161e+00
1.228193550247617560e+00
1.236649715281033179e+00
1.243226355281025430e+00
1.248589525859007177e+00
1.255010876074030390e+00
1.259983893390229648e+00
1.266553617410080879e+00
1.282473509953469426e+00
1.293048264055264074e+00
1.304665301931204890e+00
1.308421329747946116e+00
1.315891688520918423e+00
1.309840956946313195e+00
1.314335287101399574e+00
1.309034802192549085e+00
1.297972747449864572e+00
1.282507152327128752e+00
1.264900140749089630e+00
1.256363028250231606e+00
1.250555507373239505e+00
1.239512548679194470e+00
1.224712489514320879e+00
1.219510289671598802e+00
1.211958777190696335e+00
1.215034946397317350e+00
1.218175438122772292e+00
1.220866117633964798e+00
1.229641879063671617e+00
1.238942895348283724e+00
1.251341747744491473e+00
1.251098863277263273e+00
1.259903858006622412e+00
1.264218927668077308e+00
1.279351335394701028e+00
1.290087989729084450e+00
1.317024136806234758e+00
1.319379071774555934e+00
1.321535515934649352e+00
1.319336077085662584e+00
1.315306749986832058e+00
1.303526731862319377e+00
1.306782360993929970e+00
