2.250000000000000056e-01
0.000000000000000000e+00
0.000000000000000000e+00
0.000000000000000000e+00
0.000000000000000000e+00
0.000000000000000000e+00
0.000000000000000000e+00
0.000000000000000000e+00
0.000000000000000000e+00
0.000000000000000000e+00
0.000000000000000000e+00
0.000000000000000000e+00
0.000000000000000000e+00
0.000000000000000000e+00
0.000000000000000000e+00
0.000000000000000000e+00
9.790693031399989865e-02
1.599653601527606106e-01
2.017542406429723434e-01
1.858893635446757509e-01
6.795644018104174400e-01
8.460430821526375711e-01
8.188570524789823279e-01
8.327791322905615523e-01
8.787171522567958082e-01
8.844744694569207644e-01
8.592638262861035381e-01
8.277092665413140482e-01
8.108939180340792863e-01
8.075460682413272417e-01
8.092933649164634202e-01
8.201710277825703388e-01
8.520412784688166097e-01
9.413372310301321155e-01
9.486275174809570832e-01
9.653413330381606094e-01
9.521084694272647919e-01
9.310222506812351195e-01
9.205434352822311483e-01
9.257651231320432883e-01
9.203805484639414614e-01
9.072663733049115553e-01
9.057676354242861771e-01
9.060397183951770517e-01
9.062851763563957164e-01
9.255955696712167002e-01
9.257518504011076343e-01
9.343144543834128735e-01
9.329824341061941917e-01
9.367171332389581107e-01
9.325599955001649954e-01
9.307650415943576894e-01
9.354270582214386787e-01
9.288076308348894861e-01
9.274318051508099181e-01
9.199777424899862055e-01
9.216083277239851546e-01
9.219216873351140373e-01
9.344495161196784139e-01
9.428230019483114788e-01
9.404689761024430661e-01
9.378640457053341040e-01
9.315258127258509990e-01
9.269063173791405319e-01
9.191374801951726070e-01
9.264252394263552404e-01
9.318440363846419716e-01
9.399863204802866301e-01
9.438146415027598435e-01
9.397804376426148742e-01
9.375786020887785233e-01
9.406953067063424934e-01
9.406140056021596862e-01
9.461904940198342384e-01
9.454404139056963308e-01
9.446692449190047247e-01
9.394253934646720205e-01
9.369594000497432074e-01
9.358822263904944538e-01
9.422817114329077315e-01
9.491227290824100216e-01
9.479962191009529970e-01
9.456440533857224384e-01
9.424158277400126460e-01
9.405266560002736309e-01
9.365007924106580894e-01
9.383632007853777157e-01
9.492881769768001243e-01
9.508970307636712693e-01
9.540946700082046927e-01
9.560500494113460812e-01
9.515970706093231923e-01
9.508954687296876651e-01
9.516973480868794466e-01
9.548822760771341622e-01
9.519812153918507658e-01
9.536335490896861167e-01
9.624612017070505177e-01
9.601498380030420998e-01
9.510294281082664059e-01
