2.250000000000000056e-01
0.000000000000000000e+00
0.000000000000000000e+00
0.000000000000000000e+00
1.032318880055312693e+00
7.898813491380508589e-01
8.554107735631568676e-01
8.490438271784154223e-01
8.833829183776505944e-01
8.511435812712231375e-01
7.864397381147657518e-01
7.583220594382278357e-01
7.822448651267644992e-01
7.770049553522756502e-01
7.723560884739643084e-01
7.448725181225168690e-01
7.254839756232988046e-01
7.151853813080650824e-01
7.160535791547846252e-01
6.997520859197616794e-01
7.000435481211897404e-01
6.976849652669145918e-01
6.809952071680680508e-01
6.799737503365552715e-01
6.725750888351686996e-01
6.822337962852014215e-01
6.957401010218399184e-01
7.029187703669003140e-01
7.015779813010770694e-01
6.947986658067359933e-01
6.863443939718907316e-01
6.888921959245382087e-01
6.818747484837248685e-01
6.724188102760135788e-01
6.644137214081761167e-01
6.652306978389702641e-01
6.648123773017794447e-01
6.675337939036042334e-01
6.704923893370763333e-01
6.767994622108783886e-01
6.782934669830507080e-01
6.834658487278642003e-01
6.931398820228980018e-01
6.868935858475552214e-01
6.824077665138209570e-01
6.805431113538449317e-01
6.810491878564253199e-01
6.819833781494470948e-01
6.817856236255068758e-01
6.817260004421431541e-01
6.810097537705984694e-01
6.949724827931570426e-01
6.935798777814849991e-01
6.927134433363680843e-01
6.939230036414402170e-01
6.958494921474994710e-01
6.973573598091935555e-01
6.966478558664477294e-01
6.951796318566353383e-01
6.945524050564380047e-01
6.946833585823884993e-01
6.913387062141821415e-01
6.956729576626310418e-01
6.898365935466368448e-01
6.913105284998068978e-01
6.916422767563621399e-01
6.913499099894560018e-01
6.902798052613168256e-01
6.895844225774822034e-01
6.915078635333380408e-01
6.957851194020027163e-01
6.944069200069648007e-01
6.915216089028825008e-01
6.891421626398049893e-01
6.881413644726165346e-01
6.940358722940253022e-01
7.024908777772063129e-01
7.032868865843046047e-01
7.065376984919183867e-01
7.083905909017604863e-01
7.109180665362858642e-01
7.095518429552798434e-01
7.060256584324742235e-01
7.040695029496693014e-01
7.008028040884449750e-01
7.010107000063183769e-01
7.024242991167531924e-01
7.002725083112718574e-01
6.999234260899047655e-01
7.022650008547495215e-01
7.009149775666007054e-01
7.052879519587998969e-01
7.070293581668488647e-01
7.089929573180521194e-01
7.099510021295251105e-01
7.087199693221610808e-01
7.052018766130335736e-01
7.010794040395834648e-01
6.968924900769950526e-01
6.944145882125553060e-01
