2.250000000000000056e-01
0.000000000000000000e+00
1.576062336921339180e-01
1.390807115924907189e-01
1.663555802106966020e-01
1.954018192732520920e-01
2.108599512383186048e-01
2.240030557316306237e-01
2.297028925652349618e-01
2.174960237292909160e-01
2.533851868582319700e-01
2.748636109246236359e-01
2.918432870400773371e-01
3.081473932039129338e-01
3.231970053990709246e-01
3.516037657951503470e-01
3.542176789205022658e-01
3.825023433035212306e-01
4.320861430249523516e-01
4.379157016870635633e-01
4.381391670731473176e-01
4.669766516184482019e-01
4.946787960245642157e-01
5.227943710815932121e-01
5.492095735887361219e-01
5.722672132117634369e-01
6.100730740530757590e-01
6.292032778565979090e-01
6.496963589802278172e-01
7.397875455141659229e-01
7.893794736985656479e-01
7.872759898060327499e-01
7.861986549271721136e-01
7.681732837004997538e-01
8.108499512776644602e-01
8.027719692899581982e-01
7.976042761507480261e-01
7.880058274720258549e-01
7.746824419223148350e-01
7.626247827029362103e-01
7.450111903458219720e-01
7.807779394104554793e-01
7.697806647192872997e-01
7.671861069521556109e-01
7.889760572565673868e-01
8.107315778980408449e-01
8.005065187170631313e-01
7.908916871884015265e-01
7.847389078340021307e-01
8.049732695326707876e-01
7.987659302761063174e-01
8.228571676602052243e-01
8.132754901731888975e-01
8.108825118233830009e-01
8.116058436767705775e-01
8.184561240860237508e-01
8.319543619569991222e-01
8.362881202479085507e-01
8.285172398406909222e-01
8.237391149989041761e-01
8.173652776134040510e-01
8.087899048723876660e-01
8.118666309456872288e-01
8.019012044120062965e-01
7.900928280510658430e-01
7.840725628719709128e-01
7.895097147113566693e-01
8.025664046266626217e-01
8.183335779891957040e-01
8.088169382437897514e-01
8.190845484609790006e-01
8.270153528828974032e-01
8.358178479218824064e-01
8.341544362353449094e-01
8.251091614349499448e-01
8.189942570594265225e-01
8.240960156059572439e-01
8.199947593954730607e-01
8.199455575811931407e-01
8.111981579064422299e-01
8.102781505993468247e-01
8.143970638494347769e-01
8.086191763414077860e-01
7.959269304848705096e-01
7.898125757311368345e-01
7.829055631980744723e-01
7.734323221628209843e-01
7.690215792807814088e-01
7.673481824204779755e-01
7.546504455830566060e-01
7.477309761557944245e-01
7.542219932785250158e-01
7.647469337052962279e-01
7.846669462003672546e-01
7.963800518399345441e-01
8.094566242288694369e-01
8.266310539716431594e-01
8.295047839370448539e-01
8.201558569802562815e-01
8.380292258933719207e-01
