2.250000000000000056e-01
0.000000000000000000e+00
0.000000000000000000e+00
1.903442236302494706e-01
2.999975177246798630e-01
3.947409281520136148e-01
4.394918609882933480e-01
6.403858719959013568e-01
6.360056306659048753e-01
6.626015361970850615e-01
5.381900028267098124e-01
4.997601334764958381e-01
4.833088303528643159e-01
4.855574443469029000e-01
5.050164619496202434e-01
5.737667496419729396e-01
5.718276173355233416e-01
5.458651564659120492e-01
5.638022454850240006e-01
5.801053428300466663e-01
5.949827604781395829e-01
6.351998767899477150e-01
6.322673042876685301e-01
6.298525526089031601e-01
6.112915841417320140e-01
6.092840250109028410e-01
6.011158114643927464e-01
5.873460256270031099e-01
6.039919625033746131e-01
6.329798879847406967e-01
6.350084288564237234e-01
6.434213689487956467e-01
6.462488463639742831e-01
6.499118925780483780e-01
6.561751015616015259e-01
6.594285727813462561e-01
6.650551203444060588e-01
6.681899477715680380e-01
6.564942001252176418e-01
6.728043232562863629e-01
6.820339769923448037e-01
6.839822926459969699e-01
6.722929458091936317e-01
6.546372548570865701e-01
6.563357024340895629e-01
6.518106730911888969e-01
6.528790392736025794e-01
6.446777172746248619e-01
6.442328754652345557e-01
6.394217252245928407e-01
6.448898599191034142e-01
6.435992609982490453e-01
6.472542388939948044e-01
6.604497601000548501e-01
6.711621112733071604e-01
6.818611631400810502e-01
6.830965094628179690e-01
6.657129836330497596e-01
6.603828976022302344e-01
6.532460696132853517e-01
6.502706265813472664e-01
6.532851984161468506e-01
6.432008436487604008e-01
6.557016843576081166e-01
6.507181868077558384e-01
6.471163041077740985e-01
6.394126218408694440e-01
6.389126176299472215e-01
6.592794790111595749e-01
6.511626430829600132e-01
6.470445465728591472e-01
6.420556599044422441e-01
6.320220736233018721e-01
6.315505783862911393e-01
6.369979347772170009e-01
6.400869821309644880e-01
6.319564881120329769e-01
6.301768766033393199e-01
6.238833434322841320e-01
6.250953538016796873e-01
6.226638056677796795e-01
6.274849118447911600e-01
6.278417841514880582e-01
6.265257333961953279e-01
6.239637754516969004e-01
6.209038925944397880e-01
6.267426165690717088e-01
6.314459593767840495e-01
6.388590387332684362e-01
6.368510520063191960e-01
6.352716648605130079e-01
6.306812913692049216e-01
6.362586186398486721e-01
6.396170615051793851e-01
6.395527246966249413e-01
6.376493996291225930e-01
6.347219912998874891e-01
6.361357761920202192e-01
6.352903983603224169e-01
6.348786908528024631e-01
