2.250000000000000056e-01
0.000000000000000000e+00
0.000000000000000000e+00
0.000000000000000000e+00
8.503182495238238714e-02
1.430059095064607488e-01
1.387991852300736739e-01
1.622916256733541451e-01
6.241007058016619924e-01
7.401096461159677453e-01
7.373132467531504641e-01
7.561074855680440798e-01
7.677196954442188082e-01
7.443774742796311905e-01
7.501872791961923248e-01
7.580026520606168994e-01
7.394182025297064698e-01
7.209357308719095414e-01
7.126327083943502227e-01
7.055929121716206787e-01
7.124322952970149059e-01
7.184588601212692494e-01
7.189721493214322745e-01
7.189730353910799288e-01
7.143522089022036337e-01
7.102857178425794338e-01
7.063933356224648685e-01
7.084320485328575723e-01
7.141704443781826672e-01
7.104391951788170401e-01
7.119408928645305501e-01
7.146020790176712545e-01
7.199026410078867011e-01
7.240098558048799759e-01
7.201316328891775864e-01
7.167655964366537180e-01
7.153115018286760884e-01
7.182439099565420815e-01
7.133241768417697415e-01
7.134177728530115559e-01
7.187135269535213089e-01
7.211456408778100791e-01
7.217675793935911521e-01
7.182806422182634876e-01
7.130045469744347164e-01
7.070199553166307549e-01
7.051825846187339542e-01
7.003837241362276256e-01
6.979923225438270373e-01
6.985317451727525162e-01
6.998546560864065125e-01
7.022308521344180487e-01
7.135804429016425754e-01
7.151674104272781607e-01
7.200087073407878124e-01
7.207115860837080001e-01
7.229426790146702420e-01
7.218391859111455977e-01
7.262827655428514273e-01
7.210228213207170445e-01
7.189131117322740128e-01
7.187409171699769006e-01
7.185310341920166932e-01
7.201854885479196389e-01
7.192989390214518108e-01
7.154886126510675570e-01
7.164067999901500006e-01
7.197736829102536760e-01
7.168806836956842510e-01
7.125524656481316832e-01
7.104049742083760055e-01
7.055046453332471934e-01
7.070532021237632136e-01
7.080731580906921563e-01
7.121143019903438676e-01
7.129999596296893172e-01
7.144320141834220594e-01
7.148587604319720512e-01
7.157617778705480660e-01
7.138717414075356205e-01
7.158291212969534190e-01
7.163478221393859702e-01
7.099041574555818856e-01
7.056556138605245554e-01
7.050148391581496643e-01
7.038592495571314167e-01
7.103096967057102029e-01
7.087163645020572167e-01
7.090410944519596192e-01
7.079641397948063242e-01
7.133301838094698866e-01
7.103681194099995544e-01
7.076421570895679025e-01
7.146069370587596614e-01
7.107568334437052160e-01
7.090700279670892892e-01
7.094416969746881740e-01
7.175864029761025442e-01
7.235157151657597430e-01
7.268038845687189164e-01
