2.250000000000000056e-01
0.000000000000000000e+00
1.638434154347894633e+00
1.601586844178115587e+00
1.590251894666052435e+00
1.534953876192790556e+00
1.494980833812335819e+00
1.482195573435588942e+00
1.469843745457280804e+00
1.454861062950826733e+00
1.380579077645000652e+00
1.343065132142612139e+00
1.344152276748479702e+00
1.321474589380207565e+00
1.316677666074810737e+00
1.262748577431646257e+00
1.279608313865387093e+00
1.294876077075294063e+00
1.306226338790921426e+00
1.304213470863175406e+00
1.317578070876094465e+00
1.309775046854830149e+00
1.312511683748402769e+00
1.318476441920138242e+00
1.303744749707134831e+00
1.288560065832409895e+00
1.268803852286398470e+00
1.271011642792011509e+00
1.267110346924400943e+00
1.272791909460113002e+00
1.267310478856653821e+00
1.270521311747333293e+00
1.257820687344012089e+00
1.242893935031321062e+00
1.240316068652804971e+00
1.213779780603652103e+00
1.202590580928941666e+00
1.184580199412335499e+00
1.194601637535110283e+00
1.201288094569689768e+00
1.206317667704470020e+00
1.219299941665368481e+00
1.230132603200754238e+00
1.240546990105989122e+00
1.251097396525838068e+00
1.256446442159391275e+00
1.272051181308564871e+00
1.302019455024203021e+00
1.334989829146345119e+00
1.358362385041212983e+00
1.375225455731047264e+00
1.405008014372236991e+00
1.383148228850918704e+00
1.379972262294659080e+00
1.338723502335180671e+00
1.308942918396005961e+00
1.290145971309541562e+00
1.257387704735908107e+00
1.207374905287439626e+00
1.184007167347497669e+00
1.201733577764313443e+00
1.213123098230307173e+00
1.241156513634873004e+00
1.268096418023705318e+00
1.283377933300745122e+00
1.310571656329594159e+00
1.319034312805403175e+00
1.340139682829479151e+00
1.347957369547788442e+00
1.307178615220657036e+00
1.276597278011921688e+00
1.260137801541186153e+00
1.250690232566514570e+00
1.247844930421011744e+00
1.245178359032549142e+00
1.259200019652216396e+00
1.270965475517574994e+00
1.274003094873644271e+00
1.264928561396724493e+00
1.263168652655571433e+00
1.272862661745574719e+00
1.277665859987162200e+00
1.271813381023325640e+00
1.274917857409014532e+00
1.278635401086976708e+00
1.283136125742225575e+00
1.284481117571055542e+00
1.286427896661300085e+00
1.286748793073515973e+00
1.288864151434109484e+00
1.288074293660622205e+00
1.275751139181825256e+00
1.263689536898326971e+00
1.258622303734109771e+00
1.244926335445038612e+00
1.236301842735597178e+00
1.237151202999782207e+00
1.231444115754257274e+00
1.226720750129789428e+00
1.222180615469018905e+00
