2.250000000000000056e-01
0.000000000000000000e+00
0.000000000000000000e+00
1.102559861325845603e+00
1.117228507386667680e+00
1.195414199319858817e+00
1.185307342004839448e+00
1.149757118140167567e+00
1.109492561498040875e+00
1.057341138913010292e+00
1.018114941227769910e+00
9.721383756547038457e-01
9.393184340242337615e-01
9.365992722007552285e-01
9.453559558347252034e-01
9.465577687624964209e-01
9.257462371997344786e-01
9.221734009484905403e-01
9.348459896698559923e-01
9.519805176635219857e-01
9.726625024612945980e-01
9.802102226610974745e-01
9.948517306980454444e-01
1.012350584186035629e+00
1.047025005569955258e+00
1.071594686059567980e+00
1.091053433139974160e+00
1.103668719000286957e+00
1.110808508259456762e+00
1.119142802898669187e+00
1.129592156398549818e+00
1.140813205728609114e+00
1.151086981081560934e+00
1.158855883141706622e+00
1.174409973236971494e+00
1.181655054002695993e+00
1.184426549248717597e+00
1.193090543055711494e+00
1.190646141805788760e+00
1.192211200520976844e+00
1.178558830451900796e+00
1.169483536822493175e+00
1.171492552748618854e+00
1.165781510856826575e+00
1.160644523074607637e+00
1.150203247650696259e+00
1.148721043238811523e+00
1.153608876990826149e+00
1.162454689305852051e+00
1.163856306708032973e+00
1.157458271177590259e+00
1.153590354419044672e+00
1.154203979180763007e+00
1.149629841528969409e+00
1.139325130335110403e+00
1.132596318433130689e+00
1.120505443497550324e+00
1.117869399808987918e+00
1.114547426294572263e+00
1.118275623601027613e+00
1.119606746328744684e+00
1.104765275331309082e+00
1.094138930157815937e+00
1.086336119801345035e+00
1.091813123713467615e+00
1.077077929443137849e+00
1.059868507554019068e+00
1.049408975249165321e+00
1.048877786930580536e+00
1.044964642191331450e+00
1.039119219650651793e+00
1.037212006580255474e+00
1.027753838182553059e+00
1.021497984512512947e+00
1.012318123769669231e+00
9.959906830379254838e-01
9.813648518752140504e-01
9.636819220615260306e-01
9.552894505238000988e-01
9.573525908881055368e-01
9.569911521432463708e-01
9.602811014979246718e-01
9.562225751573100174e-01
9.525884555487811323e-01
9.530218942335387800e-01
9.596170137258025479e-01
9.701574842432653112e-01
9.773248560615022118e-01
9.894341135286788269e-01
1.010650352968111898e+00
1.036554293122674553e+00
1.061720546781921959e+00
1.085920489598163563e+00
1.102300579766594790e+00
1.104118949996157228e+00
1.112001607603114284e+00
1.123258262647431227e+00
1.142134054533257670e+00
1.147834019617636425e+00
1.158570589813711083e+00
