2.250000000000000056e-01
0.000000000000000000e+00
7.259750076528907747e-02
1.619773005468226335e-01
2.088113392386418410e-01
4.894064347265958403e-01
6.540897327125840821e-01
6.749324043562640041e-01
7.258725401851836567e-01
7.169307260804241855e-01
6.986589992493907886e-01
6.863821250039882083e-01
6.779131563256856063e-01
6.635433815902530563e-01
6.817769579780608158e-01
6.989837618226335536e-01
7.141283194955730940e-01
7.189633158522069634e-01
7.153263846966958495e-01
7.162982642455046900e-01
7.206509083189878151e-01
7.118249217727730116e-01
7.039271039297971821e-01
7.177444114140595355e-01
7.120195445004879886e-01
6.973745696258558668e-01
6.993059716899312495e-01
6.979438806663960104e-01
7.092499456285279447e-01
7.264446046730732576e-01
7.255366524550840301e-01
7.292542169675361174e-01
7.315051837356454367e-01
7.447028344768784613e-01
7.678523023439842721e-01
7.553088950077515573e-01
7.558362812958657750e-01
7.470154511883763115e-01
7.377756310233035686e-01
7.230611740319484726e-01
7.000002080329397192e-01
6.816970776114885666e-01
6.914728632598226010e-01
7.020610250652465911e-01
7.032012096264835810e-01
7.098292957343018683e-01
7.164209038665928508e-01
7.148710434901163202e-01
7.276018885390715951e-01
7.297802153124390845e-01
7.363701340699170261e-01
7.503675610987615707e-01
7.724532839460513944e-01
7.661790780611745788e-01
7.584677920530389361e-01
7.568795699589113690e-01
7.498513125549415292e-01
7.480976937283639883e-01
7.336974717165429816e-01
7.258766438355022110e-01
7.298800324561164343e-01
7.274071289438182042e-01
7.088290672827418648e-01
7.037820972121728857e-01
6.999534150880765138e-01
7.144383570982544285e-01
7.334599118638484017e-01
7.439383474787651940e-01
7.463785712991527488e-01
7.523396359967098324e-01
7.616108217406044600e-01
7.722387838325608378e-01
7.744710269468675357e-01
7.793455853912604203e-01
7.911350014393573327e-01
7.892929931036575253e-01
7.871196773228811283e-01
7.847898174584870823e-01
7.832874520511383665e-01
7.777788180576181709e-01
7.703193531036954811e-01
7.755835785037452634e-01
7.719785687695140952e-01
7.690040414979815164e-01
7.613845789885808069e-01
7.552243560519001919e-01
7.483126496316203635e-01
7.536337197950088163e-01
7.631541933271965839e-01
7.674757949579483762e-01
7.665382476450652849e-01
7.718301294037945848e-01
7.844202418861455639e-01
7.868998357207527272e-01
7.890163121493428688e-01
7.909754234077179813e-01
7.894523038656563463e-01
7.896743170543846224e-01
7.824423362993314646e-01
7.770332365793749529e-01
