2.250000000000000056e-01
0.000000000000000000e+00
4.342580005449282049e-02
4.342580005449282049e-02
6.852777316060476576e-02
7.663465392288613953e-02
7.713206163783897784e-02
7.535747498468998995e-02
7.159888421692546523e-02
8.488451183172580905e-02
1.010159451979262962e-01
1.205356928361017432e-01
1.223889353618766718e-01
1.273013372782954289e-01
1.287165216248157829e-01
1.618340597253214164e-01
1.648183568561287504e-01
1.834652028522118783e-01
1.851882345317328038e-01
2.170880378263252419e-01
2.208115073372023951e-01
2.280233194817016529e-01
2.307849229021501081e-01
2.441665740755131764e-01
2.881496506254870860e-01
2.945277201783155774e-01
2.884961792644831768e-01
2.876329945453363068e-01
2.886934361794250559e-01
3.459830854641695042e-01
3.578982640851162134e-01
3.622947991884393759e-01
3.593512367111532657e-01
3.522786849623062433e-01
4.072781921309944764e-01
4.115853829371451944e-01
3.133017198931705716e-01
3.940077541632517333e-01
4.334292781014784102e-01
4.278772718095152916e-01
5.165342995876004428e-01
5.535886010349926334e-01
5.950791964879368345e-01
6.914109023133617749e-01
6.912151481062919212e-01
7.504800616986878614e-01
7.612964458909375898e-01
7.894629697258860324e-01
7.909530236197213071e-01
8.247557070697496551e-01
8.236969433133803919e-01
8.411705587836780795e-01
8.398176440482947314e-01
8.683431261226333131e-01
8.808090492021246609e-01
8.761300723241949306e-01
8.840181355380413164e-01
8.806121695633242208e-01
9.102315416909679824e-01
9.332780037593911837e-01
9.800987812759230922e-01
9.779437689016379220e-01
9.833156798944668875e-01
9.834858944804919512e-01
9.798244282364784175e-01
9.751209044809642235e-01
9.836037814262668100e-01
9.860599530940638013e-01
1.031394558005898743e+00
1.050431855890617161e+00
1.076200574970127333e+00
1.082043416477166176e+00
1.078488869618946522e+00
1.048343671905435981e+00
1.038934036579553188e+00
1.012644927332950751e+00
9.976214656562767402e-01
1.001970841146967439e+00
1.008985572522878016e+00
1.010422307888547921e+00
1.011506813112872827e+00
1.024706549262921707e+00
1.022294254332039021e+00
1.015829772778327866e+00
1.011097769814581993e+00
9.947019743625541421e-01
9.762347215414489687e-01
9.617160124712955671e-01
9.542044962364572003e-01
9.543340936784672213e-01
9.606912864506789163e-01
9.712341209696363498e-01
9.842004827665641331e-01
9.911782978088089502e-01
9.949215896881886678e-01
9.895308078997019363e-01
9.818127108588093899e-01
1.008831526310625337e+00
1.003240820663896304e+00
1.005205789406219630e+00
