2.250000000000000056e-01
0.000000000000000000e+00
0.000000000000000000e+00
0.000000000000000000e+00
2.846319480339015162e-01
2.807363749024250343e-01
2.793346555028863865e-01
3.165529993321896107e-01
2.400913176718000031e-01
2.285128954587296590e-01
2.641001535950631696e-01
6.184794427135998918e-01
5.760873937070416506e-01
6.212084548246398219e-01
6.504915361699967757e-01
7.300408685951064180e-01
8.291818029899010734e-01
1.082435807682276208e+00
1.158647535747540980e+00
1.306730227561527347e+00
1.302417167922770957e+00
1.322852413195807264e+00
1.316933048326314859e+00
1.305382043235674194e+00
1.318735309689164525e+00
1.346373641405164356e+00
1.344220720071609643e+00
1.333245430999022263e+00
1.329620929114300631e+00
1.318309570048906032e+00
1.333583592343760449e+00
1.309121557332205033e+00
1.305911261283984048e+00
1.319622427862778391e+00
1.313744334494720389e+00
1.372548294331015883e+00
1.385428432802038756e+00
1.371451029838498314e+00
1.376625912351578718e+00
1.421167068805759381e+00
1.463510337796002814e+00
1.476414502100133808e+00
1.504691586781933044e+00
1.504182106380909767e+00
1.505439433112952363e+00
1.490262590737145842e+00
1.487832932949537446e+00
1.488302569389363006e+00
1.473455953106998839e+00
1.474992212390782376e+00
1.466359133892150224e+00
1.472346015354648596e+00
1.455460082016426071e+00
1.450175836143624553e+00
1.440509949593824501e+00
1.425011549289105339e+00
1.420411451441060624e+00
1.414990734488585034e+00
1.407141295598944408e+00
1.409748903453502900e+00
1.428163613756593842e+00
1.415684670314107940e+00
1.414255492750089438e+00
1.394863170528005902e+00
1.420571867538593658e+00
1.407932640354702780e+00
1.434906335375419673e+00
1.452875937735020662e+00
1.436750043877203398e+00
1.431144886226243251e+00
1.419871460812163644e+00
1.410219552377650398e+00
1.388844884464848661e+00
1.380193482272543237e+00
1.354650498798234404e+00
1.326756841648544682e+00
1.341113629291667886e+00
1.331291575497436375e+00
1.328621275562260839e+00
1.326710157934299028e+00
1.320208787128594130e+00
1.328582530012629270e+00
1.316465019954321303e+00
1.312283523121850592e+00
1.303626950447307919e+00
1.307374219222760425e+00
1.321951523071647872e+00
1.344677795599833470e+00
1.355862959701731540e+00
1.380762801361403724e+00
1.379122310118847450e+00
1.396767478196158985e+00
1.402915983734745131e+00
1.399484196598252739e+00
1.390305178336242342e+00
1.421677664100693184e+00
1.421586528819124506e+00
1.447150450963632817e+00
1.447200875147918175e+00
1.456728101412137155e+00
