2.250000000000000056e-01
0.000000000000000000e+00
0.000000000000000000e+00
0.000000000000000000e+00
0.000000000000000000e+00
0.000000000000000000e+00
0.000000000000000000e+00
0.000000000000000000e+00
0.000000000000000000e+00
3.040002168993573561e-01
4.542979214636053142e-01
4.557809950115853659e-01
3.864662383431943238e-01
5.003190520649110073e-01
5.030316637226407428e-01
4.681914649822520591e-01
5.487044105086430479e-01
4.797907213995054043e-01
4.033056294313079881e-01
8.352308759183383335e-01
1.088024413755046771e+00
1.110779340081624822e+00
1.114880594868955743e+00
1.087196082895197646e+00
1.030615162971669330e+00
1.042969529280820762e+00
1.065938659755508278e+00
1.025304310167570065e+00
9.919030100438747111e-01
9.955462800211470897e-01
9.725429419969221501e-01
9.459377670230102453e-01
9.847748485382760153e-01
1.001951900201401013e+00
9.945544889079479534e-01
9.965673563543532287e-01
9.714275335576564308e-01
9.914426519968387863e-01
9.969418418353412914e-01
9.918651617063015680e-01
9.987123295310056381e-01
9.810919265831790081e-01
9.804061130651539058e-01
9.725886589549292971e-01
9.788143421155567347e-01
9.671227504990851376e-01
9.598813498263983890e-01
9.458924558467678434e-01
9.405919072809425518e-01
9.444952516890663397e-01
9.569382233321228615e-01
9.627305622466826307e-01
9.536397519275630064e-01
9.475569532312387855e-01
9.633889940700013366e-01
9.702032276779700704e-01
9.672597023340053779e-01
9.713119859298480208e-01
9.651581842151386592e-01
9.616672381917722445e-01
9.558232386798292124e-01
9.615247793872917503e-01
9.726121204488540339e-01
9.833646289422177666e-01
9.931364345444851915e-01
9.952625077356367367e-01
9.899534500118790659e-01
9.850922881419906796e-01
9.810844775786438099e-01
9.717348937501270045e-01
9.648159970067020641e-01
9.690334800324255093e-01
9.805261057839423922e-01
9.868665717401280402e-01
9.917604013368089833e-01
9.959477294370009393e-01
9.939356334734451570e-01
9.784023213436998656e-01
9.751274045368519827e-01
9.753918640444125820e-01
9.828372576627172341e-01
9.842502615130239718e-01
9.720074706002980180e-01
9.652220965092243032e-01
9.593175066137925588e-01
9.633585383435686600e-01
9.609453081208294556e-01
9.659136833613336526e-01
9.677475639558114073e-01
9.663046864125359736e-01
9.674487216739309225e-01
9.675367324894751375e-01
9.747001219728772536e-01
9.719061961789753346e-01
9.708053964951736114e-01
9.814612037797721955e-01
9.898791368138355473e-01
9.939932114211996739e-01
9.969956772160765146e-01
9.969445151521637571e-01
