2.250000000000000056e-01
0.000000000000000000e+00
0.000000000000000000e+00
1.882087941644496054e-01
1.904915011371722533e-01
2.314677971919997246e-01
2.811851071425139348e-01
2.761500523633724780e-01
3.189426269975058070e-01
3.239834102894192935e-01
3.600991931944122482e-01
3.679322229626819651e-01
4.211365940939836294e-01
4.203276230856624052e-01
4.140607941030530759e-01
4.742082798313379532e-01
4.767437627088120244e-01
5.291210591283231901e-01
5.336224693242556105e-01
5.347730419354779219e-01
5.826198610116427590e-01
5.999712512508170725e-01
6.596883798410930755e-01
6.634264083543800483e-01
6.488381620244357828e-01
7.067397456854882520e-01
7.126948772008427913e-01
1.305861297209127025e+00
1.482594035494243734e+00
1.490115468249451514e+00
1.496120792127342281e+00
1.508376293486545228e+00
1.550663479097632358e+00
1.590534207793982802e+00
1.588238379698231562e+00
1.670059935464688339e+00
1.683096681766504732e+00
1.673780795412515010e+00
1.677973859444350291e+00
1.642622952406811665e+00
1.585705453540820820e+00
1.626290022001573465e+00
1.617272125868054244e+00
1.587007599599549401e+00
1.575339854193438249e+00
1.569297055596503565e+00
1.565485654634669599e+00
1.549278238655086293e+00
1.532173694737861247e+00
1.459334628577785509e+00
1.435207818481390341e+00
1.581678542799130893e+00
1.759074308641417339e+00
1.844666237957674371e+00
1.891678545614971396e+00
1.905786011354029919e+00
1.905500954807944458e+00
1.852552821450949239e+00
1.840595363735160195e+00
1.977808985352168536e+00
2.021506162919551208e+00
1.992653864274535724e+00
2.017491243763866571e+00
1.981352172242600407e+00
1.994723705121444590e+00
1.974630045790884747e+00
1.969787559088787665e+00
1.974513499619827028e+00
1.905581409828757788e+00
1.873038194506649212e+00
1.854953936475268517e+00
1.823005354725783400e+00
1.844211310521123526e+00
1.837245912880818510e+00
1.808405631757418197e+00
1.762998845058445951e+00
1.785657386758739085e+00
1.719616768084841762e+00
1.778781745189368602e+00
1.756175259085917872e+00
1.777075902072268843e+00
1.819017285189306943e+00
1.821559309826892958e+00
1.770702815594160429e+00
1.771448111113758772e+00
1.814863102369810299e+00
1.794456933583083336e+00
1.776973810662731301e+00
1.705335466701520808e+00
1.712478270711299100e+00
1.785534564141602276e+00
1.776746699682699271e+00
1.780485280661910918e+00
1.793983903317186490e+00
1.986744036722856821e+00
2.040842408143323183e+00
2.073066577138329425e+00
2.066054096249962946e+00
2.042685634258278871e+00
2.051950631776897627e+00
