2.250000000000000056e-01
0.000000000000000000e+00
0.000000000000000000e+00
0.000000000000000000e+00
0.000000000000000000e+00
0.000000000000000000e+00
8.266382586657415876e-01
6.625962852621994914e-01
5.279427039048342207e-01
4.538080247961963076e-01
4.211780717930271867e-01
5.138558062541833671e-01
4.740929817055560824e-01
4.313540837968921626e-01
4.402241425230982164e-01
4.169914581077090454e-01
4.124312823484722612e-01
4.145813286600403269e-01
5.283462248386837645e-01
5.359723527505121377e-01
5.269269162196967837e-01
6.183553126274302647e-01
5.959986076085734830e-01
6.465684928319274105e-01
6.214395581434578597e-01
6.389796030063616961e-01
7.089579972873912839e-01
7.412376310447896799e-01
7.370818364071625162e-01
7.209361407545287204e-01
7.145684431942379566e-01
7.082012614031197861e-01
7.206909368445916231e-01
7.692475921057501109e-01
7.586170130880414142e-01
7.430543121381117944e-01
7.602106947209441579e-01
7.817692920894804276e-01
8.216550583140198594e-01
8.474016487121126540e-01
8.685863839154558397e-01
8.870826156210647184e-01
9.021346369355085493e-01
9.206464036596668787e-01
9.233735856252838214e-01
9.281582145699758257e-01
9.318470292683977974e-01
9.414933747689517851e-01
9.560838092039577463e-01
9.651476759821751017e-01
9.705548118760243259e-01
9.725684496390575307e-01
9.847013357264559064e-01
9.891460563167381315e-01
9.967542693723532299e-01
1.002470596278239645e+00
1.015303165306497668e+00
1.022914355705232259e+00
1.010722308765999777e+00
1.004918318889957973e+00
1.007843083540894247e+00
1.015441322808980473e+00
1.011368500380099622e+00
1.015612798908539727e+00
1.021570361425999662e+00
1.029718672247375011e+00
1.037742079315718602e+00
1.034851553055951889e+00
1.030639542501689210e+00
1.034636808376098394e+00
1.035563892439169464e+00
1.033175759240481550e+00
1.034194124319825159e+00
1.030200171348203186e+00
1.026110047089167088e+00
1.018605578308904969e+00
1.017591790945912678e+00
1.019096947335380365e+00
1.021571439321897090e+00
1.026233630413930786e+00
1.023710660027736585e+00
1.024968752600760036e+00
1.025557627715310227e+00
1.031001918106333681e+00
1.032257692964494655e+00
1.036988728568399631e+00
1.039268887336390224e+00
1.044632277139264653e+00
1.049714531852672383e+00
1.055931863523653202e+00
1.057251259338434002e+00
1.063009089533940577e+00
1.067211416730326379e+00
1.064974762870841030e+00
1.070341321526856904e+00
1.068070147572409700e+00
1.070565553077545307e+00
1.070323048164236956e+00
1.068987997736838169e+00
1.071715920757853491e+00
