2.250000000000000056e-01
0.000000000000000000e+00
5.917689215901255073e-01
4.595444527444905169e-01
4.557451144088512374e-01
4.953876807290822915e-01
5.193084109328837128e-01
5.117128468434477551e-01
5.265937122930947067e-01
5.333694934486801209e-01
5.373368817914112583e-01
5.418737870915129040e-01
5.450467444035134168e-01
5.496340056383605122e-01
5.535401632243350800e-01
5.573688285029776424e-01
5.618771323116662497e-01
5.657671130629660095e-01
5.705639842902088255e-01
5.747485814021900952e-01
5.796297289095388994e-01
5.836026135014313887e-01
5.877644307799707590e-01
5.911750133730898638e-01
5.949797922909471071e-01
5.977463126476209032e-01
6.000681719136906622e-01
6.027404994485356937e-01
6.043181576401353006e-01
6.056904913065750407e-01
6.070442265445569197e-01
4.994927506308487475e-01
5.021685092601125833e-01
5.057595293576097051e-01
5.080280415657607573e-01
5.128562843216860623e-01
5.149115242949263704e-01
5.215682190031063481e-01
5.248685118593267029e-01
5.322403375088400335e-01
5.370132186800627982e-01
5.316103553552378180e-01
5.298101325288537833e-01
5.207487272204867068e-01
5.112495405483822308e-01
5.042519718669796758e-01
5.035044772388435064e-01
5.147952395516391944e-01
5.321876517703828524e-01
5.156731128494537186e-01
5.230279876487256008e-01
5.283387329857820447e-01
5.320809222754084855e-01
5.330062530688783884e-01
5.301728585432902152e-01
5.275832149349233280e-01
5.270264529561439204e-01
5.047547259636581130e-01
5.026604214883090282e-01
5.008032023089308282e-01
4.991994790887986921e-01
4.978443083059074792e-01
4.927295287675788060e-01
4.878311372650783184e-01
4.881308004077678508e-01
4.840820054146890983e-01
4.877730391496222784e-01
5.015797195432607491e-01
5.006030400537962999e-01
4.977089450833786510e-01
5.108754810694610127e-01
4.967446619691558429e-01
5.060115340995158251e-01
5.113751027144038952e-01
5.147518866488702827e-01
5.185826028552129596e-01
5.210827862227987994e-01
5.229870597323020842e-01
5.252699442446250311e-01
5.310623602257826814e-01
5.355256444060851884e-01
5.431281751996066554e-01
5.505013844772640441e-01
5.596374636627045041e-01
5.671010066762129931e-01
5.744737754025657228e-01
5.792966134896816444e-01
5.829659442300156869e-01
5.847593750856800998e-01
5.821970815646311248e-01
5.549992188461216891e-01
5.261524105582299216e-01
5.275482672054775390e-01
5.315753924173896028e-01
5.307229514762100697e-01
5.276517019942617015e-01
5.212373074371065007e-01
5.219824606685171675e-01
5.254506562764525990e-01
5.294302659754125395e-01
