2.250000000000000056e-01
0.000000000000000000e+00
0.000000000000000000e+00
1.526483069199356946e+00
1.530351274632772540e+00
1.530341224478586337e+00
1.532511956627781835e+00
1.508988590380277328e+00
1.497704037095504592e+00
1.465935873847501680e+00
1.478019421805483624e+00
1.476132528823855816e+00
1.481058442501631545e+00
1.462933090994304797e+00
1.437074805785915288e+00
1.416358387057786716e+00
1.414962839812556439e+00
1.425798431132246691e+00
1.412923803045631699e+00
1.402727789280239223e+00
1.395642453079095402e+00
1.393031009407691867e+00
1.389666940561796071e+00
1.402033801398746338e+00
1.389929592965751137e+00
1.352679267987028311e+00
1.378791976605998615e+00
1.372701399149347079e+00
1.421442786591612606e+00
1.373998318913088657e+00
1.399282043303335055e+00
1.384563410473452327e+00
1.383861982287164727e+00
1.384571482228958317e+00
1.349007466994820881e+00
1.307156359361916653e+00
1.303618467025036365e+00
1.252931601797615313e+00
1.242417746185028760e+00
1.238081327101286933e+00
1.306400067380698360e+00
1.388708950854759872e+00
1.382288167469468920e+00
1.381556244970105762e+00
1.359072294437747797e+00
1.372304247324322324e+00
1.340832298711248871e+00
1.335423745526384431e+00
1.319090308496234654e+00
1.327953993898286500e+00
1.302125421715589537e+00
1.286041786517022167e+00
1.289916617602350435e+00
1.282332426572483364e+00
1.266726157844388467e+00
1.263330423017263726e+00
1.247767063648311803e+00
1.230817192315476927e+00
1.220666452512272793e+00
1.197842995663815024e+00
1.194093648171777655e+00
1.182773657792657307e+00
1.214652734892034402e+00
1.236367436376236251e+00
1.224952615096227326e+00
1.213380899047341810e+00
1.241122144460145460e+00
1.227880482165905285e+00
1.250955742401933080e+00
1.219549802867368582e+00
1.220906620636740714e+00
1.194941770129032133e+00
1.180501763000102233e+00
1.187110835706930212e+00
1.195964591667622701e+00
1.220435932718521466e+00
1.223063216537802589e+00
1.190421516438447513e+00
1.170180610306373437e+00
1.128249502818994054e+00
1.105224683024779164e+00
1.071771030912164191e+00
1.057702200956902150e+00
1.039567506609175629e+00
1.009606552368896626e+00
1.006304409875240502e+00
1.001151299506260139e+00
9.825208297681773395e-01
9.822502690558796434e-01
9.955707068602575038e-01
1.041872423223586086e+00
1.052023713318774645e+00
1.045012445728612960e+00
1.066083908603539410e+00
1.100357377973966377e+00
1.092862285818749557e+00
1.090070588734605828e+00
1.073925097857984845e+00
1.042468923048202267e+00
1.036301729197111055e+00
