2.250000000000000056e-01
0.000000000000000000e+00
0.000000000000000000e+00
8.013679332105471120e-01
7.328375758852124777e-01
9.138776911874257891e-01
9.050201680652252278e-01
8.566743338209352743e-01
8.162463578579671752e-01
7.859391445067838156e-01
7.511420263764062577e-01
7.290176806760091388e-01
7.136611386618486597e-01
7.041809433131652751e-01
7.013045656096115188e-01
6.833722073627384042e-01
6.691391931907015866e-01
6.552514293731267481e-01
6.621661632620892135e-01
6.901970289996973706e-01
7.233775200282602791e-01
7.807827757968164306e-01
8.130023759212359202e-01
8.451322272906663935e-01
8.498689659033176191e-01
8.480314366456391806e-01
8.494775265508834883e-01
8.441600984368083926e-01
8.459332134691193161e-01
8.452899021001141211e-01
8.437783787401211821e-01
8.360930548409810648e-01
8.270144812831935477e-01
8.172383780260387143e-01
8.073103673738439845e-01
7.985461706047971564e-01
7.992983410813792045e-01
7.980229352298725543e-01
7.908254413656785609e-01
7.960634244403909099e-01
8.071938963008807866e-01
8.056853625938015240e-01
8.030449794055024570e-01
8.057406245672316114e-01
8.194618867943077589e-01
8.299488139344847193e-01
8.247418600762780327e-01
8.204165667052998323e-01
8.265591553331907981e-01
8.197943930145513702e-01
8.063999985870287102e-01
7.998187081357490680e-01
7.951020956481534840e-01
7.937483064116470644e-01
7.866965140364892140e-01
7.897782666701855803e-01
7.889434365872317612e-01
7.845180484126165199e-01
7.956150934255523666e-01
8.031011809192681872e-01
8.126039943154230727e-01
8.146303968437916820e-01
8.183986326714729476e-01
8.199856271972643107e-01
8.198482788392282838e-01
8.177143580411684320e-01
8.181665175811259072e-01
8.238930104275711264e-01
8.306112758397288243e-01
8.399064524828165901e-01
8.443057405211992217e-01
8.502229821459763581e-01
8.557275439246527782e-01
8.628108365567767057e-01
8.682981614401199533e-01
8.752102414936947516e-01
8.812697484888378785e-01
8.861349854895443912e-01
8.981811164530876246e-01
9.009152120443308931e-01
9.126752487459247609e-01
9.146687226084926348e-01
9.110730048144034532e-01
9.082304595385096713e-01
9.051731564397490493e-01
9.011354359062399011e-01
8.968698131369109428e-01
8.902411276937645113e-01
8.863920760577176372e-01
8.902601780324066461e-01
8.879327068979167015e-01
8.862996501987996378e-01
8.847720462338054537e-01
8.866686169572065568e-01
8.872845775997690865e-01
8.867183733626442521e-01
8.852488644194568268e-01
8.835454828416415829e-01
8.848503757190385732e-01
8.871142432028895630e-01
