2.250000000000000056e-01
0.000000000000000000e+00
3.914081748187653864e-01
4.015489235451434324e-01
3.960864008916977763e-01
4.173259850267805882e-01
3.868670166062842530e-01
4.131403991227701744e-01
4.130810570686715422e-01
4.277719227727532214e-01
4.280583705894309143e-01
4.187161675840657127e-01
4.078145021097579481e-01
4.034029475051613134e-01
4.110092401863508771e-01
4.198766489995037210e-01
4.076268269738889116e-01
3.944082368784636583e-01
3.700923488287445329e-01
3.800495209942588715e-01
3.938738059037811268e-01
4.130249590424990291e-01
4.287193977590699756e-01
4.328292052180862104e-01
4.366648626077074824e-01
4.288431121432217941e-01
4.332415023684072497e-01
4.400775292070934763e-01
4.840653090679034598e-01
5.004964070853855640e-01
4.657355615951375150e-01
4.489997093962577734e-01
4.353647956456542789e-01
4.399046256334468996e-01
4.385185436183680063e-01
4.259034928067557679e-01
4.190063669411469016e-01
4.113143641327646205e-01
3.968995134703797723e-01
3.918800667374534585e-01
3.957424177076507843e-01
3.981712280198049236e-01
3.923231814881896762e-01
3.974162455878022526e-01
4.002075953921695461e-01
3.959808351439777496e-01
3.960407276042787750e-01
3.989163952292993365e-01
4.054286382655189480e-01
4.052017989201804893e-01
3.956988097393074888e-01
3.874303369234466388e-01
3.796765196060908898e-01
3.786618252353048941e-01
3.774138460372049586e-01
3.807892890472484582e-01
3.815740725595572203e-01
3.873634441575314891e-01
3.829055378149837097e-01
3.953841834265250932e-01
3.937752539285011011e-01
4.000301803193999084e-01
4.058564769704823272e-01
4.084666248698693436e-01
4.109307502022168657e-01
4.175190072427609755e-01
4.174345291931243485e-01
4.153093389984828243e-01
4.087534278614212147e-01
4.121960088066968231e-01
4.193105739167233836e-01
4.238981616260054097e-01
4.195654533986635237e-01
4.190293012338189849e-01
4.190811812227615007e-01
4.163214380220763289e-01
4.172269927293010827e-01
4.137162219479573189e-01
4.093225005925787974e-01
4.059901373091792665e-01
4.067407493358939918e-01
4.069299500755845789e-01
4.079191461977454414e-01
4.106655650990990725e-01
4.095863442101440044e-01
4.104905590730323350e-01
4.020854636043327268e-01
4.011109432958518961e-01
3.894381473267912175e-01
3.934469842039713394e-01
3.931518412463944068e-01
3.952970342006523752e-01
4.116794337247908775e-01
4.193548706230581513e-01
4.112152913917853647e-01
3.954084666931243497e-01
3.941527730060403467e-01
3.895421866719397386e-01
3.854952380278650614e-01
3.787958749308485418e-01
