2.250000000000000056e-01
0.000000000000000000e+00
0.000000000000000000e+00
2.016899654026486910e-01
1.885215119969590181e-01
1.919465334016991487e-01
2.160842821153984850e-01
2.242002925789425005e-01
2.415610302675513521e-01
2.735910935808757993e-01
2.828914973346592920e-01
2.889352937631101681e-01
3.148855592865102970e-01
3.255495023809236166e-01
3.812964250101500419e-01
4.297732303199663928e-01
7.481292025549187708e-01
7.703849347901771116e-01
7.619916928386631927e-01
7.612426210078007127e-01
7.420354228925639672e-01
7.603160143023685036e-01
7.497974377186724659e-01
7.485021795416482160e-01
7.379342475830523718e-01
7.325686985177410904e-01
7.544439685547043029e-01
7.486875759212835435e-01
7.563035527198054275e-01
8.095929720739001301e-01
8.483510663837209309e-01
9.262513104307806833e-01
9.428145530593730061e-01
9.490348898156194535e-01
9.276760164445181367e-01
9.058031840551445946e-01
8.937383949401302985e-01
8.827352788835221009e-01
8.955629860391360886e-01
9.084328494150328837e-01
9.067485599793216888e-01
9.116631942534852984e-01
9.029050650243206633e-01
9.020725611412033773e-01
9.100867967859952445e-01
9.044314608824817192e-01
9.216776789574515627e-01
9.210489664105259155e-01
9.213728281619393279e-01
9.290856523789778887e-01
9.290376045227362045e-01
9.285348821089520754e-01
9.268982412993664877e-01
9.292224954278418547e-01
9.257762315917866802e-01
9.191315672172882811e-01
9.128450479403457107e-01
9.260318117206265409e-01
9.252669260327657241e-01
9.279389073954683598e-01
9.229984452949590024e-01
9.186485261608888786e-01
9.181152050101013540e-01
9.381091675660602203e-01
9.403960257947704404e-01
9.337054885311342201e-01
9.259156004404175411e-01
9.201243501416834780e-01
9.294795531512211051e-01
9.278698811997508900e-01
9.249375831322476094e-01
9.311799401468731086e-01
9.376029148554625436e-01
9.348506245880311427e-01
9.329173115124552718e-01
9.327697338031445407e-01
9.312814500370740767e-01
9.395020601340441369e-01
9.351862058016267021e-01
9.275236057740208206e-01
9.255587642913346569e-01
9.216002859443565010e-01
9.158324144354448304e-01
9.170664630405824802e-01
9.120843526030537607e-01
9.159415156772755529e-01
9.105411488693624378e-01
9.111040967828332171e-01
9.048102375864081059e-01
9.023326004376659437e-01
9.023653877414671287e-01
8.965136773440511853e-01
8.986199337113417451e-01
8.962747019059372766e-01
8.999094189358352036e-01
8.959876290312583924e-01
8.892834689615787269e-01
8.830815472801404331e-01
8.818688583376148582e-01
8.780641210909553296e-01
