2.250000000000000056e-01
0.000000000000000000e+00
0.000000000000000000e+00
0.000000000000000000e+00
0.000000000000000000e+00
0.000000000000000000e+00
0.000000000000000000e+00
0.000000000000000000e+00
8.307432609635537757e-01
7.795386281371050607e-01
7.294465627047721501e-01
7.642768886484442303e-01
7.477528762401097762e-01
7.338656255019955221e-01
7.196028157811477088e-01
6.955283174866833118e-01
6.661013056836232460e-01
6.533618214771883537e-01
6.493157933058631981e-01
6.443170663134136777e-01
6.365328350514658506e-01
6.436009525326356062e-01
6.454365683849710988e-01
6.408718785938213314e-01
6.346414324004977514e-01
6.330563903328100261e-01
6.388600788766358729e-01
6.476449703276181413e-01
6.316351973115618135e-01
6.365436282258761791e-01
6.308955980360794191e-01
6.311865046575846350e-01
6.363018102178712443e-01
6.305365048516119453e-01
6.314854439509229866e-01
6.292097584720729442e-01
6.218420939466869912e-01
6.168078982446222325e-01
6.178771363641024639e-01
6.144491727475077658e-01
6.139042829033271031e-01
6.137271844868272819e-01
6.178313290008202729e-01
6.205033245451753166e-01
6.252280605255424728e-01
6.245023276094285869e-01
6.246868091766047959e-01
6.201119297180638368e-01
6.161044764766964166e-01
6.129657436551667615e-01
6.216647049804195913e-01
6.196407846454843327e-01
6.154557971918922510e-01
6.131631859032128373e-01
6.129612607495753540e-01
6.149571316786495156e-01
6.167419285241865223e-01
6.187838315610090234e-01
6.204932235924622841e-01
6.286792357099966200e-01
6.305457123775484174e-01
6.302271854928059858e-01
6.290065086411668061e-01
6.288875468038984673e-01
6.259327043367112209e-01
6.238293319283971794e-01
6.253374255037135176e-01
6.246398089086572236e-01
6.239628141163428010e-01
6.212470323519845294e-01
6.187299093031967123e-01
6.228508386916307149e-01
6.245442128089129241e-01
6.263937842408480172e-01
6.244529369017886022e-01
6.210378887232883560e-01
6.154340136194582644e-01
6.187973585819006583e-01
6.241759504993356078e-01
6.252055555360729322e-01
6.308178543716715936e-01
6.308159673534483591e-01
6.326414360763635836e-01
6.379942784592790295e-01
6.360511126443900709e-01
6.302395614400654322e-01
6.292612723838008071e-01
6.316406799560564389e-01
6.304037790862198065e-01
6.318121571102820466e-01
6.318298076972733712e-01
6.299730982395879142e-01
6.307156800472680791e-01
6.367529296757116208e-01
6.352964345014061598e-01
6.371109089392705815e-01
6.329911455229721984e-01
6.341358640126030233e-01
6.318589227475063241e-01
6.347631584326104415e-01
