2.250000000000000056e-01
0.000000000000000000e+00
0.000000000000000000e+00
0.000000000000000000e+00
0.000000000000000000e+00
0.000000000000000000e+00
0.000000000000000000e+00
0.000000000000000000e+00
0.000000000000000000e+00
1.974436351960776825e+00
1.729797964776223829e+00
1.710132564845077141e+00
1.712791520292977099e+00
1.668093905750638317e+00
1.563479863276648008e+00
1.587512580544223173e+00
1.557142345874020561e+00
1.538764361562011684e+00
1.504388723534813010e+00
1.464500867908611781e+00
1.459261869357992181e+00
1.427629197476655953e+00
1.434144115251554608e+00
1.384913797811805791e+00
1.302213535226214969e+00
1.279546617235715278e+00
1.255482680386549310e+00
1.242934140447199409e+00
1.271085143671690787e+00
1.265528886794469843e+00
1.261972599865227584e+00
1.274542780639485340e+00
1.283044074099650711e+00
1.332765101105946925e+00
1.354572475341064841e+00
1.363243776430143717e+00
1.375004884060776478e+00
1.407316114481937941e+00
1.408221934320098123e+00
1.449700253794834470e+00
1.389933646824548896e+00
1.390759946671440428e+00
1.399160415009565339e+00
1.411470681325260879e+00
1.446563020877721817e+00
1.449839149536013228e+00
1.444303938345301352e+00
1.422213504731787648e+00
1.415114837414526372e+00
1.402148100707449219e+00
1.391347296947919254e+00
1.401724398526648985e+00
1.410093394791744448e+00
1.429592637958707169e+00
1.418168747178194522e+00
1.406645609039915756e+00
1.371011216759569384e+00
1.353021767274475762e+00
1.342616425373558409e+00
1.323051700635743400e+00
1.334619475314894999e+00
1.395666668737150617e+00
1.430350006322480327e+00
1.456512397653765944e+00
1.464495815088791675e+00
1.479451846211891297e+00
1.473024865358374624e+00
1.476558919895823774e+00
1.500271322129250517e+00
1.525854115699846636e+00
1.535639540898228628e+00
1.551008454128218084e+00
1.553419590070378220e+00
1.525089258793177249e+00
1.530633864356455653e+00
1.518205144008265783e+00
1.507925287052297891e+00
1.514160100288389543e+00
1.525987516177453429e+00
1.497162306217760142e+00
1.465285383050063395e+00
1.459964732599256187e+00
1.458162222098828398e+00
1.481894282872964208e+00
1.488765833241035619e+00
1.495697175474825169e+00
1.500829134140323706e+00
1.507142203855464713e+00
1.509756420173859359e+00
1.519608075811572201e+00
1.506899133828948800e+00
1.515055933920592457e+00
1.514164674105966890e+00
1.503639582285057452e+00
1.511810934624292946e+00
1.531354843773172991e+00
1.549884674310255228e+00
1.578965907833276505e+00
1.594574600700227274e+00
1.596331564814711834e+00
