2.250000000000000056e-01
0.000000000000000000e+00
1.477831875133535922e-01
1.816818392406283900e-01
1.607054328050858405e-01
1.720153638604502155e-01
2.035297963461049076e-01
2.130984010908775483e-01
2.220020003073238934e-01
2.270374573339954405e-01
2.425253723456136379e-01
2.540877934613609557e-01
2.734374131843996247e-01
2.871181334013481190e-01
3.153382319905853604e-01
3.285266347513274843e-01
3.423273452580869458e-01
3.683268104527184228e-01
3.932822497959669317e-01
4.049107602118694471e-01
4.348175728376705296e-01
4.324445850709442984e-01
4.685848391084860842e-01
5.026910974058408366e-01
5.358360460744578946e-01
5.628037782350976403e-01
6.185089182130492080e-01
6.556231610134350962e-01
6.737969575206367301e-01
7.280673459377531298e-01
7.822140633523183562e-01
8.087935837927773264e-01
8.245668023871468577e-01
8.146114972503692986e-01
8.045649914421095783e-01
7.841507914982424055e-01
7.712576423078170151e-01
7.557355171649648984e-01
7.465770997109135720e-01
7.333284002017832481e-01
7.242738596990170308e-01
7.102327241536303681e-01
7.265770344841211426e-01
7.244365361117541813e-01
7.466186595331849585e-01
7.668604056081683717e-01
7.903254429274821913e-01
7.816198424297147174e-01
7.781286127081036286e-01
7.794834066133414785e-01
7.855348767840993895e-01
7.856999204970938067e-01
7.951413674158820388e-01
8.074559473160288769e-01
8.015251497691583404e-01
8.133313607112435673e-01
8.258223889592382072e-01
8.166565982256912548e-01
8.043306899781330621e-01
8.007179465010026975e-01
7.887178048247119877e-01
7.813909343439923161e-01
7.805624934990608166e-01
7.752358939922583403e-01
7.687992809986929910e-01
7.718887080804420764e-01
7.728995834463032732e-01
7.603858993849161862e-01
7.688874203310783750e-01
7.738012698231631070e-01
7.777265583614466626e-01
7.791601968585532001e-01
7.799355564287626663e-01
7.870202536397642445e-01
7.847873697504437196e-01
7.843735376833009809e-01
7.863301913408178301e-01
7.934439872347455180e-01
7.894315552887719578e-01
7.813503325236287322e-01
7.897074606314561374e-01
7.867769590234665600e-01
7.894466176067941321e-01
7.927068338268695724e-01
7.904604156885153277e-01
7.904458377606323749e-01
8.025801742959475238e-01
7.974596914795663016e-01
7.915296932970496968e-01
7.867357776920669288e-01
7.717056238740793717e-01
7.624521244610014126e-01
7.480240860343762010e-01
7.445712116115628110e-01
7.405769428798983922e-01
7.442489105894312118e-01
7.413825549801632553e-01
7.543760325300822300e-01
7.661550687105920243e-01
7.794741801072709864e-01
