2.250000000000000056e-01
0.000000000000000000e+00
9.351923124506082707e-02
9.352092688364020689e-02
1.375923244791577571e-01
1.563921217559381682e-01
1.619476905868048322e-01
1.857512836244289423e-01
1.943200263837672470e-01
2.132412225454995980e-01
2.252294503295582395e-01
2.370866376069594439e-01
2.734234647828241438e-01
2.771121112704950096e-01
2.797094414532872442e-01
3.031700051709975141e-01
3.469089550475391581e-01
3.515212070907501873e-01
3.571513965182240846e-01
3.690303235004289140e-01
4.117893536942914268e-01
4.286211708578317459e-01
4.380015983758032139e-01
4.519640615802951178e-01
4.674126534083383189e-01
4.925954927105948289e-01
4.944192443620786803e-01
5.021644193324908967e-01
4.964579663154986000e-01
4.746957075160912476e-01
4.755559719387092987e-01
4.367780220780266287e-01
4.244300140740694949e-01
4.147576900603502925e-01
4.123840045949631605e-01
4.114221468989677777e-01
3.855274210338175411e-01
4.080193857253663348e-01
4.292124366396000701e-01
4.295329505200867204e-01
4.735858027855819330e-01
4.879739395296715521e-01
5.224307204442325547e-01
5.528500147143514676e-01
6.033550472679017895e-01
6.560898697567156823e-01
6.878196236803204577e-01
8.496838333749517913e-01
1.042229849720813784e+00
1.122201951756445881e+00
1.204720430582157720e+00
1.203828585274322904e+00
1.245491984786981643e+00
1.284220436393737064e+00
1.290378134027696522e+00
1.294976525600886053e+00
1.293091318954146196e+00
1.293314464669774733e+00
1.283260456963728702e+00
1.288893228034149852e+00
1.301255889506394592e+00
1.316261944651373028e+00
1.308058006186830102e+00
1.301557269502434000e+00
1.317867500942597747e+00
1.326570215201076097e+00
1.321303452613119767e+00
1.300808442329296710e+00
1.272761681215555774e+00
1.248842965678010675e+00
1.258442197482379843e+00
1.237741561093279596e+00
1.221723529420963628e+00
1.218235418912319012e+00
1.237873526402215818e+00
1.236165673280556820e+00
1.216139551181947942e+00
1.192569106955313263e+00
1.170747363373123795e+00
1.137062083533390222e+00
1.120596427300975861e+00
1.108172387688818761e+00
1.098545765644437955e+00
1.090890487655624241e+00
1.110659757670129810e+00
1.111237565855497600e+00
1.111073717596390953e+00
1.106923576361330319e+00
1.109818075001502535e+00
1.123364148834992360e+00
1.120412766959664852e+00
1.112333894028598502e+00
1.092789439931883821e+00
1.105535071579161643e+00
1.118967315944721985e+00
1.123183138901553191e+00
1.119061205903175482e+00
1.137113857675369433e+00
1.140773139515658174e+00
1.163444388983714051e+00
