2.250000000000000056e-01
0.000000000000000000e+00
0.000000000000000000e+00
0.000000000000000000e+00
0.000000000000000000e+00
0.000000000000000000e+00
1.340180596911327626e+00
1.243839758034030796e+00
1.144897538884572796e+00
1.133023274944202186e+00
1.232910333638252753e+00
1.233391752879134273e+00
1.226898952078426142e+00
1.219059310585006717e+00
1.222312749965555501e+00
1.206859365663494499e+00
1.196262983859813334e+00
1.206830910292838732e+00
1.194104292429837066e+00
1.192991194297613022e+00
1.176163958477055793e+00
1.179472500113965650e+00
1.198603203547984108e+00
1.210700533737416373e+00
1.206218148302073523e+00
1.190028174559248919e+00
1.194605491750018844e+00
1.180594534898042891e+00
1.181816006101757077e+00
1.182705847845772817e+00
1.182273865403845825e+00
1.182864187982222814e+00
1.188627019978752308e+00
1.180839806353801036e+00
1.182195349855372113e+00
1.185337810782925549e+00
1.180814238694959606e+00
1.187298614827197785e+00
1.178196776449509819e+00
1.180827166095756109e+00
1.179442443078055014e+00
1.183190647376427318e+00
1.180684110978861723e+00
1.186505543135332408e+00
1.183208116068953375e+00
1.187869292387021991e+00
1.186017480713457362e+00
1.182587617899750532e+00
1.182286885600327464e+00
1.181660993181375074e+00
1.179408553846001517e+00
1.184399395859611737e+00
1.181786591443820145e+00
1.178543890540777461e+00
1.181709971972990214e+00
1.185511470614069474e+00
1.182475500834129667e+00
1.185595333969102994e+00
1.185957667889776745e+00
1.185542254817014252e+00
1.184792030805008389e+00
1.189271943674445664e+00
1.189804225157339967e+00
1.189583591485141367e+00
1.192298651047616342e+00
1.190264212349729123e+00
1.192315819436646551e+00
1.193888339545199129e+00
1.196424058866665918e+00
1.195097487198611530e+00
1.199352733875564514e+00
1.198786772756099017e+00
1.198092661779634582e+00
1.201500553384826864e+00
1.203093716937203128e+00
1.198428853539279970e+00
1.191845972889672867e+00
1.194660358531149935e+00
1.194597336140080568e+00
1.197426494659629137e+00
1.197767138459525871e+00
1.196088509280606171e+00
1.197665562938153183e+00
1.189444801476399860e+00
1.187754214089399740e+00
1.187532190288147271e+00
1.190768014760660076e+00
1.192738184400813140e+00
1.195853262024211050e+00
1.195051334598543180e+00
1.194777549323228882e+00
1.195909307187827952e+00
1.196157332561420761e+00
1.194761397647163381e+00
1.196698082002120911e+00
1.200077607428812199e+00
1.196880848868381308e+00
1.196108982750516692e+00
1.197004918804070339e+00
1.203631304371897359e+00
