2.250000000000000056e-01
1.278034953016099207e-01
1.638928721959223289e-01
2.071481061348300901e-01
2.403089103584991615e-01
2.577133253910697808e-01
2.909956149272259762e-01
2.311968990267977420e-01
2.457291273182753144e-01
2.874662288066656690e-01
3.213521383529162612e-01
3.355670408943175476e-01
3.601278194563825585e-01
4.152940564107824306e-01
8.837117751786489617e-01
1.096482338328119255e+00
1.211995990170230186e+00
1.208109298490805061e+00
1.204795406299702831e+00
1.176526930687923800e+00
1.134785994859346392e+00
1.230472699162383110e+00
1.238793544518705270e+00
1.310739966951993685e+00
1.405215377799848397e+00
1.555464871195772814e+00
1.647896058596755031e+00
1.648200173235957466e+00
1.619222595292461930e+00
1.614223391108866590e+00
1.658468188405477273e+00
1.668431393638177607e+00
1.653401247950890829e+00
1.636651552278870270e+00
1.640939103609980965e+00
1.628761268058195988e+00
1.620030446415474445e+00
1.617664311763678642e+00
1.617714512023495477e+00
1.608282422942042933e+00
1.609446398515862686e+00
1.590280733589814144e+00
1.612234908058104432e+00
1.599204486585686036e+00
1.624174703256424879e+00
1.608538112369768847e+00
1.586068947225732551e+00
1.562033622620162099e+00
1.527534765068428335e+00
1.498045555271878104e+00
1.477001869258008693e+00
1.462523447574258340e+00
1.442005453975874874e+00
1.436256177939467582e+00
1.438848881951025449e+00
1.476246332678782913e+00
1.533109065987470876e+00
1.527350503102908430e+00
1.526668714096593993e+00
1.525638922680101039e+00
1.550990935606568089e+00
1.540340739692294347e+00
1.528890661497060544e+00
1.514555178257916301e+00
1.523755861446922655e+00
1.524578236250465180e+00
1.517308892562348133e+00
1.544963616878358259e+00
1.556097167243875701e+00
1.546292600201693457e+00
1.554158368525253575e+00
1.555203845491285097e+00
1.601755941552094775e+00
1.618238706758364787e+00
1.609958383909739998e+00
1.592155127491611033e+00
1.582947935602135203e+00
1.570800792066744611e+00
1.559336627632736727e+00
1.548099924950454565e+00
1.533399189053053835e+00
1.520688615904758567e+00
1.515345441862806952e+00
1.512566330526093461e+00
1.526543327715195852e+00
1.568019771896902004e+00
1.595900371695485820e+00
1.588629692892971512e+00
1.574523927736630302e+00
1.557550769147792114e+00
1.559929052745002265e+00
1.544710333480411091e+00
1.528668021929512344e+00
1.513477219692466846e+00
1.513850796479309979e+00
1.505514007907795326e+00
1.512555002460385989e+00
1.528595923464470152e+00
1.548976178337791110e+00
1.549270244035019894e+00
