2.250000000000000056e-01
0.000000000000000000e+00
0.000000000000000000e+00
0.000000000000000000e+00
0.000000000000000000e+00
0.000000000000000000e+00
0.000000000000000000e+00
0.000000000000000000e+00
0.000000000000000000e+00
0.000000000000000000e+00
0.000000000000000000e+00
1.483805872389730496e+00
1.523260861420654644e+00
1.542325476658714001e+00
1.562892198948857558e+00
1.585235628917006645e+00
1.570050880613912403e+00
1.576985026907900878e+00
1.572696035317572738e+00
1.597982741682909547e+00
1.571721038499216405e+00
1.537320784653677386e+00
1.444015806294770998e+00
1.397649108032812393e+00
1.373218278244624724e+00
1.365186292649254396e+00
1.347780623582718329e+00
1.346773350858609941e+00
1.312173127984066934e+00
1.274426911604829238e+00
1.275424814447922550e+00
1.263952076058008966e+00
1.249210472957925200e+00
1.248766764739475565e+00
1.251131978435499947e+00
1.225782084142861716e+00
1.196856765891169516e+00
1.166528516739073762e+00
1.162333130530763592e+00
1.188228042853165078e+00
1.230375595231707919e+00
1.254206815969848732e+00
1.267527352341329294e+00
1.261851803686106610e+00
1.264724817879495200e+00
1.258247080573962950e+00
1.273719754210658417e+00
1.287299868624159904e+00
1.289716403164077096e+00
1.290719929599255744e+00
1.294933088411438060e+00
1.292983399469424199e+00
1.304719746289052962e+00
1.305671685020200146e+00
1.292088660889363583e+00
1.288329878069518264e+00
1.283530682890551278e+00
1.279813534287576271e+00
1.274743307388125801e+00
1.272067188907870072e+00
1.266102574765162636e+00
1.270061757776193678e+00
1.256636128953115383e+00
1.239427038496767830e+00
1.240894384535312867e+00
1.234218361599331626e+00
1.223603070103012724e+00
1.213025544442591031e+00
1.202617927098893480e+00
1.196525185766991850e+00
1.184663525514654703e+00
1.179920769983111128e+00
1.173285178476463964e+00
1.172306638297092585e+00
1.171515505356079512e+00
1.172873343346770625e+00
1.168269303952121918e+00
1.175383972025195511e+00
1.172246979809333567e+00
1.169332473305864983e+00
1.164919413937069992e+00
1.165169992401187793e+00
1.168231856693622506e+00
1.167264649067101034e+00
1.181193854576620961e+00
1.187861941881863892e+00
1.200336546183141229e+00
1.199767531204955384e+00
1.201844189221606962e+00
1.197159868628726809e+00
1.205139172433816297e+00
1.213476455328636128e+00
1.222920657234443320e+00
1.230910062692605056e+00
1.251551584981844600e+00
1.258920262357468678e+00
1.270704916734186618e+00
1.281703101825891089e+00
1.286631045432099718e+00
1.279990103650082478e+00
