2.250000000000000056e-01
0.000000000000000000e+00
0.000000000000000000e+00
0.000000000000000000e+00
0.000000000000000000e+00
0.000000000000000000e+00
0.000000000000000000e+00
0.000000000000000000e+00
0.000000000000000000e+00
0.000000000000000000e+00
0.000000000000000000e+00
0.000000000000000000e+00
0.000000000000000000e+00
0.000000000000000000e+00
0.000000000000000000e+00
0.000000000000000000e+00
0.000000000000000000e+00
0.000000000000000000e+00
0.000000000000000000e+00
0.000000000000000000e+00
0.000000000000000000e+00
0.000000000000000000e+00
0.000000000000000000e+00
0.000000000000000000e+00
0.000000000000000000e+00
0.000000000000000000e+00
0.000000000000000000e+00
0.000000000000000000e+00
0.000000000000000000e+00
0.000000000000000000e+00
0.000000000000000000e+00
0.000000000000000000e+00
0.000000000000000000e+00
0.000000000000000000e+00
0.000000000000000000e+00
0.000000000000000000e+00
0.000000000000000000e+00
0.000000000000000000e+00
0.000000000000000000e+00
0.000000000000000000e+00
0.000000000000000000e+00
0.000000000000000000e+00
0.000000000000000000e+00
0.000000000000000000e+00
0.000000000000000000e+00
0.000000000000000000e+00
0.000000000000000000e+00
0.000000000000000000e+00
0.000000000000000000e+00
0.000000000000000000e+00
0.000000000000000000e+00
6.994424760401034558e-01
6.620437337312785608e-01
7.017101639541182267e-01
6.406792937534947496e-01
5.994414059394713723e-01
5.832716749471441586e-01
5.597160659009160488e-01
5.436796342263889859e-01
5.405845774872595211e-01
5.384213937942846639e-01
5.364755399860445806e-01
5.316368188408281403e-01
5.378149430769172401e-01
5.601371847465101972e-01
5.919642747526813187e-01
5.943619206398851329e-01
5.701775790096053065e-01
5.520431744201830249e-01
5.328235792795827930e-01
5.285564704364140720e-01
5.387726600701528978e-01
5.488796035082427194e-01
5.381845648030418872e-01
5.408014861957514130e-01
5.326315317068747168e-01
5.285122989950160610e-01
5.347832357631260303e-01
5.350399783496223582e-01
5.438935151723778283e-01
5.517600836854114066e-01
5.598225899920826754e-01
5.623406100928118878e-01
5.626678278250487608e-01
5.528145996388161842e-01
5.546103543869302932e-01
5.520902004588083001e-01
5.548621219660754278e-01
5.666439461698496993e-01
5.766713868012787181e-01
5.803806211050673847e-01
5.606353993525938773e-01
5.537054263126408582e-01
5.565304922401627108e-01
5.608865820281359049e-01
5.735835071063322133e-01
5.632904715547986108e-01
5.676144901633843887e-01
5.730804435829184307e-01
5.705765071406544431e-01
