2.250000000000000056e-01
0.000000000000000000e+00
0.000000000000000000e+00
0.000000000000000000e+00
0.000000000000000000e+00
0.000000000000000000e+00
0.000000000000000000e+00
0.000000000000000000e+00
0.000000000000000000e+00
0.000000000000000000e+00
0.000000000000000000e+00
0.000000000000000000e+00
0.000000000000000000e+00
0.000000000000000000e+00
0.000000000000000000e+00
0.000000000000000000e+00
0.000000000000000000e+00
0.000000000000000000e+00
0.000000000000000000e+00
1.170032623003628008e-01
1.283631838339882869e-01
1.551848486386567805e-01
1.757394048282146237e-01
1.956167449335424746e-01
2.229484084274763467e-01
2.383452320294397464e-01
2.402885538438163104e-01
1.166743655066469820e+00
1.139500787852243846e+00
1.136469000294074716e+00
1.112236040584037466e+00
1.081195602640390829e+00
1.071714418830830295e+00
1.042949109135734131e+00
1.011444035073185033e+00
9.733295685391002428e-01
1.075100223488689943e+00
1.076385654511656798e+00
1.030446272676824204e+00
9.866402409191986633e-01
9.655867812627898505e-01
9.321507136619513467e-01
9.030641794212330709e-01
8.727035893739827355e-01
8.396417312556967438e-01
8.168998129899328609e-01
8.566692511857733061e-01
8.574985707781890287e-01
8.256836837400826079e-01
7.998976466923660711e-01
7.752581591270016892e-01
7.520519562389726964e-01
7.349688991446167163e-01
7.250443936827571934e-01
7.216325834380639126e-01
7.449769571579450966e-01
7.279596974969373413e-01
7.157188786924466584e-01
7.019810282942071655e-01
6.914016444265068673e-01
6.818323619793305035e-01
6.726544047382857494e-01
6.612164217307281433e-01
6.539504961723657805e-01
7.062624607452018255e-01
6.938489141068966415e-01
6.747505792270619418e-01
6.628052261250497734e-01
6.477630405868869401e-01
6.267450235324838470e-01
6.111540132579463824e-01
5.928761864989889885e-01
5.751964751287437227e-01
5.601811943439611863e-01
5.484040526883596778e-01
5.401277917924862670e-01
5.324079042848094412e-01
5.272936020918791433e-01
4.997988931453762884e-01
4.934572219299261375e-01
4.850995054860990918e-01
4.808737598790125412e-01
4.864354314334625173e-01
5.024034933913481549e-01
6.086779379386306754e-01
6.282926960075815304e-01
6.267006524937900336e-01
6.464007493484287270e-01
6.968877483250270899e-01
6.926435040699966406e-01
6.878987444604802715e-01
6.761880063331064949e-01
6.551557980751919752e-01
6.597720537773101857e-01
7.443740917995590456e-01
7.611529290035830009e-01
7.592071180054745794e-01
7.778364289626030770e-01
7.763693042221709861e-01
7.666719701267846743e-01
