2.250000000000000056e-01
0.000000000000000000e+00
0.000000000000000000e+00
0.000000000000000000e+00
0.000000000000000000e+00
0.000000000000000000e+00
0.000000000000000000e+00
0.000000000000000000e+00
0.000000000000000000e+00
0.000000000000000000e+00
0.000000000000000000e+00
0.000000000000000000e+00
0.000000000000000000e+00
0.000000000000000000e+00
2.835305198957620010e-01
1.208526111797849634e+00
1.152437675478190426e+00
1.124747251493788180e+00
1.062458818172172803e+00
1.015341363537209052e+00
9.744380316546655818e-01
9.653834195588802958e-01
9.536255297221404303e-01
9.380301751110469155e-01
9.192324914874783204e-01
9.066547368921054062e-01
8.848563092960001208e-01
8.681084080111922674e-01
8.481789028227352256e-01
8.252964753956882893e-01
7.960668740317362602e-01
7.714831655634857288e-01
7.630973472569430038e-01
7.779319896275002089e-01
8.278371662973974532e-01
8.279161286253606811e-01
8.240732106068148211e-01
8.244810818772052574e-01
8.160854682257211445e-01
8.398823800245622806e-01
8.862958016813167195e-01
8.992652411526770306e-01
9.218759349296457017e-01
9.401726046803102754e-01
9.582410684454926164e-01
9.705358671746056043e-01
9.880702117172155408e-01
9.880903128218498921e-01
9.912590652219027687e-01
9.917740957591880679e-01
1.009957333904803800e+00
1.009152136121113541e+00
1.006566124775090998e+00
1.000066786097639326e+00
9.932474966224374979e-01
9.602028182642976528e-01
9.246917727488489502e-01
8.724002652427547133e-01
8.305855271626766401e-01
7.800888830075473068e-01
7.258149997409478749e-01
7.298039741065089903e-01
7.326633787783948248e-01
7.280488826606889008e-01
7.472137964675573674e-01
7.589956090912235442e-01
8.155342898638503479e-01
8.454267520518449208e-01
8.840931628158777977e-01
9.171985125997990096e-01
9.226057970505694428e-01
9.191406938315610509e-01
9.060125599932218332e-01
9.047895173310506189e-01
9.147638141134865064e-01
9.157487754178169626e-01
9.236639505577685094e-01
9.212106905135456492e-01
9.166021380910432947e-01
9.156248517444305346e-01
9.250402530657432232e-01
9.374185163983107527e-01
9.367079582284090211e-01
9.285597826670640709e-01
9.142022930391474622e-01
8.904167269330413026e-01
8.828366920776610227e-01
9.161683831648453902e-01
9.197112392322962515e-01
9.291421245759204917e-01
9.336801475517848559e-01
9.301303020306992408e-01
9.303602709790648184e-01
9.445717358672313102e-01
9.440856669789504663e-01
9.369056556031333249e-01
9.397493697298774373e-01
9.576576455204914851e-01
9.668998857153845439e-01
9.651917209044130752e-01
