2.250000000000000056e-01
0.000000000000000000e+00
0.000000000000000000e+00
0.000000000000000000e+00
0.000000000000000000e+00
0.000000000000000000e+00
0.000000000000000000e+00
0.000000000000000000e+00
0.000000000000000000e+00
1.757008859526161038e+00
1.756797418842512171e+00
1.735551712413235803e+00
1.734449746479065357e+00
1.740563294335005118e+00
1.721287696330602524e+00
1.720060607759990479e+00
1.703923619416166435e+00
1.680986898572190302e+00
1.632850916219848347e+00
1.554815588656681014e+00
1.508485930542015518e+00
1.399161128593992443e+00
1.308266777897527877e+00
1.332729073402727060e+00
1.281261214621070899e+00
1.253960443371347822e+00
1.224928218290682658e+00
1.190965534631392098e+00
1.047585375014080222e+00
1.093002573871996175e+00
1.042640317240062453e+00
9.759221286534692785e-01
9.758136158530641424e-01
9.688268037073664019e-01
9.448315862315506131e-01
9.132501538366936122e-01
9.027483419521795671e-01
8.792938519121985541e-01
8.472257765484610958e-01
8.466135813223614193e-01
8.563625722771858184e-01
9.204098081085860805e-01
9.436824419582910961e-01
9.656164945651082299e-01
1.006217441221936459e+00
9.866847354222125777e-01
9.740382565856491315e-01
9.745926813460213944e-01
9.747709191556026553e-01
9.824777974236917899e-01
9.541754151891307378e-01
9.596574110440003746e-01
9.863163705283648497e-01
1.003964278492420092e+00
1.032835313011130296e+00
1.041483290236058679e+00
1.055767202968687535e+00
1.080921283509913566e+00
1.073347070190373120e+00
1.090448361271973532e+00
1.102624088464095653e+00
1.134619341454922159e+00
1.145408852514386622e+00
1.139194234061021493e+00
1.137180189037402478e+00
1.124910512207549118e+00
1.115770044145800055e+00
1.107738941090472551e+00
1.113148529845483736e+00
1.105710331784479195e+00
1.102772614793816164e+00
1.106788713769867760e+00
1.109070103785265937e+00
1.111141348292951969e+00
1.096268828988958166e+00
1.062516038368006566e+00
1.032297836682798842e+00
1.035617068972601640e+00
1.025553993414800358e+00
1.010977044410638070e+00
1.002748220208265595e+00
1.028730906689230284e+00
1.050630004763223768e+00
1.069635495194430463e+00
1.097398399710842298e+00
1.111362938796341071e+00
1.113608482665720212e+00
1.117128574600293911e+00
1.120532412978561876e+00
1.144897983742642955e+00
1.152402600896503815e+00
1.150839406913956697e+00
1.130564410264300212e+00
1.106333824442192970e+00
1.070726412977302866e+00
1.052998485700891163e+00
1.041835600801344963e+00
1.044297905079258459e+00
1.058304545635383009e+00
1.064710969846812461e+00
