2.250000000000000056e-01
0.000000000000000000e+00
9.457069820150827699e-02
1.244880763579410965e-01
1.251835165940962113e-01
1.747297929578285336e-01
1.774754162783337696e-01
2.303537596973667667e-01
2.129803644033005650e-01
2.104918290426998628e-01
1.913459674712037206e-01
2.347866951695627147e-01
2.316024365899546356e-01
2.672637052467793373e-01
2.616573328302059798e-01
2.625183100821514293e-01
3.029809115833442257e-01
2.983161921523181381e-01
3.442735044505325637e-01
3.364597271681647461e-01
3.401563813104369061e-01
3.717845940535420834e-01
3.882667395095417140e-01
3.885793155946318245e-01
4.421497443804493499e-01
4.635270806179044301e-01
5.325435808356979717e-01
4.958349246295256085e-01
5.286120020615392434e-01
5.945792453980383030e-01
7.007640700815491730e-01
7.168162666017148243e-01
9.330302702333813647e-01
9.742496317604452116e-01
1.017175802590015055e+00
1.072043225120190568e+00
1.061295707210718753e+00
1.066344271777125874e+00
1.049915609867389410e+00
1.023498631182662377e+00
9.940995106233220246e-01
9.914760908427986408e-01
9.731409121406091600e-01
9.324208223441179388e-01
8.682715326783673193e-01
8.385174664959257340e-01
8.346475157591122240e-01
8.249908546053327241e-01
9.158505382450511378e-01
9.466424088199010267e-01
9.532286592809768866e-01
9.772568856333432308e-01
1.012049723205701968e+00
1.019452635902883264e+00
1.079809429299285028e+00
1.100107444816144753e+00
1.109736630611252162e+00
1.114795479359230068e+00
1.129207561615202859e+00
1.129451812108614561e+00
1.141102702110931011e+00
1.157134815089766455e+00
1.158459685175167175e+00
1.182689150988759152e+00
1.216748273709534756e+00
1.230740033684275314e+00
1.321266659754304351e+00
1.373870135813834992e+00
1.415368444774835144e+00
1.472087835057219296e+00
1.471033800505430200e+00
1.479069628123918179e+00
1.465287168413932806e+00
1.486385617490149968e+00
1.511180084123840750e+00
1.508235995552955400e+00
1.495965397895918425e+00
1.548169286615212581e+00
1.581513339019996467e+00
1.579245837824015064e+00
1.584522482944510591e+00
1.589708788695488151e+00
1.575877236585068619e+00
1.551632332302536277e+00
1.528459333596770664e+00
1.504889463758380730e+00
1.472792108841603387e+00
1.445141341475152608e+00
1.409684825787768103e+00
1.381488826994090369e+00
1.356524972606907076e+00
1.333943882597199426e+00
1.297702569107661352e+00
1.274530942543042222e+00
1.261353228814925620e+00
1.240688333489396555e+00
1.217016556642704916e+00
1.198412382140664922e+00
1.188489976090227440e+00
1.195532632477988910e+00
