2.250000000000000056e-01
0.000000000000000000e+00
0.000000000000000000e+00
8.485722526254477760e-01
8.464694485607360264e-01
8.412069037964224893e-01
7.514695809154291473e-01
7.077937051708560467e-01
7.394783532109802104e-01
7.403125317249745763e-01
7.614742057707697409e-01
7.548923086380227021e-01
7.644972213183094389e-01
7.640590726841269831e-01
7.862749680456463386e-01
7.795920059903884702e-01
7.797715110487486445e-01
7.879665557106849683e-01
7.933894298229056119e-01
7.857919966407093115e-01
8.041990986662475027e-01
8.121337037043833140e-01
8.153369208054630501e-01
8.262165015144633529e-01
8.351161048815999299e-01
8.491339109105321414e-01
8.530212341763353523e-01
8.503891975788052671e-01
8.481958786416831098e-01
8.454434030966572200e-01
8.424109364317639015e-01
8.466637510233421260e-01
8.484402492347723479e-01
8.506468828012008210e-01
8.468426041331822418e-01
8.407848873252323774e-01
8.319845303322666030e-01
8.383366838448021996e-01
8.408921972509935117e-01
8.433320706740125017e-01
8.521993220138719405e-01
8.381602170407347341e-01
8.230454618076410434e-01
8.215046980586783176e-01
8.252876704528823160e-01
8.129935835766900487e-01
8.153947792224732760e-01
8.160012542656098766e-01
8.178351577294858954e-01
8.181551214553414164e-01
8.212527351966580902e-01
8.231101486569075698e-01
8.258906517794077917e-01
8.308741103353211033e-01
8.306726300810781671e-01
8.337620774013425606e-01
8.357896248626373037e-01
8.367639688033313705e-01
8.314236974012689796e-01
8.343923631923646500e-01
8.411189113793811067e-01
8.369532609396100886e-01
8.340319984976953815e-01
8.320619920613826492e-01
8.271162099853156535e-01
8.133438610017740267e-01
8.067486162784061055e-01
8.075148535317296927e-01
8.022892829552414895e-01
8.101201904888728489e-01
8.189204171371330387e-01
8.252128846293919073e-01
8.188733904244632766e-01
8.220023883205986870e-01
8.247224783567392858e-01
8.262989039177445205e-01
8.220633509719296184e-01
8.214684620221472944e-01
8.220059022817750582e-01
8.252596138755606825e-01
8.235658906721503580e-01
8.184559090382974578e-01
8.131551064267809048e-01
8.110121892130828236e-01
8.124645003782038355e-01
8.124180803998312106e-01
8.170834729230386229e-01
8.224473509320392450e-01
8.251985020427744510e-01
8.292772514426084429e-01
8.290618053877414351e-01
8.248468286686002626e-01
8.235401091298172327e-01
8.280890902668925913e-01
8.251069244403297365e-01
8.264468193710275967e-01
8.271269635648527130e-01
8.285015882045799751e-01
8.371655596930634990e-01
8.383156752143970936e-01
