2.250000000000000056e-01
0.000000000000000000e+00
0.000000000000000000e+00
0.000000000000000000e+00
0.000000000000000000e+00
0.000000000000000000e+00
3.706940304971014788e-01
3.706946278699103647e-01
4.028811752644407829e-01
4.127955674820445453e-01
4.260598788515924107e-01
4.544726285026561285e-01
4.578980420413878427e-01
4.659816071705610296e-01
4.624754772866212504e-01
5.023199562755656933e-01
4.507718869136320694e-01
3.855136509605154860e-01
3.964401520152567859e-01
4.201202490902898878e-01
4.130101696097778219e-01
3.979366626704400889e-01
4.124241558161239052e-01
4.217734565037392636e-01
4.274052356585090751e-01
8.013872669634007906e-01
8.584499456998143652e-01
8.989524399390985687e-01
8.823222432363282408e-01
8.728402897510503244e-01
8.647816569113270235e-01
8.674442904890483641e-01
8.542539786219697229e-01
8.610847833354459135e-01
8.590487573011090783e-01
8.531009142023688874e-01
8.586125443429133419e-01
9.019411441130978924e-01
9.164058451164461827e-01
9.169486916797522369e-01
9.167071345552511019e-01
9.140414180359440754e-01
8.962738801463354665e-01
8.651361139439573966e-01
8.791577887225309196e-01
9.069254842251763815e-01
9.266372117510037754e-01
9.381830663729622266e-01
9.393766359095355734e-01
9.436671341129163615e-01
9.556142060217073242e-01
9.560552771404694505e-01
9.658368677631248289e-01
9.714615305465537087e-01
9.817062114485729518e-01
9.841007712696492327e-01
1.004731778929173425e+00
1.009942261940806940e+00
9.727461320208617979e-01
9.346741073531521504e-01
9.472752975633699224e-01
9.480396035929481435e-01
9.525960820680521302e-01
9.609225820816594821e-01
9.667355573442798500e-01
9.735267881828214565e-01
9.869800763682079481e-01
9.847294272744100407e-01
9.843358833956240561e-01
9.650090717127438600e-01
9.466535511673753733e-01
9.354046452398938616e-01
9.315475399942365620e-01
9.281543307535292664e-01
9.149493235815122638e-01
9.128452001955502659e-01
9.054041643869326084e-01
9.018414461170336516e-01
9.012687150938564207e-01
8.953436594591482889e-01
8.830748061398332460e-01
8.743319850080110145e-01
8.743789519899115570e-01
8.599260883960140323e-01
8.588993931547834748e-01
8.556145763934208670e-01
8.582008352108984051e-01
8.631136935201157989e-01
8.685350329314098783e-01
8.787210342437200561e-01
8.759742147316922356e-01
8.764657282451072673e-01
8.774289358865348110e-01
8.740921765699215529e-01
8.758550927334350922e-01
8.751264874765786184e-01
8.747512333469381618e-01
8.754184809442022708e-01
8.823670039684170519e-01
8.992346652913393301e-01
