2.250000000000000056e-01
0.000000000000000000e+00
0.000000000000000000e+00
2.715344916346627002e-01
8.334708591313236825e-01
7.929442967773905337e-01
7.184735525131373812e-01
7.273972651836962955e-01
6.737572177761206316e-01
6.639755486729567169e-01
7.055004767393280307e-01
7.147686433295572517e-01
7.580673560671395972e-01
7.656589186915738754e-01
7.702386163285244169e-01
7.839682966170743450e-01
7.866395833561533601e-01
7.970340481693859447e-01
8.066302185721745399e-01
8.062548929588383428e-01
8.123193878851309169e-01
8.270750417704499924e-01
8.389862116299456885e-01
8.423235761066445448e-01
8.619513222818898646e-01
8.765616248228877971e-01
8.828289752417565195e-01
8.889191864457901548e-01
8.974016117527785497e-01
9.002967343609925566e-01
8.965750209923549763e-01
8.877457288719863282e-01
8.854647900839992536e-01
8.776308292502027486e-01
8.621320223402683114e-01
8.582252841282148603e-01
8.529086493421901283e-01
8.453787915837839284e-01
8.379392641031864208e-01
8.337983308186901477e-01
8.327766009664510083e-01
8.363523182061851635e-01
8.280209156223319322e-01
8.244288619215783820e-01
8.203074725268509892e-01
8.122391434326123871e-01
8.036762330441524771e-01
8.047596133547061381e-01
8.120024393331148893e-01
8.213951681136162364e-01
8.340997782093840796e-01
8.309376370191087213e-01
8.297103355828199245e-01
8.299983779657422733e-01
8.325090105244897787e-01
8.401711523606111287e-01
8.369568294938692921e-01
8.351378712874121257e-01
8.344126517245084029e-01
8.353606481017590291e-01
8.371195744028593344e-01
8.364891922984762918e-01
8.369741904740999328e-01
8.319809054292114370e-01
8.302467661897002804e-01
8.335545688491796668e-01
8.368612954428896744e-01
8.374733861210038599e-01
8.355079719140162675e-01
8.343815612097844614e-01
8.307457078292892483e-01
8.335711270000178974e-01
8.332178715298313998e-01
8.310007123550477992e-01
8.302366514334136305e-01
8.241563573029482281e-01
8.204994278477245606e-01
8.185375194796795650e-01
8.193100251106788523e-01
8.205813285496498244e-01
8.186053982526497741e-01
8.177330122441784921e-01
8.179520691719623926e-01
8.076410427991398411e-01
8.082682500265374603e-01
8.088867762543842099e-01
8.056187696130850950e-01
7.998360503242544217e-01
8.055749458951279030e-01
8.032204658985696577e-01
7.965449962876408607e-01
7.955906262904663961e-01
7.992782517631182859e-01
8.000296120459854388e-01
8.015030919719677849e-01
8.006597872747861500e-01
7.960575025971250440e-01
7.970316980787947037e-01
7.925814016662280359e-01
7.899242733596611998e-01
