2.250000000000000056e-01
0.000000000000000000e+00
0.000000000000000000e+00
7.341294465121234181e-02
7.157731498833101724e-02
9.658901131058565681e-02
9.704126966441461999e-02
8.969457888616635954e-02
1.214198509065547021e-01
1.255116926060460825e-01
1.371574330293857946e-01
1.726527696155812364e-01
1.858151253880833687e-01
1.898880549683927277e-01
2.085853319048056598e-01
2.288853608536491613e-01
2.743875875858501345e-01
3.066603514784918549e-01
3.492728439458340772e-01
3.760376001978087968e-01
3.798391417038207152e-01
4.056257782313280047e-01
4.466846640355460751e-01
4.985572954970529658e-01
4.926995089335852729e-01
4.946929870208462421e-01
4.724928365622610982e-01
4.896273968942318477e-01
4.906530009103454160e-01
4.864035393048076195e-01
5.057957693155504808e-01
5.110942204288418944e-01
5.213163618693333889e-01
5.215852478198960140e-01
5.268239895897944836e-01
5.392745953186498520e-01
5.371784824420394733e-01
5.445925032130234378e-01
5.495235986910542714e-01
5.578287506416131913e-01
5.660323977743139112e-01
5.690846551446191448e-01
5.815144143996981985e-01
5.853829469359895787e-01
5.804324020011217833e-01
5.876417301680404437e-01
5.804130889408019023e-01
5.776295758680030090e-01
5.772855328153138066e-01
5.785329522734643515e-01
5.807260571978848374e-01
5.849806679917836094e-01
5.893502763784148613e-01
5.881409354775577469e-01
5.908703601324527543e-01
5.927892022559271279e-01
5.980687824799831853e-01
5.987374303700357947e-01
6.026194806672383608e-01
6.027138569624016506e-01
6.052352734777463050e-01
6.062539824189153714e-01
6.079519915059327095e-01
6.068564881463905936e-01
6.025282980955871670e-01
5.988299944988308976e-01
6.017460890801485940e-01
6.011507127102408976e-01
5.985897513797600045e-01
5.959720176521218216e-01
5.936073564878784348e-01
5.927707553327824508e-01
5.879038244375779376e-01
5.826235707660617491e-01
5.817836456647565990e-01
5.839066238104546613e-01
5.861051283655437372e-01
5.893168280515301838e-01
5.937816732503273798e-01
5.978779556606190759e-01
6.045235402324672380e-01
6.061852418798335806e-01
6.102984366025239193e-01
6.076117604518026516e-01
6.058217357744100084e-01
6.086751522865140318e-01
6.076652970357091510e-01
6.067548772783049049e-01
6.046577254353641129e-01
6.038711431151229103e-01
6.068110245260691649e-01
6.027891077310739698e-01
6.010913011457605926e-01
5.942993485337364490e-01
5.904362921719361612e-01
5.894745371872649464e-01
5.919229810704051964e-01
5.966310980744696790e-01
5.988400670034885742e-01
6.008508685233326929e-01
