2.250000000000000056e-01
0.000000000000000000e+00
0.000000000000000000e+00
0.000000000000000000e+00
0.000000000000000000e+00
0.000000000000000000e+00
0.000000000000000000e+00
0.000000000000000000e+00
0.000000000000000000e+00
0.000000000000000000e+00
0.000000000000000000e+00
0.000000000000000000e+00
0.000000000000000000e+00
2.951431215315831746e-01
5.062051595153660433e-01
9.283800056385037580e-01
1.203620811709330329e+00
1.489132304519196648e+00
1.514034710646391391e+00
1.528051568568596474e+00
1.535639247451364930e+00
1.544646276600376567e+00
1.448038398299430707e+00
1.450618313350979571e+00
1.429035515474766704e+00
1.501561015011663835e+00
1.588579870626063428e+00
1.581910466779262503e+00
1.578171679929094129e+00
1.580349536889283479e+00
1.568032431433581841e+00
1.557934609496040679e+00
1.544093723778847904e+00
1.527703242298157127e+00
1.565017601318676288e+00
1.582370079367853455e+00
1.599109646949297359e+00
1.593979163051609138e+00
1.612813579730925984e+00
1.627944917003879333e+00
1.628191233261790938e+00
1.635361350274917358e+00
1.646448544989487672e+00
1.638965461276639779e+00
1.637510190028485413e+00
1.639666439438445922e+00
1.650003555156902557e+00
1.659331895028197446e+00
1.670315295920943521e+00
1.676080708826513943e+00
1.696378266402709389e+00
1.696876538087334518e+00
1.708397641080994900e+00
1.717509912481472334e+00
1.721105820748518589e+00
1.730578337248956267e+00
1.735704323938733307e+00
1.740242682980225997e+00
1.744870126452300774e+00
1.747336413784601916e+00
1.748660564177732413e+00
1.748252063124924316e+00
1.743188683383023463e+00
1.742638588067477956e+00
1.737454782963237188e+00
1.734966001345657594e+00
1.735222425123555734e+00
1.733238670241420198e+00
1.739753518133564603e+00
1.737319672813439686e+00
1.743334264762030683e+00
1.743258474569870264e+00
1.740734211210789528e+00
1.738405352624076361e+00
1.742217623254158410e+00
1.744087287561109978e+00
1.743363800545184139e+00
1.744086258809904422e+00
1.746137915856607048e+00
1.744131019239334002e+00
1.743417574390138336e+00
1.739414519061337261e+00
1.736434951799938009e+00
1.730027368022077239e+00
1.723918886775469339e+00
1.720905796082995876e+00
1.715116799585620022e+00
1.713664822025138035e+00
1.708916158583305478e+00
1.705984405319916020e+00
1.700650531192441806e+00
1.698005764617765756e+00
1.684423796952653651e+00
1.687092820864653397e+00
1.687725741949370750e+00
1.692098306355765969e+00
1.695983137315777212e+00
1.701435508970943422e+00
1.702281119493074257e+00
1.707032418721266431e+00
