2.250000000000000056e-01
0.000000000000000000e+00
5.298035401618087503e-01
5.881839613636894448e-01
6.712727716977873182e-01
6.844092498852020201e-01
7.043500138317925208e-01
7.652691582840789319e-01
7.720449722920503799e-01
7.783248444416489553e-01
7.836068913416587289e-01
7.615237509344821021e-01
7.155842701631148772e-01
6.549445446414247085e-01
6.348203379572898708e-01
5.944599014096504375e-01
6.562348801751710647e-01
6.741891967188420320e-01
6.715126854529435141e-01
6.794405651211244956e-01
6.847498387554886712e-01
6.661634023291452822e-01
6.170373442559756727e-01
6.219747435871786356e-01
6.258307175732947814e-01
5.985361701517701860e-01
6.069082648854566830e-01
6.113262755855588537e-01
6.193016423778535673e-01
6.169877259248840451e-01
6.067133693286399510e-01
6.122621304513777840e-01
6.093211812266923211e-01
6.152609354141455045e-01
6.175117192720472881e-01
6.190474927912364977e-01
5.963173724183381541e-01
6.033567956596280757e-01
6.075137980280038708e-01
6.127400132835653102e-01
6.121316665010366753e-01
6.011154340731376111e-01
5.981781458271949736e-01
5.956249670416116082e-01
5.964930105245550562e-01
5.946904055038775283e-01
5.909949687037947541e-01
5.915074566656755017e-01
5.925660510362539268e-01
5.926000961829096525e-01
5.887830016873651928e-01
5.863771183156766265e-01
5.891099101243659764e-01
5.951198646735548214e-01
5.981029359004036428e-01
6.031444255645830310e-01
6.070842151918549590e-01
6.064451548920354318e-01
5.988586998629226166e-01
5.995784834883222114e-01
6.022249234604912793e-01
5.995560876292144181e-01
5.947841123376552686e-01
5.965999707469589186e-01
5.990030430443878950e-01
5.924359657379441035e-01
5.950505437120882091e-01
5.953669714343762243e-01
5.885042987392453684e-01
5.758965797851414159e-01
5.764914289904050637e-01
5.812381493025079449e-01
5.856966596548713877e-01
5.829542412008912322e-01
5.743969138659298368e-01
5.735182057451194693e-01
5.755196552251441444e-01
5.820826493272266422e-01
5.895312502221979889e-01
5.719345410015244102e-01
5.636867485221210838e-01
5.730720441329527626e-01
5.868421439623069391e-01
5.947040996966365123e-01
5.850517735264452179e-01
5.883486480482728043e-01
5.935417309121442386e-01
5.962520891984843807e-01
5.968613771292795578e-01
5.871117630531993425e-01
5.837388172959487864e-01
5.915861366908403696e-01
5.869811894871712621e-01
5.791638469572778503e-01
5.744440576935440079e-01
5.635056957865413052e-01
5.658264654895022172e-01
5.716379380652536479e-01
5.871795215090146458e-01
5.750233533726001323e-01
