2.250000000000000056e-01
0.000000000000000000e+00
0.000000000000000000e+00
0.000000000000000000e+00
0.000000000000000000e+00
0.000000000000000000e+00
0.000000000000000000e+00
0.000000000000000000e+00
0.000000000000000000e+00
0.000000000000000000e+00
0.000000000000000000e+00
0.000000000000000000e+00
0.000000000000000000e+00
0.000000000000000000e+00
0.000000000000000000e+00
1.205015197658013015e+00
1.221921474614559688e+00
1.241993980706350031e+00
1.275884700072869249e+00
1.267998859095429198e+00
1.247941508632263830e+00
1.254085154668538538e+00
1.158823414606217073e+00
1.141321350513900823e+00
1.092182967599693022e+00
1.062667541699742424e+00
1.036234601134075062e+00
1.007755186413033854e+00
9.569758855186248914e-01
9.760951983352080807e-01
9.294912502249831343e-01
9.174355322089597919e-01
9.307411574059315518e-01
9.082617240119242874e-01
9.023006027076966307e-01
8.766757711189121505e-01
8.424702486068286200e-01
8.373557784644098945e-01
8.413688470920540619e-01
8.260464631342187003e-01
8.314272965967418605e-01
8.354867979576543480e-01
8.289718177878618866e-01
8.451335730012360381e-01
8.398519919440816661e-01
8.355751716371119242e-01
8.391635097339644744e-01
8.385605956959378826e-01
8.363147079133607109e-01
8.407173227275616112e-01
8.355235550799099409e-01
8.385398129619525687e-01
8.324484425127960385e-01
8.307978232680058861e-01
8.224005618471217360e-01
8.183387547928829830e-01
8.120425362873524566e-01
8.191069677996937193e-01
8.217461865438503432e-01
8.261009616156574920e-01
8.240220736098269327e-01
8.279287247090596491e-01
8.200607244356941106e-01
8.231015506863131881e-01
8.195311260640548712e-01
8.181642539671588610e-01
8.193887971632056733e-01
8.247494451259530512e-01
8.359678931724644491e-01
8.481502489224514996e-01
8.491725500601754462e-01
8.451121551664857456e-01
8.459135254502192502e-01
8.517720014616818602e-01
8.544231528349636173e-01
8.670728573697682462e-01
8.707941032376588231e-01
8.773571494596127396e-01
8.828859611480706082e-01
8.941216319738326535e-01
8.922171386097108581e-01
8.915493848868091264e-01
8.909567520158885312e-01
8.868640138388591554e-01
8.963132525618202617e-01
9.023680543923299213e-01
8.991137960455212186e-01
8.892686844509065658e-01
8.914766456675030648e-01
8.905070248048053694e-01
8.844793387047237276e-01
8.768811185924161311e-01
8.676961046398959931e-01
8.638831086238858425e-01
8.602634115704262951e-01
8.625989700380106706e-01
8.629387088654910665e-01
8.584311257285838215e-01
8.649863686067923441e-01
8.647862715711491788e-01
