2.250000000000000056e-01
0.000000000000000000e+00
0.000000000000000000e+00
1.433856803397854041e+00
1.427284265170094102e+00
1.239710876403182560e+00
1.134258664296277086e+00
1.094545518303744913e+00
1.130700750298949231e+00
1.122450837055041895e+00
1.121413239395526951e+00
1.150210988363114417e+00
1.099581094538983894e+00
1.089326735930509438e+00
1.093075711620645540e+00
1.096287382287822298e+00
1.064805224767957137e+00
1.079849638161619607e+00
1.059607996522440754e+00
1.059146278789593110e+00
1.087364505101260370e+00
1.108557851774462533e+00
1.086730114929013835e+00
1.084466061243569257e+00
1.083199543117226993e+00
1.086415301618780749e+00
1.080450957218281216e+00
1.067790539901142033e+00
1.071316600309549338e+00
1.078505464851765572e+00
1.077811403563032178e+00
1.084683155637916396e+00
1.101793846246891029e+00
1.117471573976164478e+00
1.122856280134960416e+00
1.123637714713647817e+00
1.116700780414212169e+00
1.114221202950604228e+00
1.110150738513019819e+00
1.099986150348476244e+00
1.106798383017810306e+00
1.113336859100463760e+00
1.120546314607950844e+00
1.121879986536894247e+00
1.130788028753160868e+00
1.125513663104754869e+00
1.123345143880424057e+00
1.124222757026186459e+00
1.122244698248298977e+00
1.120079186284405504e+00
1.113934324322818803e+00
1.105395340366794654e+00
1.094571261233473480e+00
1.084085674681378952e+00
1.070539299405050215e+00
1.044594490975508050e+00
1.035705624480559361e+00
1.008762816563978815e+00
1.016875528189027378e+00
1.041606850014655361e+00
1.128599658437791531e+00
1.118773111206554205e+00
1.119179796790439330e+00
1.117995168332756473e+00
1.094436495419913946e+00
1.076634175233595503e+00
1.064993759405948204e+00
1.048817865983288522e+00
1.055836129845065363e+00
1.048615148045993095e+00
1.056713500652157522e+00
1.053737427861374254e+00
1.059951096001212845e+00
1.075102090375681607e+00
1.085738485625999949e+00
1.093539834925267185e+00
1.095191821734255555e+00
1.095058255862269680e+00
1.094886745742735812e+00
1.097115011874969959e+00
1.087762477019615481e+00
1.090697341016605870e+00
1.097384042058779263e+00
1.106974757273360144e+00
1.110505728073058807e+00
1.121395726284228012e+00
1.126945235809836410e+00
1.124879895671682117e+00
1.126355252401791684e+00
1.127887949288112868e+00
1.124496693632723643e+00
1.119398472833373681e+00
1.120450969844476674e+00
1.119248687608007442e+00
1.123441874667808094e+00
1.132910516789559896e+00
1.131887605881211734e+00
1.150125591488040611e+00
1.153066369627347099e+00
1.141406603750346749e+00
