2.250000000000000056e-01
0.000000000000000000e+00
1.654020169983329236e+00
1.845260333118595497e+00
1.768616147019274498e+00
1.711993991188373254e+00
1.728158066379117175e+00
1.694859105774009000e+00
1.662570960798052333e+00
1.638379968078836901e+00
1.594816074143729834e+00
1.551401399432791761e+00
1.514538089099478846e+00
1.482638957652958167e+00
1.449178001430280860e+00
1.414333235632876384e+00
1.383690875040382240e+00
1.358699901835547674e+00
1.317186589501888827e+00
1.356678071774705341e+00
1.272899227583429216e+00
1.262456445570850017e+00
1.262051746243752381e+00
1.254537160662594353e+00
1.255140384850055968e+00
1.244583865580096038e+00
1.239810769448284278e+00
1.236395006030269084e+00
1.226574774121134803e+00
1.226034651102129169e+00
1.207593759339949280e+00
1.189172334828849431e+00
1.188038486209319844e+00
1.163535844983502043e+00
1.169165379437104191e+00
1.133038256750836359e+00
1.135840718753361900e+00
1.109348588822698822e+00
1.096942070192930441e+00
1.309487549248438798e+00
1.302950963205530277e+00
1.274023115793196270e+00
1.249783888236731588e+00
1.270626386657693674e+00
1.481537062345958278e+00
1.596213073783435465e+00
1.548290351180764413e+00
1.541822887209512771e+00
1.564208753960382392e+00
1.578534362151466031e+00
1.567583803305837131e+00
1.556954744398808543e+00
1.538363405923024008e+00
1.529291734163688243e+00
1.492180437410645322e+00
1.387457983496027003e+00
1.238446033951796865e+00
1.193200200246856690e+00
1.189646028001244416e+00
1.232914296523636377e+00
1.284205207270082916e+00
1.288268573582163512e+00
1.307039314447681289e+00
1.313167235472508798e+00
1.318738884622639107e+00
1.326396614487193037e+00
1.325831153228264503e+00
1.320474026910965160e+00
1.317024159773756864e+00
1.318102203664355931e+00
1.311977236519078049e+00
1.323132633792493795e+00
1.406165511559593462e+00
1.444068427875518923e+00
1.458810172642386327e+00
1.478427570437847116e+00
1.482490779129293168e+00
1.475000386540977981e+00
1.463671298381780339e+00
1.463792942416308973e+00
1.445198308933911546e+00
1.395154656075552557e+00
1.349812974727988557e+00
1.276964491876618535e+00
1.197993380334461122e+00
1.132328036166991847e+00
1.078140720318566670e+00
1.047063174239550642e+00
1.038287709020770500e+00
1.037655288563037459e+00
1.053002839806082447e+00
1.072772211176036272e+00
1.092322199670919813e+00
1.120321914337232272e+00
1.201053979863406784e+00
1.243156340596766718e+00
1.264101526338416770e+00
1.303595743377608418e+00
1.313004280299710613e+00
1.312219807053689680e+00
