2.250000000000000056e-01
0.000000000000000000e+00
0.000000000000000000e+00
0.000000000000000000e+00
0.000000000000000000e+00
0.000000000000000000e+00
0.000000000000000000e+00
0.000000000000000000e+00
0.000000000000000000e+00
1.433128638416395706e+00
1.433128638416395706e+00
1.433128638416395706e+00
1.295691011403423687e+00
9.030932002367376699e-01
7.245192168098968377e-01
6.981850037079804228e-01
7.550666422657751342e-01
1.021281650645166961e+00
1.044008037872450334e+00
1.007586008904206132e+00
1.006411119383175068e+00
9.625346200890915194e-01
9.204698054514275363e-01
9.377436106183900666e-01
9.980163636346892631e-01
1.014811713701858187e+00
1.018248587151987739e+00
1.045452011508973822e+00
1.056688436803324693e+00
1.071047908355456713e+00
1.074693559667991405e+00
1.069212414626990792e+00
1.078855652939130660e+00
1.067341071730379287e+00
1.056394403970612350e+00
1.027648327162422159e+00
1.015712802804565884e+00
1.026315161947963572e+00
1.030993612190657993e+00
1.061102317820170837e+00
1.064172616402657479e+00
1.022847920534935451e+00
9.699690362558531787e-01
9.329872591769976520e-01
9.093416407126254652e-01
9.105324773337705180e-01
9.117163669142896998e-01
9.155041910267185390e-01
9.377252248023753012e-01
9.689453603550595151e-01
9.570975955624277942e-01
9.558341660682064811e-01
9.804343560789489098e-01
9.880917732863420122e-01
1.001305959986570127e+00
1.057103717285815980e+00
1.081839053836472164e+00
1.081474124815013704e+00
1.073890132019448496e+00
1.055453783343960783e+00
1.046818927158193580e+00
1.039101879866946021e+00
1.029345541391948560e+00
1.025684786096966894e+00
1.028405568425442729e+00
1.030724276869265044e+00
1.023072272695597196e+00
1.017126690816284151e+00
1.012738925526165623e+00
1.009381735869269159e+00
1.021581365861543134e+00
1.045782829792288204e+00
1.053492987475883380e+00
1.051026311171765704e+00
1.045943071119416423e+00
1.045193717157210767e+00
1.039661434489315806e+00
1.031055642759993285e+00
1.030039469178221090e+00
1.031277177568072689e+00
1.048933109784449424e+00
1.056749073069330747e+00
1.057130253381762364e+00
1.080971035418744952e+00
1.088886744557289399e+00
1.089878014062429123e+00
1.098788781125031866e+00
1.104907032828591706e+00
1.105372111576753635e+00
1.104632453874368148e+00
1.101572341996902571e+00
1.101666774025051643e+00
1.078542221380238031e+00
1.070807776072318251e+00
1.064244383914971115e+00
1.054837729084234788e+00
1.039512991145323584e+00
1.024021218312137993e+00
1.047510222038755323e+00
1.070992130857521429e+00
