2.250000000000000056e-01
0.000000000000000000e+00
1.857223825293903008e-01
1.857223685411401315e-01
2.488290522448983466e-01
2.499407028938590847e-01
2.325428862973715483e-01
2.807376980295034352e-01
2.809921459193732707e-01
2.809825446718257069e-01
3.338534306413553643e-01
3.480297161938408212e-01
3.504866822217657663e-01
3.413676874270604733e-01
4.104217283150302653e-01
4.075085366171036783e-01
4.098823102709307498e-01
4.127452145295957830e-01
4.678460706583670303e-01
4.660313306456595472e-01
4.643828528780378218e-01
4.667229608527779794e-01
5.176539841785394724e-01
5.215047744260467022e-01
5.232512485217026832e-01
5.350817059758044003e-01
5.580217895882030321e-01
6.011725615371419362e-01
6.086780667565429015e-01
6.114932533581157736e-01
4.799033533826442266e-01
4.831749713802610535e-01
4.747772344291814051e-01
4.487852401634306876e-01
4.475821978381471222e-01
4.727120256333465775e-01
4.663325697127979619e-01
4.736855782376832580e-01
5.086695956191760182e-01
5.106039238798387725e-01
5.263289082647785166e-01
5.390476980576205390e-01
5.563059239623072694e-01
5.948073983902990580e-01
6.636548660106286190e-01
7.408056757235277345e-01
8.545795541523906191e-01
8.970138224826146311e-01
9.400835653069431475e-01
9.492722225709417927e-01
9.762014394978849596e-01
9.924655224078473559e-01
1.004041172734647658e+00
1.028860061742974619e+00
1.040350383537209433e+00
1.047569970701051290e+00
1.062053455688105164e+00
1.076668097690151482e+00
1.093031068310295506e+00
1.101560772593135340e+00
1.099011409207183210e+00
1.102016450017728522e+00
1.118780804209945190e+00
1.156036372614458019e+00
1.149796168862032175e+00
1.170098567180944737e+00
1.200116495510280545e+00
1.193504514586924747e+00
1.210102165493341930e+00
1.195563449275504064e+00
1.192592317842448235e+00
1.211938178137673905e+00
1.208754417201764353e+00
1.258334998973356100e+00
1.266323232195980530e+00
1.268308241310710294e+00
1.275877624158469281e+00
1.268973097535508021e+00
1.257120243972632556e+00
1.242599922396749212e+00
1.240580488090536448e+00
1.256894017007258002e+00
1.246931008607323088e+00
1.215727666570263876e+00
1.201969570668695253e+00
1.185315302832944839e+00
1.177608709495929107e+00
1.164083799143409204e+00
1.159825243163398634e+00
1.159310923042454977e+00
1.181092524503938090e+00
1.202878829247036263e+00
1.216469827625366040e+00
1.234303590203563283e+00
1.249789638691362725e+00
1.263436303760250068e+00
1.258268419640470537e+00
1.258027814141672751e+00
1.256204371955227606e+00
1.263463112083211159e+00
