2.250000000000000056e-01
0.000000000000000000e+00
0.000000000000000000e+00
0.000000000000000000e+00
0.000000000000000000e+00
1.884876523207979493e-01
2.114280450710591119e-01
2.306218392591092570e-01
2.502770608592935209e-01
2.711812194136366538e-01
2.906113283198045738e-01
2.977057996325051525e-01
3.194536238040286413e-01
3.402110693194803637e-01
3.580748587932736093e-01
3.847356584209363772e-01
3.965266382366454678e-01
4.161327577201363592e-01
4.432995743190993876e-01
5.517417066138640136e-01
5.603145702613270274e-01
5.859803711835455120e-01
5.850500643726849193e-01
5.698084466993543762e-01
6.022746641147173063e-01
5.953961244626021498e-01
5.996582956861068459e-01
5.867120386354575112e-01
6.049136055822205149e-01
6.091975732418437595e-01
6.323800714714972182e-01
6.348003370610796336e-01
6.331445380316643723e-01
6.376061589600292567e-01
6.399443210174904362e-01
6.465325377886846914e-01
6.488689874344250041e-01
6.438833424384734494e-01
6.370498912159121563e-01
6.358758809260355305e-01
6.310286257121746623e-01
6.328693477686512248e-01
6.232722260837789685e-01
6.295066544831519062e-01
6.305773971722699045e-01
6.311051682465298462e-01
6.355335093206431196e-01
6.285160245199490348e-01
6.071368615545736924e-01
6.045089477681544476e-01
6.010817999802696709e-01
6.016461367861114518e-01
6.014894482195949355e-01
6.098621193707312038e-01
6.123488018727316629e-01
6.165286940525794845e-01
6.145545777167377155e-01
6.122073596804802342e-01
6.117233749857450276e-01
6.105635960743542867e-01
6.123371152131696915e-01
6.130056629434518234e-01
6.116029969191313365e-01
6.036406507075465777e-01
6.063368689880057616e-01
6.040972902206356299e-01
6.073884438360666049e-01
6.035500887838778361e-01
6.051764175426307402e-01
6.054683732035013310e-01
6.088039816306062280e-01
6.076794168031460774e-01
6.090957275421956529e-01
6.047705009872041959e-01
6.041465632466180846e-01
6.082189591268131190e-01
6.126268541429892300e-01
6.154371063464578739e-01
6.172741593954292894e-01
6.147560429776909308e-01
6.186697006386957520e-01
6.174798482004379974e-01
6.152855320026258124e-01
6.154797267856129128e-01
6.103561681107555481e-01
6.076168846652088007e-01
6.074883882237723798e-01
6.069555952738868720e-01
6.139830731853959112e-01
6.135496720250803726e-01
6.130252765867807430e-01
6.109900406842553311e-01
6.047445783509767248e-01
6.042973752577354141e-01
6.061972279569897148e-01
6.082999415936187759e-01
6.085397540027954744e-01
6.118633646711705287e-01
6.110155611729873870e-01
6.137978516718632926e-01
