2.250000000000000056e-01
0.000000000000000000e+00
0.000000000000000000e+00
0.000000000000000000e+00
0.000000000000000000e+00
0.000000000000000000e+00
0.000000000000000000e+00
0.000000000000000000e+00
0.000000000000000000e+00
2.306354742383927015e+00
2.305950656016773959e+00
2.098539947226079949e+00
1.938955206710752721e+00
1.668261115335608391e+00
1.572338571578122401e+00
1.457794959146874403e+00
1.448551427517112966e+00
1.352910346810923370e+00
1.359451209669600091e+00
1.315709833173187793e+00
1.171131414925174141e+00
1.184802339531513038e+00
1.227416455377807081e+00
1.308793832558222014e+00
1.322097931403637627e+00
1.345452706344118399e+00
1.419576462419022134e+00
1.413966235535334182e+00
1.337915832827358598e+00
1.355226467089610365e+00
1.331367756361664823e+00
1.294542688191021806e+00
1.271891642150504209e+00
1.294456928570701049e+00
1.273037306651900957e+00
1.288392581198032127e+00
1.319434589640443578e+00
1.350385548120988766e+00
1.345321829270602842e+00
1.354512158749221484e+00
1.341552649881198489e+00
1.323479684560005643e+00
1.313962717600652530e+00
1.292045026794004681e+00
1.306835498983875299e+00
1.296479730281054898e+00
1.304687772165850745e+00
1.286774154425199157e+00
1.251828226694893464e+00
1.243801794781830061e+00
1.237265768194069970e+00
1.238218145448171548e+00
1.234636228267981251e+00
1.231626828447681232e+00
1.227013126471037996e+00
1.249964679978707416e+00
1.254432997731996791e+00
1.252740812552320948e+00
1.234765402881458751e+00
1.230406977442498828e+00
1.231878115655003825e+00
1.219496524651273006e+00
1.232840867099010973e+00
1.213904535332500867e+00
1.219596161966642223e+00
1.232251727105224015e+00
1.236837408065714072e+00
1.238551227064906834e+00
1.224779562918781650e+00
1.217601999887742759e+00
1.203031919081226420e+00
1.213395008109595663e+00
1.210560774166240972e+00
1.214675980301684888e+00
1.234919063696299890e+00
1.228118748324518616e+00
1.213705152021670619e+00
1.213638124974193877e+00
1.211913937473199754e+00
1.202518942358828502e+00
1.201627275750647650e+00
1.198852092219963916e+00
1.194548281454054228e+00
1.194528071632908306e+00
1.189641549740846571e+00
1.177663297816540666e+00
1.174097443851028100e+00
1.173265358467786346e+00
1.170484908151577352e+00
1.164071700873934523e+00
1.151602031356795619e+00
1.147502277088348732e+00
1.144583841189481088e+00
1.138712401454074596e+00
1.138152558825533678e+00
1.134141778277312440e+00
1.130776187747348782e+00
1.135416216960965619e+00
1.134232674470926350e+00
1.129477560130295988e+00
