2.250000000000000056e-01
0.000000000000000000e+00
2.771973372025673399e-01
3.404100637569282273e-01
3.998550392834471223e-01
3.466639519640263845e-01
4.000932126346177231e-01
4.527704284366098619e-01
4.566662235571127271e-01
4.081110573612915515e-01
4.551728550049966016e-01
6.443006879018282618e-01
6.645010181107281477e-01
6.640842334670358227e-01
6.686281906057539581e-01
6.705063105855145755e-01
7.161259098089644004e-01
7.097400840849320547e-01
7.156742926648097525e-01
7.262237299783372846e-01
7.147661609381444903e-01
6.947023176857131110e-01
7.178984815369885419e-01
7.382336642515953118e-01
7.542098999821407190e-01
7.354117764797207801e-01
7.480544370266792864e-01
7.412644303967094173e-01
7.698556967375769222e-01
7.896832058078810945e-01
8.004533488962201071e-01
8.894218219522624924e-01
9.040844598608694938e-01
9.205128716942226896e-01
9.193195485951122237e-01
9.149644662766850400e-01
9.104731631085892785e-01
9.121366719422370206e-01
9.170847463941901312e-01
9.379811216101280325e-01
9.507622883240453016e-01
9.519213341081166346e-01
9.502173355668666055e-01
9.411466920428535055e-01
9.309363626235362954e-01
9.274660503617838669e-01
9.206729838702845115e-01
9.259116110831613344e-01
9.293512989110261913e-01
9.284730742394436964e-01
9.449637404250862405e-01
9.446694973587552724e-01
9.460749117951789966e-01
9.367893319973338295e-01
9.236999082853494247e-01
9.083100432632827959e-01
9.045396669984551163e-01
9.179395703083514935e-01
9.226027759550896601e-01
9.375197754790789428e-01
9.337498586104739928e-01
9.448947859598318955e-01
9.412380795718670035e-01
9.403618420639492381e-01
9.338099023326763559e-01
9.246889410620106053e-01
9.137786398081325645e-01
9.019858513485653484e-01
8.921724877860469638e-01
8.933434430593092390e-01
9.003336274677578022e-01
9.070838062627213372e-01
9.174083951165529216e-01
9.166773833086091505e-01
9.167543241915881991e-01
9.297722108737359603e-01
9.276310753030231337e-01
9.348735594159710560e-01
9.365399494764889976e-01
9.359940756771669701e-01
9.368834201630590330e-01
9.469886057386807110e-01
9.412507164303547391e-01
9.323831123319512582e-01
9.226428640492921884e-01
9.134516721903120917e-01
9.000793720691999678e-01
8.915072331308357967e-01
8.898481263522625140e-01
8.875409436164554133e-01
8.940552644911170521e-01
9.035446842079093432e-01
9.069476961159769202e-01
9.129977451857544946e-01
9.163139697200729517e-01
9.144997411379923724e-01
9.173815639511757603e-01
9.374186194245587300e-01
9.380651897940086581e-01
9.366833729984008761e-01
