2.250000000000000056e-01
0.000000000000000000e+00
0.000000000000000000e+00
0.000000000000000000e+00
9.819388866624914058e-01
9.819388866624914058e-01
9.192378703787179584e-01
9.697726906533641333e-01
8.956171323847702537e-01
8.295255406212385108e-01
9.211786237146616374e-01
8.836043796156346497e-01
9.029513659233876499e-01
8.866328964526257739e-01
9.052927625503510711e-01
9.736020328953391978e-01
9.836849037605089885e-01
9.696929596775879512e-01
9.701547509188059859e-01
9.841424641980097698e-01
9.721078744510106562e-01
9.726310498974530816e-01
9.562732046415896026e-01
9.584912397696534470e-01
9.483845692391821292e-01
9.333383228588899572e-01
9.196037939210258694e-01
8.987722893245405631e-01
8.869696359020007304e-01
8.646639226321770622e-01
8.498929418513001544e-01
8.372379438257050444e-01
8.252025526916348941e-01
8.146560812148777586e-01
7.932968834332527752e-01
7.851346410263895237e-01
7.720186014821044385e-01
7.670863890149296482e-01
7.573754091287305812e-01
7.419117237933764430e-01
7.369895780749902148e-01
7.282438417255424623e-01
7.112399658626340493e-01
7.034082044191196648e-01
6.882058110593216593e-01
6.777981015133202058e-01
6.739357539569139632e-01
6.774758716927042901e-01
6.831097789481929139e-01
6.892948872991865317e-01
6.885484963727993568e-01
7.014903120932440839e-01
7.042774425869551269e-01
7.121324141291252019e-01
7.408832596341625720e-01
7.580219790863857998e-01
7.645672610377391987e-01
7.760307762671350140e-01
7.738692626403712582e-01
7.848651469318926877e-01
7.958396073245461722e-01
8.035912608411899249e-01
8.046578095090334282e-01
8.097606025471818514e-01
8.108817955539042721e-01
8.192150643057067860e-01
8.287101991006998736e-01
8.332285934003906824e-01
8.358191754510241323e-01
8.390649374820359219e-01
8.463433003158664647e-01
8.460868002195990334e-01
8.399741534930770248e-01
8.373984557417069041e-01
8.298042959551815700e-01
8.270511086258182099e-01
8.195881322009748171e-01
8.156281965780988186e-01
8.132110128390688253e-01
8.060353374206181698e-01
8.044100091683998865e-01
8.006966480125096153e-01
8.038832878168070684e-01
8.012807148886030850e-01
8.033855727519280121e-01
8.044184410407243524e-01
8.006184583435135282e-01
7.927245399383440194e-01
7.913805411159299252e-01
7.908642317101104435e-01
7.943074658578026526e-01
8.005528602736565746e-01
8.050247402444186129e-01
8.173472059622599595e-01
8.234301001458136371e-01
8.276044923048498925e-01
8.276447014530349255e-01
8.295948883293764453e-01
8.290757305815041889e-01
8.345253216880873515e-01
