2.250000000000000056e-01
0.000000000000000000e+00
0.000000000000000000e+00
0.000000000000000000e+00
0.000000000000000000e+00
0.000000000000000000e+00
0.000000000000000000e+00
1.458990510522971906e+00
1.540856521891026176e+00
1.541091722252358798e+00
1.506443539016936617e+00
1.518435637933185589e+00
1.528393207629365591e+00
1.593064570758895293e+00
1.601558827134687002e+00
1.582915230621066760e+00
1.559595686544421822e+00
1.553534743892942771e+00
1.532268348698944127e+00
1.498227144443025516e+00
1.493335737343091996e+00
1.438291346947070615e+00
1.370010755418591408e+00
1.397328911871045909e+00
1.274947115081300986e+00
1.246179944615882329e+00
1.177580455997564002e+00
1.162479520052823734e+00
1.075981481237051618e+00
1.087950940547519174e+00
1.072196898800203524e+00
1.044211800608717988e+00
1.063931584155350940e+00
1.086667126727722366e+00
1.069613779098570472e+00
1.078357678355805316e+00
1.093015147468527237e+00
1.086172573633694682e+00
1.114790150540299063e+00
1.132181514640033582e+00
1.140181949629168079e+00
1.123026154252646513e+00
1.101630577548255552e+00
1.101872534047304342e+00
1.103884022137645138e+00
1.126907220198796855e+00
1.164728763861005989e+00
1.173539837325783708e+00
1.160323264645077845e+00
1.169933937312657379e+00
1.182786740571807105e+00
1.190484815273752384e+00
1.179108164642063805e+00
1.175618340842137455e+00
1.177872608798973042e+00
1.170836473091625862e+00
1.203838640445881181e+00
1.206967298381117715e+00
1.213170484440814212e+00
1.207929723212702866e+00
1.196584178619634953e+00
1.181400087969361579e+00
1.158780711223272197e+00
1.151848987318644379e+00
1.106561202651493270e+00
1.061340528631165014e+00
1.042632811693424255e+00
1.060890580715332154e+00
1.067841777667919434e+00
1.061720014287587333e+00
1.047648480305929608e+00
1.052563459325374096e+00
1.056778385011813981e+00
1.057258868001015761e+00
1.059068156130868577e+00
1.061286837678797834e+00
1.052609574293070560e+00
1.048542508490790226e+00
1.069429222390537060e+00
1.070614653156168439e+00
1.089583253995048517e+00
1.091623555798886036e+00
1.086408483461587471e+00
1.111497412506504467e+00
1.104436653650567202e+00
1.108433675777476868e+00
1.119653988533962030e+00
1.128300025958428821e+00
1.132389053960367820e+00
1.136309690255108640e+00
1.147952366517568601e+00
1.157711697576664367e+00
1.162381180243183598e+00
1.156271002031132644e+00
1.147877430077760552e+00
1.134110675493922527e+00
1.131889553497320566e+00
1.118985741857755567e+00
1.111972951848583469e+00
1.106466560551264022e+00
