2.250000000000000056e-01
0.000000000000000000e+00
0.000000000000000000e+00
3.080384167763588477e-01
2.329475981553767172e-01
2.549973176750035542e-01
3.115090049078957923e-01
2.877173745834713525e-01
2.814667962612559249e-01
3.196570754727304786e-01
3.590973857641069356e-01
3.584659891968448031e-01
3.851685049939408967e-01
4.104769158165176290e-01
4.379736741763250452e-01
4.446175003020094163e-01
4.816454107394912976e-01
5.137260561528015357e-01
5.110519667521256082e-01
5.557926065025298179e-01
5.246220865692640123e-01
4.812097762516893140e-01
4.292447809452516472e-01
6.093486405239640913e-01
7.125821617429820565e-01
7.721603423446314896e-01
7.934684003975271960e-01
8.456226561401615216e-01
8.485837928619872628e-01
8.407075005379543997e-01
8.412741561289207581e-01
8.262770565713453141e-01
8.215435546889746643e-01
8.569768987401330529e-01
9.068031820695562351e-01
9.535258919575759773e-01
1.035598451936735609e+00
1.061063732403151105e+00
1.108524550694047095e+00
1.114315576637060268e+00
1.104769054328182953e+00
1.113473715395949082e+00
1.099306927418373325e+00
1.080439474871798922e+00
1.058809568786528210e+00
1.039253137295062190e+00
1.020495576124895276e+00
1.035522485553147520e+00
1.035962877109474212e+00
1.077101567799034543e+00
1.107629483286655780e+00
1.105936850996041443e+00
1.101473128785917632e+00
1.095098076172364099e+00
1.082117052646091038e+00
1.066725524508808087e+00
1.049484897130486871e+00
1.035429247201767211e+00
1.023031241756302334e+00
1.034867657084137083e+00
1.051107354449156706e+00
1.054860568656923903e+00
1.069787656351750549e+00
1.072985018299853044e+00
1.067833273617852408e+00
1.061818587253827051e+00
1.063658080595765165e+00
1.074169154850587171e+00
1.076183690746414401e+00
1.073155201277645965e+00
1.079943327009437404e+00
1.083429617811234813e+00
1.084370129525686899e+00
1.082468851923618747e+00
1.084730819827766313e+00
1.079175227851220997e+00
1.071480442874841454e+00
1.058688903664225078e+00
1.051279326874507314e+00
1.056891943411202073e+00
1.050332862721351734e+00
1.042731912317619303e+00
1.043265493973059455e+00
1.045372381049744170e+00
1.052416263160720566e+00
1.054206284209435518e+00
1.063158983387091139e+00
1.062717497792303289e+00
1.063255190939809580e+00
1.054838817850713983e+00
1.050705196612377046e+00
1.054086781977559228e+00
1.044895421372569633e+00
1.041710969973445700e+00
1.069890911852657833e+00
1.079825699485619905e+00
1.088489911758570683e+00
1.092507222032179870e+00
1.086209896338642844e+00
1.082346475499201599e+00
