2.250000000000000056e-01
0.000000000000000000e+00
0.000000000000000000e+00
2.675446108579934146e-01
2.589699155567876665e-01
3.199049565379411542e-01
3.222898863848539519e-01
3.646682994993916127e-01
3.775411186777147821e-01
4.187557191071685225e-01
4.403306131061666129e-01
4.755856422755797563e-01
4.663078947094785320e-01
6.819052953941249218e-01
7.903000205967781744e-01
8.061466330021305193e-01
8.190919229367619181e-01
9.079139197520611493e-01
9.029563185519781099e-01
1.027178246672575401e+00
1.122804263900871957e+00
1.218510135198797473e+00
1.239666405499401325e+00
1.249707418392033142e+00
1.256563144671332788e+00
1.252179057436515253e+00
1.268470010741697962e+00
1.289725556713665400e+00
1.307634412736510265e+00
1.313787817971904914e+00
1.312760725349991775e+00
1.307806469301827645e+00
1.306649859442665207e+00
1.302370788337446683e+00
1.290686390579827147e+00
1.274841581167829752e+00
1.274395721352977517e+00
1.274436465877975655e+00
1.268048007017408718e+00
1.260421277518310346e+00
1.259018838542096175e+00
1.282105358778003801e+00
1.296420262733145146e+00
1.304830607668405307e+00
1.309495762185151735e+00
1.315144980704863631e+00
1.317846696258532013e+00
1.320188511782768748e+00
1.322183271180599640e+00
1.323857196546947224e+00
1.325243981228217960e+00
1.326380331628000286e+00
1.327302818943780771e+00
1.328045826084197634e+00
1.328640362873750203e+00
1.327139578237151119e+00
1.310994131511760363e+00
1.272124447899228850e+00
1.189674391052414348e+00
1.117376694394333958e+00
9.936200152233227723e-01
9.254785541698298257e-01
8.379557629392034857e-01
9.657198763754117898e-01
1.105477949774246627e+00
1.148955548124507287e+00
1.225148063521868114e+00
1.284860257174089693e+00
1.264132374049100616e+00
1.299418192813852402e+00
1.324114414865709355e+00
1.315513823503862367e+00
1.307510530734212306e+00
1.308460084427957026e+00
1.307927840252609331e+00
1.297523014089654092e+00
1.294881251264958788e+00
1.290108709136895238e+00
1.280208962153006169e+00
1.258075783201863196e+00
1.253184841704009012e+00
1.229342608830100048e+00
1.185124897635618346e+00
1.171194902880911881e+00
1.182512380150331444e+00
1.108093918415128387e+00
1.037651498790797877e+00
1.071567919186523943e+00
1.084332159967040354e+00
1.119986467813466779e+00
1.146234641687056799e+00
1.160596181266209559e+00
1.176077141582013930e+00
1.173720379146817372e+00
1.178764246337294930e+00
1.167707998484779353e+00
1.147700431397076892e+00
1.148428644875753024e+00
1.158750663219267452e+00
1.179335820744099372e+00
