2.250000000000000056e-01
0.000000000000000000e+00
0.000000000000000000e+00
0.000000000000000000e+00
0.000000000000000000e+00
0.000000000000000000e+00
0.000000000000000000e+00
0.000000000000000000e+00
0.000000000000000000e+00
0.000000000000000000e+00
0.000000000000000000e+00
0.000000000000000000e+00
0.000000000000000000e+00
0.000000000000000000e+00
0.000000000000000000e+00
0.000000000000000000e+00
0.000000000000000000e+00
2.029999713112637050e+00
1.984596165231278686e+00
1.984036323336160645e+00
1.962731754426796371e+00
1.932990917635664774e+00
1.930297297220485708e+00
1.836340140282618050e+00
1.694438223998363968e+00
1.422207993005565774e+00
1.253420283454077744e+00
1.102043889788777875e+00
9.378028568676960441e-01
8.568087920058711227e-01
8.081549983636839851e-01
8.374835956515271906e-01
8.004279360671816557e-01
7.866098263080235631e-01
7.756597002331893087e-01
7.917233736425303148e-01
7.299675430263985465e-01
7.406515332612680913e-01
8.438376132249584272e-01
8.732988809035492350e-01
8.204192553751860073e-01
8.164903075763585427e-01
8.400404542094268567e-01
8.405756745763268700e-01
7.865497931931856312e-01
8.107795356231499717e-01
8.454648487647464794e-01
9.253496918331673982e-01
8.985589192998960639e-01
8.783594170205758500e-01
8.767505286651631202e-01
9.015889317694832927e-01
8.817887583221583059e-01
8.587703708817826520e-01
8.381035830188063862e-01
8.474351013991132664e-01
9.612922970951077728e-01
1.649485269288630374e+00
1.655511029559298519e+00
1.610545686503016327e+00
1.576392957033937892e+00
1.542214669383498382e+00
1.525439707472386219e+00
1.503466509721483435e+00
1.463773041402519626e+00
1.448057234019926476e+00
1.426369123500468739e+00
1.407075807118541855e+00
1.394627748106451293e+00
1.351495769641626765e+00
1.332284443129120310e+00
1.315468702544266844e+00
1.292088467609576963e+00
1.226473768512723606e+00
1.195502684738297683e+00
1.165725141767426809e+00
1.134024686804596449e+00
1.105098491746045797e+00
1.081562994898986885e+00
1.055027051894343648e+00
1.037893350027483841e+00
1.025779954336762501e+00
1.005897514790440539e+00
9.876479685917362028e-01
9.809829744605869095e-01
9.758056005035208313e-01
9.718082175784807930e-01
9.630845978230521132e-01
9.569635245765979459e-01
9.479146494760206654e-01
9.379964944781298275e-01
9.383361021596007268e-01
9.417325227616404337e-01
9.413524405705842035e-01
9.391785529423382073e-01
9.420907782066730851e-01
9.379294565519311622e-01
9.404504228577785785e-01
9.429975819068302512e-01
9.650486939797545682e-01
