2.250000000000000056e-01
0.000000000000000000e+00
0.000000000000000000e+00
0.000000000000000000e+00
9.444963544197947092e-02
9.444963544197947092e-02
9.444963544197947092e-02
2.692336971977186133e-01
2.200914666172245349e-01
2.995698997232928429e-01
3.024230652435809796e-01
3.049722174268979513e-01
3.072094141992229299e-01
4.084760357228175986e-01
3.866080598159363224e-01
3.664358024617704879e-01
4.357402348981693208e-01
8.695631163428978461e-01
8.787222806042149781e-01
8.788199674651003823e-01
8.601925397797455242e-01
8.907995655296139237e-01
8.548372688110502660e-01
8.144856235195538918e-01
8.143771623811276728e-01
8.143688826521598978e-01
8.142274109610281307e-01
8.290152671337389645e-01
8.586675085803884278e-01
8.596319448723322987e-01
8.631030711298941505e-01
8.561832697586796437e-01
8.564472248603214322e-01
8.642127613674589481e-01
8.554927767807264383e-01
8.593466349040458363e-01
8.705610039872757611e-01
8.758608011243576019e-01
8.782032702300943683e-01
8.798576150476797864e-01
8.901392835102287515e-01
8.755373234368862834e-01
8.630741063438770455e-01
8.475518177968879296e-01
8.431866585905729572e-01
8.253422139477718522e-01
8.015048959121776617e-01
7.666408669425315292e-01
7.488275645347068910e-01
7.362517273842338339e-01
7.294866793283971695e-01
7.272027087064399931e-01
7.167859190406199454e-01
7.152968812202509241e-01
7.105211374885793685e-01
7.067229018427859666e-01
7.077704036014366151e-01
7.054883600079665529e-01
7.023587280696534929e-01
7.077655729290475151e-01
7.238803051442391778e-01
7.252764252759431596e-01
7.343220149691283005e-01
7.343480030873620334e-01
7.415244176187675285e-01
7.408869283409467155e-01
7.300114933755964541e-01
7.390635096709757823e-01
7.393745016256072500e-01
7.348469623063913492e-01
7.254631582615719276e-01
7.308183023646110943e-01
7.303941040499738468e-01
7.323702610963628290e-01
7.398011901029121207e-01
7.445662830160398871e-01
7.688552960189095620e-01
7.737858260419895329e-01
7.804262040596251504e-01
7.830374820321303053e-01
7.876977123303096073e-01
7.902157888745717784e-01
7.889025057842674604e-01
7.931166789198753619e-01
7.949591516363625487e-01
7.928601393929699537e-01
7.819023152362905016e-01
7.822256896620316535e-01
7.811319260530832365e-01
7.752117642760106841e-01
7.672244430440832152e-01
7.627214010839893366e-01
7.578147048569209288e-01
7.544630020030105300e-01
7.442846486140131113e-01
7.444655111077060905e-01
7.442776335680875155e-01
7.393402206689857481e-01
7.348006836863231195e-01
7.338842701203937002e-01
