2.250000000000000056e-01
0.000000000000000000e+00
0.000000000000000000e+00
1.464050665378425542e+00
6.058424653222562739e-01
9.013614745554093810e-01
9.779882361601770491e-01
9.802986058811823389e-01
1.043388473120673954e+00
1.087714410723441327e+00
8.998221544387824400e-01
8.909547487065402338e-01
8.815492088413861005e-01
9.379685306192968586e-01
1.009875164511097267e+00
1.063231234131711833e+00
1.106975744816609319e+00
1.126112976501338903e+00
1.272359549164008063e+00
1.304006896109532354e+00
1.318866392680391408e+00
1.362216225632274069e+00
1.373589799560301250e+00
1.397757574901141941e+00
1.401529040266040971e+00
1.382837660854463691e+00
1.393400028710517935e+00
1.416428904523179488e+00
1.364688510213461825e+00
1.354551857999567899e+00
1.317985467972621727e+00
1.349814948590711827e+00
1.324882940333543369e+00
1.312521876213075034e+00
1.316517159881135601e+00
1.372869894403524693e+00
1.335224840874172259e+00
1.328753270501061845e+00
1.313033057805975012e+00
1.289199393354808043e+00
1.332421362422800959e+00
1.301220310313803807e+00
1.274793260594843325e+00
1.266768346338826623e+00
1.281584865035373610e+00
1.246528390647320350e+00
1.210285893646022570e+00
1.191601320626562099e+00
1.173882554187182237e+00
1.213269386129649297e+00
1.219319942898881237e+00
1.233039502146705546e+00
1.226894199186136181e+00
1.283641358941971067e+00
1.270156031770585781e+00
1.294659453138004901e+00
1.337906972308710252e+00
1.369476579714121067e+00
1.448166007155080370e+00
1.456495378902615379e+00
1.378251483181804238e+00
1.341736568928468154e+00
1.328455398938304111e+00
1.304591554568310885e+00
1.281407527246186673e+00
1.273271180844159911e+00
1.298629216521762997e+00
1.289384679795999578e+00
1.275692166878311884e+00
1.259536178747462154e+00
1.260477116792101393e+00
1.266301760394925147e+00
1.260729720067015780e+00
1.254378140569507138e+00
1.304285692134649510e+00
1.355664644995144608e+00
1.408510927807524515e+00
1.407281464811221738e+00
1.388666967862233426e+00
1.378644287420647485e+00
1.353099833693355070e+00
1.354119741686091727e+00
1.353712060058619659e+00
1.378308005242726786e+00
1.355927768292628288e+00
1.350753328615481141e+00
1.342085087959312473e+00
1.349381717553707727e+00
1.351130935961805113e+00
1.371353130649255903e+00
1.404519535994135149e+00
1.414511858461652505e+00
1.424309281616567890e+00
1.442893661077305323e+00
1.473998773969519949e+00
1.491883711798812406e+00
1.533409840044980266e+00
1.528294099693725094e+00
1.516972368190886877e+00
1.499491731024168439e+00
