2.250000000000000056e-01
0.000000000000000000e+00
0.000000000000000000e+00
7.364585096037971901e-02
7.365222078037554632e-02
7.194396996006646727e-02
7.366726133142711963e-02
7.367928833444339909e-02
1.079519132801325942e-01
1.220276919146747879e-01
1.237380336503011852e-01
1.252160737079235919e-01
1.264671980581839050e-01
1.275082440836020625e-01
1.731121832328767762e-01
1.796913905540756529e-01
1.816607015173210549e-01
1.602584530223252202e-01
1.594086503568490076e-01
1.584419856152593231e-01
2.048576213693042158e-01
2.230266887215418825e-01
2.144944860395948949e-01
2.161312919048950509e-01
2.099246389942130142e-01
2.043161822293134144e-01
2.511115051228119399e-01
2.698409557229797806e-01
2.711292116269851671e-01
2.680172290164921645e-01
2.695479632125600267e-01
2.707170825608807840e-01
3.058317043123333634e-01
3.047196730191102931e-01
2.866275398950310360e-01
2.884413676923645586e-01
2.625372739563488489e-01
2.749428620720904548e-01
2.746388825634297759e-01
3.189906480414592682e-01
3.142974113030789218e-01
3.136126444501878274e-01
3.125110210931006938e-01
2.503883241740830767e-01
2.467354913749821299e-01
2.586370670414896433e-01
2.686243257490125158e-01
2.733445710715908250e-01
2.748873664378864157e-01
2.678820954153885991e-01
2.812736295311343837e-01
2.986999913268164053e-01
3.147563907340827360e-01
3.145853964377727241e-01
3.198735942356156770e-01
3.563440087556218883e-01
3.672640593300124934e-01
3.758815096985931303e-01
4.133853425330691334e-01
3.972222307220538706e-01
4.197326513771488798e-01
5.156204398169196290e-01
5.807370999509480214e-01
6.393458127860772722e-01
7.307279590908729583e-01
7.735707984895136002e-01
7.825561072862309286e-01
7.981034513229030569e-01
8.026663711667176848e-01
8.704305522645420234e-01
8.658946988531215361e-01
9.625686851916496201e-01
1.054077190228851935e+00
1.075346294559263116e+00
1.103486223336311856e+00
1.101981129262777026e+00
1.087675896169259415e+00
1.087146538628418035e+00
1.080853065826382853e+00
1.060955523716306415e+00
1.055692856921009337e+00
1.062902030382689711e+00
1.094228095470434425e+00
1.085013172024831052e+00
1.075216096805244659e+00
1.043933278317024982e+00
1.034134005233041220e+00
1.037091252550893516e+00
9.993068604360515472e-01
1.019676818521576322e+00
1.014519511340377544e+00
9.920646444190870383e-01
9.823364762376732839e-01
9.825219940769150950e-01
9.798174262456044170e-01
9.624651856972226138e-01
9.559668104365400820e-01
9.540417971607585423e-01
9.724943760249198377e-01
9.794489148457592442e-01
