2.250000000000000056e-01
0.000000000000000000e+00
0.000000000000000000e+00
0.000000000000000000e+00
0.000000000000000000e+00
1.333633594374745490e+00
1.340712631086951712e+00
1.433942109995753222e+00
1.589109058445115519e+00
1.575929833054799056e+00
1.555492524628680373e+00
1.544267532112968633e+00
1.545899460835074013e+00
1.506793139301087381e+00
1.451294662133351343e+00
1.485130934089117005e+00
1.435801991102913400e+00
1.388290313394646702e+00
1.375565649762703568e+00
1.370177507077476875e+00
1.409894199014741334e+00
1.459129993361175437e+00
1.492310594147658431e+00
1.493240158469309797e+00
1.536268633836701314e+00
1.534982970631360466e+00
1.547370803689690266e+00
1.547630795788427216e+00
1.534902752283633376e+00
1.532859650299172261e+00
1.519417487775560849e+00
1.499942272479331207e+00
1.477373174801622779e+00
1.457461792809472856e+00
1.431739775790571656e+00
1.415182946836858857e+00
1.410730410819579950e+00
1.403135426282277720e+00
1.398248742061283689e+00
1.398678589204685574e+00
1.399314268883300683e+00
1.397731808146920107e+00
1.403322620532484466e+00
1.400793351876675974e+00
1.401288671277657549e+00
1.398771220922468084e+00
1.395180598000454131e+00
1.397124368613975154e+00
1.396714450779204642e+00
1.396759406018474481e+00
1.394369148577188078e+00
1.391549944953492934e+00
1.387367419233739518e+00
1.384560627293773383e+00
1.381553189057315389e+00
1.383560853614971498e+00
1.393707240441683037e+00
1.397347319187662862e+00
1.406073598379856682e+00
1.414581059474709246e+00
1.419919968458094317e+00
1.418249507980776203e+00
1.411628742261414216e+00
1.403247661440038430e+00
1.398580946038466832e+00
1.387705488735024639e+00
1.380152882230785361e+00
1.364796028715558274e+00
1.352222835503394505e+00
1.342417871330850110e+00
1.334336883185823552e+00
1.329937608270015170e+00
1.328127732812188988e+00
1.333338540417085660e+00
1.344288515410353657e+00
1.359625991789204180e+00
1.369349350826601919e+00
1.378723387230520459e+00
1.381788425890265959e+00
1.381862856861616695e+00
1.391578030876728267e+00
1.398708570433296217e+00
1.410150815130107205e+00
1.420978881901605373e+00
1.422925218127102154e+00
1.432587810336505285e+00
1.434271558683517078e+00
1.440339196833463120e+00
1.447091382195698994e+00
1.439771627152288236e+00
1.436191268451006753e+00
1.431340612997519468e+00
1.423337498435062631e+00
1.414290942719979238e+00
1.405625117090391507e+00
1.403245162727986273e+00
1.401335721180364757e+00
1.403003619245465350e+00
1.415329471024570074e+00
1.432098562877846648e+00
