2.250000000000000056e-01
0.000000000000000000e+00
0.000000000000000000e+00
0.000000000000000000e+00
0.000000000000000000e+00
0.000000000000000000e+00
0.000000000000000000e+00
0.000000000000000000e+00
0.000000000000000000e+00
0.000000000000000000e+00
0.000000000000000000e+00
0.000000000000000000e+00
0.000000000000000000e+00
0.000000000000000000e+00
0.000000000000000000e+00
0.000000000000000000e+00
0.000000000000000000e+00
0.000000000000000000e+00
0.000000000000000000e+00
0.000000000000000000e+00
0.000000000000000000e+00
0.000000000000000000e+00
0.000000000000000000e+00
0.000000000000000000e+00
0.000000000000000000e+00
0.000000000000000000e+00
0.000000000000000000e+00
0.000000000000000000e+00
0.000000000000000000e+00
0.000000000000000000e+00
0.000000000000000000e+00
1.141018388262297512e+00
1.054869963412901956e+00
1.077051769214913524e+00
1.047334024016562948e+00
1.024570801210179960e+00
1.002505835408915358e+00
1.006245436559064954e+00
9.605801312070835207e-01
9.365712649244608556e-01
9.096150633161674826e-01
9.037022107399018678e-01
8.970333685416405078e-01
8.717274474991196787e-01
8.904428769802111843e-01
9.002835644078553967e-01
8.574860640379758925e-01
8.191989787867489659e-01
8.167431489520819987e-01
8.238821694221893921e-01
8.244899684973325815e-01
8.003016601427934695e-01
7.856442873885582934e-01
7.741210498619606195e-01
7.546074072957510426e-01
7.426202640017189882e-01
7.374788315290954355e-01
7.433608422642593583e-01
7.558468040455926795e-01
7.570126051224052022e-01
7.604315209551795185e-01
7.606043227039399612e-01
7.670536308371668222e-01
7.646021650354258847e-01
7.674428075143646666e-01
7.708604939865547623e-01
7.786183132481642177e-01
7.870706304520207475e-01
7.901193642274000339e-01
7.932643811288768720e-01
7.965921668187675442e-01
7.985377003683593600e-01
7.945389780316670647e-01
7.999690319476645550e-01
7.997723302805963552e-01
8.022077053109368805e-01
8.077033960386412748e-01
8.063823199932094177e-01
8.064581644678586736e-01
8.086237276432980403e-01
8.104920999409850335e-01
8.093922851088170001e-01
8.189659293342668178e-01
8.168311357248334570e-01
8.171926343150589522e-01
8.172635176080209618e-01
8.211936483657926722e-01
8.172099407873086863e-01
8.186846222411399143e-01
8.138466127103767267e-01
8.106020261758098977e-01
8.160037857535115124e-01
8.257194421964915154e-01
8.294185127027395854e-01
8.270582885579385035e-01
8.241371730710331800e-01
8.232824575094555009e-01
8.165607217211136026e-01
8.194464517192630026e-01
8.236824467085768209e-01
