2.250000000000000056e-01
0.000000000000000000e+00
0.000000000000000000e+00
0.000000000000000000e+00
0.000000000000000000e+00
0.000000000000000000e+00
0.000000000000000000e+00
0.000000000000000000e+00
0.000000000000000000e+00
0.000000000000000000e+00
0.000000000000000000e+00
0.000000000000000000e+00
0.000000000000000000e+00
0.000000000000000000e+00
0.000000000000000000e+00
0.000000000000000000e+00
0.000000000000000000e+00
0.000000000000000000e+00
0.000000000000000000e+00
0.000000000000000000e+00
0.000000000000000000e+00
0.000000000000000000e+00
0.000000000000000000e+00
0.000000000000000000e+00
0.000000000000000000e+00
1.898550043171679080e+00
1.851642497822348687e+00
1.820067762508452036e+00
1.816162773643037021e+00
1.796395084295104416e+00
1.773617226677748571e+00
1.754342862955769577e+00
1.723558437744623806e+00
1.719261200370137077e+00
1.717906485605884770e+00
1.749794388719464910e+00
1.754558462703706523e+00
1.729326152651121884e+00
1.732826775136716790e+00
1.791971364067626915e+00
1.792266634916414247e+00
1.768091959480252884e+00
1.739723747794915898e+00
1.712799617158560883e+00
1.703490136749248762e+00
1.682108308642930927e+00
1.645616938415813246e+00
1.654651282211412111e+00
1.602586440632502551e+00
1.599422898491523082e+00
1.603386708246773429e+00
1.590167274660580832e+00
1.557642783853029345e+00
1.545142612829604412e+00
1.531321011255066145e+00
1.506032659129220130e+00
1.489151909463790613e+00
1.466795062348547063e+00
1.495105675608951801e+00
1.495109177664230016e+00
1.485275321348723532e+00
1.464753190535347471e+00
1.480238291137850881e+00
1.469600104672320384e+00
1.408380642858620746e+00
1.340116695617401321e+00
1.314987658092309664e+00
1.362486015111393334e+00
1.397338668307182452e+00
1.430212396504258576e+00
1.470344188685779763e+00
1.471107537718078895e+00
1.435807237269586256e+00
1.409993176179195951e+00
1.400702310568266107e+00
1.400143765476725477e+00
1.362318319310742654e+00
1.345096913787456216e+00
1.303254249374340423e+00
1.267702917578080957e+00
1.226325475327496806e+00
1.210178071366331043e+00
1.179790892010066594e+00
1.173371849514619703e+00
1.229424248109669993e+00
1.250739897448356341e+00
1.235114096008953055e+00
1.222987671636027063e+00
1.233224653673885118e+00
1.262139685305945225e+00
1.268853890589785482e+00
1.238025499297622289e+00
1.247929566386470901e+00
1.192281340752913366e+00
1.166225457653178310e+00
1.126456531187640664e+00
1.118237955280618534e+00
1.105284738409242573e+00
1.092721267002153329e+00
1.083066116425287495e+00
