2.250000000000000056e-01
0.000000000000000000e+00
0.000000000000000000e+00
0.000000000000000000e+00
0.000000000000000000e+00
0.000000000000000000e+00
0.000000000000000000e+00
0.000000000000000000e+00
1.859916624802311347e-01
1.859920723688920363e-01
1.860259927301006755e-01
1.859914479468648685e-01
2.134995755756966540e-01
2.300573296669752854e-01
2.371332199297482568e-01
2.346369941350010535e-01
2.493068748880480079e-01
1.297046557403829459e+00
1.298054989895465638e+00
1.298917280145895692e+00
1.373306057911148681e+00
1.375982294858550503e+00
1.372799048443930525e+00
1.335323393173149409e+00
1.329142858435449215e+00
1.313692264885855110e+00
1.304675455377537707e+00
1.228090063226019213e+00
1.222704402066369767e+00
1.169833239198013075e+00
1.142937309381580002e+00
1.120533452841770972e+00
1.061241179743827256e+00
1.020451592962401843e+00
1.029043588559040989e+00
1.016289728041394280e+00
1.001135729624520909e+00
1.029547938915457594e+00
1.028533515157262546e+00
1.020781770097576091e+00
1.026313160737917451e+00
1.021082159615823493e+00
1.024304242131707010e+00
1.023162694136223072e+00
1.048784475628686597e+00
1.064907678738497232e+00
1.068465068506473603e+00
1.082424665169904321e+00
1.080894650043857874e+00
1.072649035940927087e+00
1.056530329432438631e+00
1.050850726666720858e+00
1.037287557537571514e+00
1.040118873423139245e+00
1.023995813716315428e+00
1.013450016136049125e+00
1.009003797723941442e+00
9.993453791107408390e-01
9.949093624580193085e-01
9.884841462193432182e-01
9.843140693255199025e-01
1.048799159178507967e+00
1.069913037288582114e+00
1.082205849952627474e+00
1.115182254345552959e+00
1.117909230104033869e+00
1.107599588170385729e+00
1.092521287685040754e+00
1.081796455151246894e+00
1.084953563244365204e+00
1.080418410259584183e+00
1.084673833456544667e+00
1.070978025708679393e+00
1.063309668428728649e+00
1.047752509899783746e+00
1.035900429063890238e+00
1.043925355653062548e+00
1.040171577432149164e+00
1.038768776357557044e+00
1.053541209686006619e+00
1.087100919729698800e+00
1.088491858367435450e+00
1.094272764992312741e+00
1.101960770018396429e+00
1.113883618719105462e+00
1.108088193375792452e+00
1.092761764192428986e+00
1.080872711419802235e+00
1.080674497037706239e+00
1.066498027572358787e+00
1.052270687417536488e+00
1.038601629004458626e+00
1.033076310304004153e+00
1.044357183210383511e+00
1.040644340935441337e+00
1.029981197025627182e+00
1.021443134822824339e+00
1.035264123981817885e+00
1.031499975405997471e+00
1.025044271307890886e+00
