2.250000000000000056e-01
0.000000000000000000e+00
0.000000000000000000e+00
0.000000000000000000e+00
0.000000000000000000e+00
0.000000000000000000e+00
0.000000000000000000e+00
0.000000000000000000e+00
0.000000000000000000e+00
0.000000000000000000e+00
0.000000000000000000e+00
0.000000000000000000e+00
0.000000000000000000e+00
8.195370174519533979e-02
1.306061080251780804e-01
1.312318149077529583e-01
1.811590056702488127e-01
1.723618282993212014e-01
2.121770274363276310e-01
2.194918255534978602e-01
2.282967786617002282e-01
2.306673400019823850e-01
2.782266624712530501e-01
2.925526790847964298e-01
2.988269767360727247e-01
3.507473337789616119e-01
3.697301454559508427e-01
3.727009513799295348e-01
3.729592665652541883e-01
4.362949769209590878e-01
4.582555225191918269e-01
4.710853168833503690e-01
4.609531467227853674e-01
5.217470006470528165e-01
5.453961544004753970e-01
5.533334755186599674e-01
5.644963540122935886e-01
5.451922549742993507e-01
6.101990903008234213e-01
6.350574177760727190e-01
6.452722955810514804e-01
6.507889574536991351e-01
6.991342087176587450e-01
6.915728865294897831e-01
7.173144366943507988e-01
7.256301696216670427e-01
7.295389205548956646e-01
7.119183242405908718e-01
6.209415599229340943e-01
5.799184721889844019e-01
4.899626886449656160e-01
5.184334870236154691e-01
4.748362714794038264e-01
7.218709393513345063e-01
7.692418224348711586e-01
7.989679484135345788e-01
8.204770847150779645e-01
8.258564548039672992e-01
8.421491440813700935e-01
9.148028299051766954e-01
9.290252642759939672e-01
9.463541109291514486e-01
9.542643487340456421e-01
9.819271869637008487e-01
9.760100032152011496e-01
9.879990714724087297e-01
1.005553281093381379e+00
9.865742648257640468e-01
1.021472468767099295e+00
1.072731665764839804e+00
1.084621731748139917e+00
1.102295744914818076e+00
1.107571848925763769e+00
1.130581952040828009e+00
1.120825397357334774e+00
1.104218206872435104e+00
1.106478642160400261e+00
1.107949468214351141e+00
1.109773561089999250e+00
1.100244657827244898e+00
1.109073690689656111e+00
1.093602556361082723e+00
1.075780664414279775e+00
1.070123006288055345e+00
1.050842860607440699e+00
1.057012825608936835e+00
1.044474251103420404e+00
1.095409944384920120e+00
1.110927337607286791e+00
1.120397089948839575e+00
1.109146958031183905e+00
1.108747537712688747e+00
1.110078539536130560e+00
1.108699980171758304e+00
1.118598586440217701e+00
1.125388284986956311e+00
1.142602232897680370e+00
1.159147116045049275e+00
1.155271488531406154e+00
1.152663624580306134e+00
