2.250000000000000056e-01
0.000000000000000000e+00
0.000000000000000000e+00
0.000000000000000000e+00
0.000000000000000000e+00
2.647615136635670940e-01
3.372415540843169968e-01
3.193343473080427208e-01
3.862735348033399241e-01
3.603914563730360454e-01
3.862652581230436866e-01
3.661372074409543487e-01
4.133759285645440262e-01
4.105468623037654141e-01
4.531995777012474691e-01
4.786953168419633142e-01
6.639582851335180669e-01
7.277048953167746248e-01
7.090173786393471067e-01
7.450694560747671558e-01
7.669458864563918343e-01
7.787322849285674975e-01
7.995346753705633303e-01
8.197326953773553804e-01
8.101261491042764940e-01
8.146055594775371000e-01
8.095452205447493110e-01
8.065280498576581358e-01
7.901683771626774044e-01
7.804110624626053871e-01
7.964064620752996371e-01
8.029095424725757324e-01
7.984535986810340491e-01
7.997832904560687739e-01
7.994152180221829607e-01
7.980715517797386527e-01
7.995258634576963841e-01
8.108456072743903675e-01
8.117882570245114060e-01
8.060668238365795712e-01
8.022003710137545207e-01
7.917866385330677437e-01
7.960962359271493982e-01
7.787104586536663930e-01
7.813788129442080788e-01
7.944697400247466845e-01
7.967136404416207407e-01
8.021708394603527248e-01
8.110664304643014910e-01
8.077514493872479662e-01
8.024756065682053796e-01
8.020950096526593409e-01
8.120529525994252262e-01
8.155907215448436887e-01
8.216252310419934757e-01
8.298621799724477111e-01
8.363456212716759985e-01
8.434562263983700348e-01
8.481649754710133271e-01
8.605165636214870961e-01
8.543072517744875194e-01
8.644743309118322339e-01
8.671031316047731474e-01
8.580057211867246902e-01
8.687129435865270644e-01
9.173822449315002237e-01
8.983165090878649783e-01
8.922980414976630081e-01
8.709687155120992008e-01
8.408849265849648313e-01
8.299367266932607956e-01
8.371442258621761834e-01
8.099256624282442640e-01
8.138088805102305923e-01
7.937898042218481942e-01
7.789213404018966447e-01
7.650785504936794545e-01
7.589186431932564147e-01
7.546418422289582484e-01
7.544321750035892782e-01
7.530848759339496823e-01
7.538941271378886144e-01
7.520695324096181578e-01
7.564461875425920745e-01
7.635685121162870681e-01
7.731784449663867687e-01
7.787117363032181050e-01
7.908628657319534128e-01
8.070181460265570816e-01
8.239642228986225891e-01
8.289309623242365754e-01
8.307139011341684309e-01
8.350400093617138531e-01
8.357075038862262772e-01
8.273143065419312769e-01
8.198839790305383346e-01
8.155339752976921153e-01
7.981431860826034841e-01
7.860966170117072993e-01
7.781276639848687671e-01
