2.250000000000000056e-01
0.000000000000000000e+00
0.000000000000000000e+00
1.587730242411088621e+00
1.656051586342911053e+00
1.055607369192827383e+00
1.143509948565011980e+00
1.214535649332544542e+00
1.174636400104125400e+00
1.139565911174510004e+00
1.127019287449039897e+00
1.112538932071297726e+00
1.079682809630644336e+00
1.093919835471474533e+00
1.092294427438823323e+00
1.094326464664921783e+00
1.048634737321533006e+00
1.046130011754156541e+00
1.054729201146596740e+00
1.023625508364186754e+00
1.018218059072403925e+00
1.010281393552219464e+00
1.028467185731613665e+00
1.037544946459640460e+00
1.078418499190161084e+00
1.094159419447583215e+00
1.089041670982356935e+00
1.095328918479924640e+00
1.092666539541382376e+00
1.081645054740195455e+00
1.115392585382763535e+00
1.168670406323270239e+00
1.174646084415118308e+00
1.152023835358252146e+00
1.152664223483909511e+00
1.164560057305735752e+00
1.151614551431989542e+00
1.132097021602506803e+00
1.100425688768814192e+00
1.076477315472039953e+00
1.041680230669576934e+00
1.038081466255035723e+00
1.047824365389438572e+00
1.066021376436029788e+00
1.083126752674214544e+00
1.088325671372078141e+00
1.099225407505971530e+00
1.107576331702430084e+00
1.108291889321455725e+00
1.106328154662692631e+00
1.099276678005987939e+00
1.102792032478545181e+00
1.098794430373996045e+00
1.104101208202995288e+00
1.108685378336888183e+00
1.080875186637970886e+00
1.055855416064426455e+00
1.040356635951890096e+00
1.028827332224272695e+00
1.021466813572823096e+00
1.022193904272503673e+00
1.038013126886374815e+00
1.035075063317536070e+00
1.035968837980285384e+00
1.064113802712967294e+00
1.069210212465087073e+00
1.068418518447839194e+00
1.078117388707923618e+00
1.083591669767347998e+00
1.088969447288232972e+00
1.096330602140536126e+00
1.106113578857671920e+00
1.111978797782868345e+00
1.081678267857684173e+00
1.079792257264935884e+00
1.101264258177653277e+00
1.102946684060697180e+00
1.104011102072086192e+00
1.110053857007934797e+00
1.111696337892519537e+00
1.103563481329224105e+00
1.096200413102181415e+00
1.081170558713374197e+00
1.084558503257793349e+00
1.091447313141579167e+00
1.077070676764330326e+00
1.072955728874819270e+00
1.088176646482181598e+00
1.114090392033309840e+00
1.104048011052486178e+00
1.095061505672441537e+00
1.104087015775373271e+00
1.095738639789329394e+00
1.100141706130457031e+00
1.104893273019887490e+00
1.109042457686902905e+00
1.102740197867277949e+00
1.102463254924162417e+00
1.109843961324910477e+00
1.095625451223845470e+00
