2.250000000000000056e-01
0.000000000000000000e+00
0.000000000000000000e+00
0.000000000000000000e+00
0.000000000000000000e+00
0.000000000000000000e+00
0.000000000000000000e+00
0.000000000000000000e+00
0.000000000000000000e+00
0.000000000000000000e+00
7.086397696012751435e-02
1.831820860172617693e-01
2.321862561242892253e-01
2.329930194323623083e-01
2.251812003833583709e-01
2.761584159721888199e-01
2.781466941735329934e-01
3.327696469434278104e-01
3.363977154646623502e-01
3.396088055139572237e-01
4.076461149795817529e-01
4.056996756476254351e-01
3.997224602651344716e-01
4.413964103888200485e-01
4.307938437647479968e-01
4.573983442372394070e-01
4.406306086818193579e-01
9.550073197447099815e-01
9.985838201318616436e-01
9.827889237104832088e-01
1.021436227976795896e+00
9.812650931431861068e-01
1.022340493230202041e+00
1.111175153146894301e+00
1.161131343549151040e+00
1.032050970804210044e+00
9.505320930604035379e-01
8.724286993719090333e-01
8.156772264595409938e-01
8.501835548423718469e-01
8.448572696465667109e-01
8.505431106887842985e-01
8.469989878138369788e-01
8.156469277455243860e-01
8.142344793658899960e-01
8.354886485643031602e-01
8.670019090412428575e-01
9.373140495088065904e-01
1.033076814977767599e+00
1.106236254912826178e+00
1.192432386401372169e+00
1.210886061286477577e+00
1.234213284574514180e+00
1.233173657306950721e+00
1.214195414651860538e+00
1.206181032275551734e+00
1.174880608653171121e+00
1.175995849154288342e+00
1.168132108743547670e+00
1.171173768786156755e+00
1.171742386372079725e+00
1.199269551348023599e+00
1.206864667711931238e+00
1.219133252891756003e+00
1.213831977850647004e+00
1.207800883099452882e+00
1.200037404852626777e+00
1.200351991039905197e+00
1.203658923845659423e+00
1.222695755496595815e+00
1.221224120232452082e+00
1.214481219024674763e+00
1.211795648655522140e+00
1.200583180736486399e+00
1.187207145491518734e+00
1.183184171112686478e+00
1.164610184983269514e+00
1.170127396635268546e+00
1.171579190971339779e+00
1.198551468332101466e+00
1.201940714093679308e+00
1.207370129716686113e+00
1.223799783337148339e+00
1.217702926893808657e+00
1.220745831674009185e+00
1.224374864917931127e+00
1.242335209310820643e+00
1.250426012998140157e+00
1.262143942869162760e+00
1.289606459682631101e+00
1.295497654762582052e+00
1.302244075315010408e+00
1.305542081354239325e+00
1.312035892785267110e+00
1.323721908003467229e+00
1.322434195796003076e+00
1.314327026770514051e+00
1.313506861208601162e+00
1.316717668570528410e+00
1.308183153652479502e+00
