2.250000000000000056e-01
0.000000000000000000e+00
0.000000000000000000e+00
0.000000000000000000e+00
0.000000000000000000e+00
7.140713553930522206e-01
7.140713553930522206e-01
7.140713553930522206e-01
7.861387451911276969e-01
7.214049859832865064e-01
7.194588399435044579e-01
9.186359227798027716e-01
9.288669591228068123e-01
8.602126618899512689e-01
7.949686209116271218e-01
1.013048158672956056e+00
1.023571040749121863e+00
1.032970157402904654e+00
1.041205872069969507e+00
1.201055828826249172e+00
1.136582718219570243e+00
1.140192043957260815e+00
6.877009326239261755e-01
8.865181399270599671e-01
7.814148082146269436e-01
7.909269607737575702e-01
7.753730495632645825e-01
9.499894910504416146e-01
9.341000132674680545e-01
9.396158346187342136e-01
1.103605179734091779e+00
1.176157998635341428e+00
1.096383024648871274e+00
1.194767890102319985e+00
1.359156722353353164e+00
1.383709311647048912e+00
1.844500167304248262e+00
1.963706932820928008e+00
2.029331124720743063e+00
2.234244897044369793e+00
2.362736648343243484e+00
2.420112747154807842e+00
2.383501537793118352e+00
2.386084047462474267e+00
2.381326950121945618e+00
2.375594737593403227e+00
2.369220555613439583e+00
2.225327590336024564e+00
2.315172232063198887e+00
2.299553283157258932e+00
2.250910629331268176e+00
2.156598051267369698e+00
2.010694235027727483e+00
2.107842775465681662e+00
2.131917203765988589e+00
2.156352488217542440e+00
2.045822745408086618e+00
2.046518472375674857e+00
2.022899812310897438e+00
1.956701432014309239e+00
1.856893671561435033e+00
1.807946718302407607e+00
1.726291041305537899e+00
1.599676484523022246e+00
1.543033880715484196e+00
1.529653878941730660e+00
1.561404278036136350e+00
1.490707294568367480e+00
1.521329245697916166e+00
1.525524332551412954e+00
1.645081436591787183e+00
1.775530834827258042e+00
1.829122320501436860e+00
1.890908063887831503e+00
1.942682392985450202e+00
2.017234644311015845e+00
2.037252526190952651e+00
2.054098765115282887e+00
2.093667396587157725e+00
2.155770625434732857e+00
2.205529495311954413e+00
2.289124070190421634e+00
2.291624911564952516e+00
2.331837519648031432e+00
2.333924438483726771e+00
2.319832269488407039e+00
2.308384070943856781e+00
2.342062336213980078e+00
2.337117929603806488e+00
2.300247693070331945e+00
2.265633478878499307e+00
2.265119037101800625e+00
2.268917864573757992e+00
2.223255274781838153e+00
2.196002949191431686e+00
2.194428764865605785e+00
2.184870545825916555e+00
2.163718572475997082e+00
2.162886502353920104e+00
2.184526915548600901e+00
