2.250000000000000056e-01
0.000000000000000000e+00
6.611180846722457538e-01
9.998596942716085900e-01
6.806513678248562460e-01
6.513474029842096780e-01
6.682703304275621203e-01
6.817189966945360613e-01
7.041470682942183590e-01
7.093514722344799184e-01
6.937246302117903163e-01
7.390536801137850276e-01
7.298240991832872782e-01
7.291080166189773948e-01
7.331253749317326873e-01
7.621571162451216130e-01
7.855633831207738949e-01
8.076360534716294781e-01
8.480670631420330619e-01
8.605168287560205354e-01
8.854765974080751612e-01
9.158975951403488525e-01
9.244685081730014131e-01
9.376823239118612374e-01
9.366418677022283479e-01
9.530037141476305207e-01
9.525921623700652763e-01
9.517251518637800389e-01
9.510114954819168798e-01
9.574283159602644533e-01
9.606083316330932265e-01
9.575747746455741671e-01
9.592944811591281873e-01
9.670454174968388106e-01
9.430006894437101828e-01
9.311279685593986111e-01
9.270592977118981004e-01
9.308593681100620909e-01
9.081435399565154221e-01
9.013149401747538869e-01
8.819698913872268120e-01
8.812397568255566638e-01
8.762540744813899218e-01
8.875636147394863062e-01
8.897632850677155147e-01
8.979468420067424628e-01
9.033198549599645855e-01
9.103513284078442735e-01
9.097501031845823816e-01
9.652300736325222230e-01
9.788789511061732895e-01
9.856418962204982481e-01
9.849791750046953398e-01
9.861009917647713952e-01
9.901223477877935109e-01
9.930631699640761756e-01
1.000880028046353676e+00
9.908726282879839475e-01
9.657692782546540844e-01
9.625679393591828337e-01
9.602422655611020375e-01
9.617894089987744088e-01
9.617815669319692562e-01
9.754889018083167107e-01
9.749566961365736528e-01
9.892216872592850541e-01
9.898316337493908712e-01
9.845975499682784182e-01
9.719558853320017233e-01
9.818533748173455811e-01
9.866067224995552776e-01
9.892417394760664173e-01
9.908493147041292914e-01
9.869054071494213209e-01
9.898987906631651068e-01
9.937441830613156224e-01
1.001291510559397135e+00
1.007585854017018390e+00
9.996827349701572496e-01
1.005320579060184905e+00
1.001780852260041987e+00
1.005780661709039459e+00
9.995616952589002624e-01
9.926169004920057937e-01
9.795991318607203402e-01
9.640250052379751855e-01
9.470927568223920234e-01
9.365158075422719275e-01
9.214902291372517595e-01
9.096031230956381775e-01
8.853585153484213599e-01
8.701637732262336167e-01
8.770985332876876095e-01
8.872137102675266007e-01
8.880070469061445149e-01
9.243014372744150497e-01
9.236253356995979269e-01
9.275223306037800874e-01
9.233810714925844154e-01
9.291358072704718474e-01
