2.250000000000000056e-01
0.000000000000000000e+00
8.556342344895806473e-02
1.091878247212792336e-01
1.530829557911689842e-01
1.322803076456355587e-01
1.554725628259084891e-01
1.714973781169372713e-01
1.811511568278464657e-01
1.826314284958856504e-01
2.045198776514458860e-01
2.221565413591084226e-01
2.356623166566856886e-01
2.429999317460155850e-01
2.641046860776620764e-01
2.743747387664147164e-01
2.980777982110133784e-01
2.979643309739128942e-01
3.237423223441753262e-01
3.263407641828863781e-01
3.581678822436020204e-01
3.555047832389616747e-01
3.672183827921645660e-01
3.393767082778496036e-01
3.257594632838717863e-01
3.021516690289098306e-01
2.868267947487810887e-01
3.126159144979542281e-01
3.236003094524000367e-01
3.470639348750763631e-01
3.530976750328863045e-01
3.576912009863144060e-01
3.587177086681148652e-01
3.948615252219155325e-01
4.202687232452160249e-01
4.260612095774151675e-01
4.577273761189469825e-01
5.556979692962452644e-01
5.651417657386041959e-01
6.010431392767766612e-01
6.457646467488666886e-01
6.639423333876857125e-01
6.247751209004350770e-01
6.310661041623996104e-01
6.319416792936374261e-01
6.272473265031629497e-01
6.598209185464575244e-01
6.702940998940860595e-01
6.786517838504361189e-01
7.155485682840254658e-01
7.261637201571293776e-01
7.355614807385110199e-01
7.844374577834253293e-01
7.849618473321771095e-01
8.194868263650872953e-01
8.448861969677589068e-01
8.611336172945661671e-01
8.696372416287243556e-01
8.851535542143748048e-01
8.952663080807499174e-01
9.090533409760160888e-01
9.257892933350100328e-01
9.315241853626092805e-01
9.465567995023507208e-01
1.147580873347678221e+00
1.193628386385665818e+00
1.234550365253914261e+00
1.245161542799151588e+00
1.236896438690424205e+00
1.248089165367647801e+00
1.259183818062043825e+00
1.263402427738949729e+00
1.251736430648081821e+00
1.246369237379298056e+00
1.242593234333413399e+00
1.245888159974646969e+00
1.234378596646380943e+00
1.233351469095613773e+00
1.283014155442004700e+00
1.291493843330551172e+00
1.306140576068584025e+00
1.320186230757091073e+00
1.333719460621990205e+00
1.335003337417951741e+00
1.321862956444271431e+00
1.311519417638624674e+00
1.294136219392642007e+00
1.280118441764340309e+00
1.268793070133996004e+00
1.246700972507320593e+00
1.254471527902250028e+00
1.240833463337482678e+00
1.227806376493656426e+00
1.228327349561258330e+00
1.251678437330187021e+00
1.254782397107251812e+00
1.253506028395286132e+00
1.258504394752874012e+00
1.259332918003282176e+00
1.251679936054297393e+00
