2.250000000000000056e-01
0.000000000000000000e+00
0.000000000000000000e+00
0.000000000000000000e+00
0.000000000000000000e+00
0.000000000000000000e+00
0.000000000000000000e+00
3.690064090254294715e-01
3.409082858137577610e-01
3.892136087543388578e-01
3.893379348962625053e-01
4.081206350252298276e-01
4.339513143310315124e-01
4.485919767898345900e-01
4.778063049375537719e-01
4.885963756745448361e-01
5.278014067376158858e-01
5.842993975035696286e-01
6.280412871813702003e-01
6.861229274729387928e-01
6.989702592736137809e-01
7.053345370719215079e-01
7.102812508552158732e-01
7.102784779749496957e-01
7.294011372250849279e-01
7.352689383902928366e-01
7.366072328568276095e-01
7.342402863954061720e-01
7.283425090236981259e-01
7.230163582084918605e-01
7.132107386662270843e-01
6.927557999357520924e-01
6.621643011730140582e-01
6.474808775546474493e-01
6.399010296691011179e-01
6.565721282076049103e-01
6.613640770981683570e-01
6.783248856188739406e-01
6.931879623022666470e-01
7.049565512721731597e-01
7.166736546256948781e-01
7.231698925897952490e-01
7.255353380655668039e-01
7.215141969491023488e-01
6.539235081507269731e-01
6.474850816196485725e-01
6.414621936812512359e-01
6.403636408162635130e-01
6.483780677553669936e-01
6.616384481180613841e-01
6.631234784129558246e-01
6.696866862435094658e-01
6.794494041354149916e-01
6.804685533173917555e-01
6.804660135518655339e-01
6.861998977607489669e-01
6.736815185909832415e-01
6.709796937763932156e-01
6.725398495383795305e-01
6.081514700552806962e-01
6.059104366378961215e-01
6.201221730069891303e-01
6.400856768506852923e-01
6.529804749671110908e-01
6.655945736304978988e-01
6.701374870913473503e-01
6.734580228641278143e-01
6.759831467243987424e-01
6.660899305612983934e-01
6.555478368156389957e-01
6.601862676527565643e-01
6.497414691088697625e-01
6.446062588773654456e-01
6.520936678951546606e-01
6.363603760935884202e-01
6.309433834008345565e-01
6.343571097141926796e-01
6.380707822554558817e-01
6.461029566885939657e-01
6.543533882854413175e-01
6.595327138739861539e-01
6.668707284752121156e-01
6.629840124761990916e-01
6.564345911714918325e-01
6.583308166552691576e-01
6.600277416039156408e-01
6.524832041754664580e-01
6.329982001680881654e-01
6.397464244570356673e-01
6.516144072300100731e-01
6.518313691620060135e-01
6.546997397500275984e-01
6.572237011775116100e-01
6.622129541137246056e-01
6.588580765636997683e-01
6.605152271656217211e-01
6.631170680301827769e-01
6.650765476867813719e-01
6.526456478837793229e-01
6.484896112345658326e-01
