2.250000000000000056e-01
0.000000000000000000e+00
0.000000000000000000e+00
0.000000000000000000e+00
0.000000000000000000e+00
0.000000000000000000e+00
0.000000000000000000e+00
1.484574818775540539e+00
1.483663437991759260e+00
1.461911671730011575e+00
1.321169703057706757e+00
1.229838100107593313e+00
1.192053863985650608e+00
1.130030217451652552e+00
1.126183058583935193e+00
1.109086912693103111e+00
1.095544161840404929e+00
1.076217889846055265e+00
1.054753812199377805e+00
1.036576621659168085e+00
9.813483631009823904e-01
9.863447585498454906e-01
9.751380296008741455e-01
9.632536523919784655e-01
9.469418651901012618e-01
9.437245685973089104e-01
9.319650007982556161e-01
9.656517568025800857e-01
1.017167713088156233e+00
1.012709019070440641e+00
1.031758289992054323e+00
1.036373934869082802e+00
1.038213462219046646e+00
1.046928593987810574e+00
1.046789287129550772e+00
1.073990122122784552e+00
1.074514179840918571e+00
1.100228366650468637e+00
1.110421869805158890e+00
1.094949032465532213e+00
1.084520036572780066e+00
1.036897159931217116e+00
9.766145181070626791e-01
9.909086917896910984e-01
1.010338727810431880e+00
9.991409739381588162e-01
1.006140645482517026e+00
1.012768362442987513e+00
1.017993364945096513e+00
1.012444081686327157e+00
1.068402612757384240e+00
1.079997961750255753e+00
1.077641026279522851e+00
1.081239061015313974e+00
1.072585208337309970e+00
1.060490744997933499e+00
1.060701101927496115e+00
1.068173660232996758e+00
1.068855654702713043e+00
1.079774980605219037e+00
1.081212627166054929e+00
1.090996754092120158e+00
1.087716133583137790e+00
1.093516843913653780e+00
1.104326563781055759e+00
1.125818585626684687e+00
1.154813069557505623e+00
1.173231974432412894e+00
1.174336002277402757e+00
1.176108756624103524e+00
1.184020712772712258e+00
1.188815062824415403e+00
1.159989741589106282e+00
1.140815483472640501e+00
1.141947762736313710e+00
1.147019307357963758e+00
1.123745153505999239e+00
1.135572721587931433e+00
1.131697687330187163e+00
1.137460510207227937e+00
1.152175042647105574e+00
1.165159485615281598e+00
1.174022243955797906e+00
1.176055446877562582e+00
1.187158948815288273e+00
1.189929620141647604e+00
1.194896562037231602e+00
1.182864016350300584e+00
1.181970415943709440e+00
1.185716970605229514e+00
1.184617566601285255e+00
1.193013340452742099e+00
1.185948902995576537e+00
1.181271678267139746e+00
1.185110160564569970e+00
1.195071600086903496e+00
1.206044503253669520e+00
1.221318760826441308e+00
1.232563146476235438e+00
1.232911747811305636e+00
