2.250000000000000056e-01
0.000000000000000000e+00
0.000000000000000000e+00
0.000000000000000000e+00
0.000000000000000000e+00
2.733619633425189988e-01
3.342739618600007456e-01
4.473241724157048238e-01
5.260284976568839754e-01
6.299814494923174912e-01
6.652659740522764986e-01
6.383031804520973296e-01
6.564801644030799910e-01
6.861896526486500614e-01
6.506620242686805833e-01
6.695327487132886057e-01
7.171186028991805017e-01
7.280433773113248463e-01
7.582776091730902834e-01
8.161198542902459163e-01
8.265442281979318295e-01
8.877125482065150175e-01
9.290876641203564823e-01
9.425108573961785696e-01
9.585738581009451975e-01
9.740224724810995216e-01
1.011264280815260097e+00
1.016499603039312971e+00
1.052100838001164940e+00
1.058441838089471565e+00
1.072241695070576206e+00
1.067959891690007490e+00
1.076909978685197888e+00
1.098964748797653268e+00
1.108241373030433241e+00
1.104517793309264473e+00
1.134646598500802073e+00
1.138388843700055109e+00
1.172378782980313838e+00
1.195862111750628731e+00
1.200495111802486026e+00
1.225193113711805726e+00
1.246957538198586013e+00
1.342577595359130349e+00
1.495039738773866977e+00
1.520709833490307084e+00
1.531088207041731986e+00
1.512801908368010206e+00
1.477824095192486809e+00
1.449733275696861501e+00
1.427229998653156695e+00
1.401048392352243877e+00
1.357476463250020693e+00
1.311218759862421424e+00
1.262887619486357860e+00
1.201529046012658641e+00
1.186359318935939378e+00
1.180981960364120953e+00
1.137819142222020075e+00
1.118589574937046915e+00
1.127618750668601955e+00
1.100070581657096813e+00
1.070352678209021358e+00
1.062411602667309385e+00
1.036265662159269185e+00
1.030113062677961544e+00
1.008488917224013459e+00
9.724390012573695952e-01
9.787365754708502452e-01
1.334128615580660870e+00
1.406482607296295706e+00
1.449897836665737350e+00
1.448425895881666481e+00
1.420025607858426353e+00
1.425752034610795915e+00
1.443860074553188433e+00
1.394647336656543057e+00
1.337282883449467219e+00
1.343587131247332644e+00
1.344873301321913184e+00
1.325642604884133435e+00
1.292401478032702000e+00
1.229351607846206340e+00
1.204902378810063235e+00
1.205752790504196259e+00
1.201410301991962193e+00
1.197965657258468042e+00
1.121591239153377551e+00
1.112012684021262077e+00
1.041343564700781599e+00
1.028128790911190249e+00
1.080920935728384880e+00
1.046744055187228462e+00
1.044186031382019930e+00
1.007977878331461685e+00
1.012421450529262579e+00
9.564094729964129904e-01
9.468909039243236236e-01
9.472303478791042064e-01
9.427955181251290728e-01
