2.250000000000000056e-01
0.000000000000000000e+00
1.637188555519370203e-01
1.636721650808311002e-01
2.160678534012240859e-01
2.270080824718429258e-01
2.244868664337382469e-01
2.718447540860256528e-01
2.744465751404435716e-01
2.900596313702655249e-01
2.968045599047060557e-01
3.390746155404688045e-01
3.430739994523674397e-01
3.465251201534184089e-01
3.721491897572786200e-01
4.138764123877693990e-01
4.186037271099377621e-01
4.229545353925943107e-01
4.333547142607657165e-01
4.510302812122752303e-01
4.989515816388645497e-01
5.028635532247300866e-01
5.116464507770407399e-01
5.151779975260954991e-01
5.354493957672569193e-01
5.925860334951188468e-01
5.910573157379322984e-01
5.952605124923405766e-01
5.986407143354743887e-01
5.976316688494882623e-01
8.854155407104311593e-01
9.987665955807484286e-01
1.050260932128768365e+00
1.057614289248609118e+00
1.078469179449749182e+00
1.099986115398166930e+00
1.117883480593950596e+00
1.119505530281500461e+00
1.122154473104598704e+00
1.119293924153597297e+00
1.113327862541938718e+00
1.129896031377391585e+00
1.141789334022435209e+00
1.123077640245694564e+00
1.087163928336294161e+00
1.123224725899529153e+00
1.216603826354540674e+00
1.204165727500711602e+00
1.257730869233539828e+00
1.296432381486364971e+00
1.309230252627302971e+00
1.333337345758320636e+00
1.322904024113809474e+00
1.322169787685830267e+00
1.333506786395326715e+00
1.327254228384462387e+00
1.317013147244044058e+00
1.289030036810711488e+00
1.285427203838034993e+00
1.242963844882001956e+00
1.290127648752836809e+00
1.363305816508479706e+00
1.304569822127842338e+00
1.229896674133903245e+00
1.201900562687258978e+00
1.275166433552440637e+00
1.261662861812143266e+00
1.260234146267293021e+00
1.245361241630844829e+00
1.243838135201048356e+00
1.261463096886358048e+00
1.287763865958671428e+00
1.261227001039241680e+00
1.280922014213307980e+00
1.306252375956291401e+00
1.308077448981703528e+00
1.312945499294611906e+00
1.317034636716386542e+00
1.323841873510421596e+00
1.325372382872122223e+00
1.315238113463589098e+00
1.304126536154671445e+00
1.210257901612575848e+00
1.154729726615332241e+00
1.117649755074374252e+00
1.107367583474669459e+00
1.084838110219022100e+00
1.113890465122244988e+00
1.107794126114336475e+00
1.093548216446026400e+00
1.107092772115624291e+00
1.116670744506443658e+00
1.131224258531375204e+00
1.138866099256029552e+00
1.166486250727861052e+00
1.150693524792588907e+00
1.170579273650300456e+00
1.194979148871028185e+00
1.235542041249088729e+00
1.236290121127773478e+00
