2.250000000000000056e-01
0.000000000000000000e+00
0.000000000000000000e+00
0.000000000000000000e+00
0.000000000000000000e+00
0.000000000000000000e+00
0.000000000000000000e+00
0.000000000000000000e+00
0.000000000000000000e+00
0.000000000000000000e+00
0.000000000000000000e+00
0.000000000000000000e+00
0.000000000000000000e+00
0.000000000000000000e+00
0.000000000000000000e+00
0.000000000000000000e+00
0.000000000000000000e+00
0.000000000000000000e+00
0.000000000000000000e+00
0.000000000000000000e+00
0.000000000000000000e+00
0.000000000000000000e+00
0.000000000000000000e+00
0.000000000000000000e+00
0.000000000000000000e+00
0.000000000000000000e+00
0.000000000000000000e+00
0.000000000000000000e+00
0.000000000000000000e+00
0.000000000000000000e+00
0.000000000000000000e+00
0.000000000000000000e+00
0.000000000000000000e+00
0.000000000000000000e+00
0.000000000000000000e+00
0.000000000000000000e+00
0.000000000000000000e+00
0.000000000000000000e+00
0.000000000000000000e+00
0.000000000000000000e+00
0.000000000000000000e+00
0.000000000000000000e+00
0.000000000000000000e+00
0.000000000000000000e+00
0.000000000000000000e+00
1.509095447650090627e-01
1.864720459191399060e-01
3.275682058130093832e-01
4.028200697749979575e-01
4.679391643966503422e-01
4.623301169966916868e-01
6.035648238227064866e-01
7.156031391136902231e-01
7.623812680698721644e-01
8.434253938755701396e-01
8.878339177405162319e-01
9.272497442340896789e-01
9.412537956672603068e-01
9.703035831301616287e-01
1.001191525114716541e+00
1.014812243345308396e+00
1.028308248299443006e+00
1.036793422603349502e+00
1.052426521577250140e+00
1.108480777821394536e+00
1.128942957127987645e+00
1.151099409263029782e+00
1.178063443353349671e+00
1.192172778154323431e+00
1.195770422711117664e+00
1.206177713675206764e+00
1.211548589873541637e+00
1.238504552104772838e+00
1.257904678454133229e+00
1.260816083370407847e+00
1.261661193887346322e+00
1.257193965977557948e+00
1.244975732213597919e+00
1.249551286789232885e+00
1.255882644511132407e+00
1.266102014979007206e+00
1.274627614197908709e+00
1.273351213362349688e+00
1.262030782510797700e+00
1.311320293504551371e+00
1.322227996723477572e+00
1.336049507694058391e+00
1.354482532100038661e+00
1.342212653245476117e+00
1.342629834464672545e+00
1.340313846272727982e+00
1.332283432574913329e+00
1.334000536320920194e+00
1.325723745797817932e+00
1.315879365704066828e+00
1.321301635175748723e+00
1.318713785573850661e+00
1.327922089998873956e+00
1.341445865953289074e+00
1.341084411719455360e+00
