2.250000000000000056e-01
0.000000000000000000e+00
0.000000000000000000e+00
0.000000000000000000e+00
0.000000000000000000e+00
1.982996056440988530e+00
2.141184137534110743e+00
2.088677612806539408e+00
2.032906918045376710e+00
1.793027960654733244e+00
1.664739629602125071e+00
1.617916758253198362e+00
1.615297527500132668e+00
1.617489790834638397e+00
1.580954432912620611e+00
1.576731329148017391e+00
1.593232724448289339e+00
1.636393664017683269e+00
1.635362753617038756e+00
1.636482133642779946e+00
1.626494515002778529e+00
1.616230956892747317e+00
1.618370227589505328e+00
1.627101042352203875e+00
1.621563909809018433e+00
1.621137057044596652e+00
1.612423863983141636e+00
1.609730805144259591e+00
1.595872823871547164e+00
1.582502162823144598e+00
1.571857229095700914e+00
1.561223707014720352e+00
1.563865885111347387e+00
1.573811043379013785e+00
1.586469527868648255e+00
1.601149095176708448e+00
1.614638190310323962e+00
1.619905162485878680e+00
1.619254641139643791e+00
1.606820520881985681e+00
1.606085626468837457e+00
1.608341721131413493e+00
1.602325628934412549e+00
1.603217537527317660e+00
1.586910849507619181e+00
1.585516074435385336e+00
1.575259464451319369e+00
1.578770389501725546e+00
1.585016626472830037e+00
1.584255968272653803e+00
1.593997288581808558e+00
1.598693171345217712e+00
1.603229891644499805e+00
1.613029128628101327e+00
1.611687181438927530e+00
1.611182535042528841e+00
1.614072319284289847e+00
1.610970859058640237e+00
1.613424005085762891e+00
1.617746562974208713e+00
1.612346162880262890e+00
1.615584997217142771e+00
1.607888812639875376e+00
1.603372443369923017e+00
1.587465479681158698e+00
1.584205498572814230e+00
1.587711794426662104e+00
1.601973919499464438e+00
1.613072255896284446e+00
1.623953222357648496e+00
1.626146935368705915e+00
1.632953614967853406e+00
1.634525931731207304e+00
1.642276784825656533e+00
1.641075584231056483e+00
1.634149674634601368e+00
1.621746122386686917e+00
1.607959958554647795e+00
1.605695449544453535e+00
1.597635403522837505e+00
1.595713676889420896e+00
1.600825512000771278e+00
1.600248965205830709e+00
1.610861308124929447e+00
1.611872712102176308e+00
1.610079592019302286e+00
1.612291005751392170e+00
1.610959391955053555e+00
1.605879575655505098e+00
1.597512530529232144e+00
1.598058124687572912e+00
1.591898229617802807e+00
1.592470996728821309e+00
1.596741936388557104e+00
1.594064403126810969e+00
1.591245301206608120e+00
1.583151849273785050e+00
1.580751452357214593e+00
1.571764746029679749e+00
1.565455938359802790e+00
