2.250000000000000056e-01
0.000000000000000000e+00
0.000000000000000000e+00
0.000000000000000000e+00
4.363000109998018128e-01
4.363000109998017573e-01
4.127693695612875135e-01
4.373448712158188312e-01
5.975652068416891227e-01
7.294061398342820413e-01
7.505053372422358926e-01
8.951232027591579099e-01
9.460636748253369310e-01
9.190956457946302116e-01
8.973622721807543723e-01
8.751680570260392811e-01
8.670330879814803771e-01
8.584289649295554492e-01
9.030243416118464150e-01
9.041804790386310797e-01
9.041041027199786528e-01
9.050623846548636608e-01
8.981003127930349272e-01
8.957177991008498097e-01
8.929132770651129203e-01
8.863400413099585817e-01
8.915648515073635316e-01
8.866778540153132937e-01
8.806090113278806086e-01
8.764038046697385509e-01
8.713891988810683609e-01
8.691463278152306016e-01
8.774664883393906711e-01
8.767662151524024949e-01
8.732495642659797719e-01
8.826279271254086067e-01
8.771766822860913582e-01
8.721799630678787052e-01
8.620843542640107549e-01
8.725926113457815880e-01
8.701460754022206645e-01
8.690247871004764812e-01
8.688600985815188027e-01
8.695759128959401618e-01
8.681059389483810618e-01
8.639015483113312577e-01
8.715652339697577133e-01
8.718507919051565747e-01
8.701867422458414714e-01
8.747192578722760015e-01
8.703204731742386624e-01
8.653944988824191498e-01
8.687226490474855289e-01
8.688106900743446381e-01
8.741548884365027972e-01
8.702218056704755789e-01
8.671248036065601905e-01
8.595268094311436791e-01
8.543038413354866467e-01
8.659782039317454050e-01
8.716228505386188763e-01
8.636316828327164075e-01
8.648231423424369568e-01
8.593391882571592699e-01
8.690444995204154033e-01
8.695854426138879267e-01
8.977229592287037097e-01
9.058467667689950042e-01
9.009465498991463539e-01
8.934060107453509758e-01
8.849705256682339760e-01
8.797016992511459410e-01
8.702706492267167082e-01
8.666541906601972212e-01
8.726843548559450880e-01
8.744517516922097888e-01
8.835434060675085854e-01
8.827682168572670296e-01
8.709499208071735943e-01
8.603845861076153678e-01
8.543627585524788959e-01
8.591081886437299531e-01
8.570028218337211179e-01
8.608648306842091591e-01
8.555873454822096047e-01
8.510211791807424930e-01
8.423807257351336730e-01
8.364880674913920400e-01
8.282010766256731049e-01
8.256123352688884420e-01
8.158594312475265786e-01
8.101318203766262327e-01
8.050418404986050547e-01
7.893176387264443372e-01
7.956202138697030524e-01
7.894791272409205085e-01
7.840403682514830441e-01
7.800527999194618589e-01
7.807985516398284753e-01
7.799802468029485292e-01
