2.250000000000000056e-01
0.000000000000000000e+00
0.000000000000000000e+00
0.000000000000000000e+00
0.000000000000000000e+00
0.000000000000000000e+00
0.000000000000000000e+00
0.000000000000000000e+00
0.000000000000000000e+00
0.000000000000000000e+00
0.000000000000000000e+00
1.303929291744974295e+00
1.273853898284686981e+00
1.252926814510897380e+00
1.186844013398522968e+00
1.181827312524736717e+00
1.145714608756034814e+00
1.141174161081923488e+00
1.142521639153148749e+00
1.137883821608040025e+00
1.124841709899319087e+00
1.120829723838777658e+00
1.118780378337465242e+00
1.111377050908195052e+00
1.093134883403366064e+00
1.088750112625158195e+00
1.071747709647884905e+00
1.066933617492400233e+00
1.023932928053023605e+00
1.005846578540862790e+00
9.815104095672115836e-01
9.601995676710877170e-01
9.530887762716987455e-01
9.217868770253768718e-01
9.137926863368051045e-01
9.067596860052609120e-01
8.691499765345349626e-01
8.328433289358195823e-01
8.210365688115996985e-01
8.104552453229475484e-01
8.011783260051289490e-01
7.843122527353288964e-01
7.373542272570483558e-01
6.884127887318414185e-01
6.765820550422926294e-01
6.664479312754095774e-01
6.578981116411043439e-01
6.507811606323924414e-01
5.977734776281111717e-01
7.861504517561580530e-01
9.685441907176332021e-01
1.075740470471002297e+00
1.118042713890063711e+00
1.158982345948848636e+00
1.120061732068969418e+00
1.111268212390957189e+00
1.125430978970283658e+00
1.101385188287638650e+00
1.092230547982211419e+00
1.086961363243383216e+00
1.075136261830810902e+00
1.078395294580244856e+00
1.086106680088665177e+00
1.086588599671456601e+00
1.087215370159235084e+00
1.091250583973704336e+00
1.079645076245146162e+00
1.081782122307794802e+00
1.074991290307898639e+00
1.059050316645246737e+00
1.061425700617730561e+00
1.064441412600966474e+00
1.062411006440631578e+00
1.055581182887549430e+00
1.051604087045789448e+00
1.041474159688738022e+00
1.036782871315824028e+00
1.040655515973005540e+00
1.029536452597756613e+00
1.034904326788780971e+00
1.022441935479931452e+00
1.010625110445217967e+00
9.962658624753166769e-01
9.839136327637484358e-01
9.797304781121601858e-01
9.721885350795620440e-01
9.649487897774000622e-01
9.449213762959688401e-01
9.244611228992353213e-01
9.042390946008209696e-01
8.962719708388771078e-01
8.842382256445883160e-01
8.666883494014857581e-01
8.588242582674053827e-01
8.521620040613371305e-01
8.408988604030046554e-01
8.087954228206204466e-01
7.926417492922205321e-01
7.658454461831606386e-01
7.029360491564426994e-01
