2.250000000000000056e-01
0.000000000000000000e+00
0.000000000000000000e+00
7.225005327500527708e-01
1.230751927648260802e+00
1.229012369944131544e+00
1.222421115677878145e+00
1.200689988146693477e+00
1.204113657094222578e+00
1.220085777261521010e+00
1.213476396373309507e+00
1.211126713383860354e+00
1.241962968745968121e+00
1.193150811557108337e+00
1.193810659941221708e+00
1.207888099421326356e+00
1.203360312647826946e+00
1.176497531474465674e+00
1.161914105795504248e+00
1.211450294895223267e+00
1.185091837228066547e+00
1.193595753893645472e+00
1.191255890184775845e+00
1.194613561433985671e+00
1.195696777369767760e+00
1.189968932547120328e+00
1.179175859315616970e+00
1.164637228460871254e+00
1.173694961367745648e+00
1.168639419540300928e+00
1.165613351636064055e+00
1.167492712089410523e+00
1.170699657185117371e+00
1.179521435609287794e+00
1.183509370707807484e+00
1.170240680565085123e+00
1.172857454226101659e+00
1.176506167092575161e+00
1.170269328637954409e+00
1.179753477585652854e+00
1.180625691667581467e+00
1.177996533602198248e+00
1.172766414968974269e+00
1.176028932191995002e+00
1.173907721493467671e+00
1.168225968915146629e+00
1.163928377823231441e+00
1.173622320824482701e+00
1.171232864606895463e+00
1.171468669864754286e+00
1.162779322969979212e+00
1.157126491298392068e+00
1.159035977536639672e+00
1.164071022717075854e+00
1.171130241277916317e+00
1.185443939709516448e+00
1.193521511722283046e+00
1.186680494150308629e+00
1.180354148039653994e+00
1.177918220511993797e+00
1.166274917590940152e+00
1.174216872083399643e+00
1.183745766137226374e+00
1.180619618575215579e+00
1.177774002016402699e+00
1.174839535405182156e+00
1.181478362474667865e+00
1.182401130229357555e+00
1.178677901743040435e+00
1.181212020451806399e+00
1.179402886821934393e+00
1.181914561102478611e+00
1.176639460736067067e+00
1.173192614773201692e+00
1.167780359372334376e+00
1.169460353681794906e+00
1.170361938657570322e+00
1.169802949937650771e+00
1.173543705846103569e+00
1.170268476015311254e+00
1.162553286276500675e+00
1.161256639970867255e+00
1.161744828304243526e+00
1.163314939858036023e+00
1.168974227717074266e+00
1.177785333842459314e+00
1.183373617982989456e+00
1.183103524385690886e+00
1.174779511126796239e+00
1.169967219902805056e+00
1.171294768728786906e+00
1.167960842335781013e+00
1.170919311211717329e+00
1.169693517961381435e+00
1.167194015582439404e+00
1.175866432837315845e+00
1.174464298923296068e+00
1.180866945596892981e+00
1.185729008212051516e+00
1.187051143381427698e+00
