2.250000000000000056e-01
0.000000000000000000e+00
0.000000000000000000e+00
0.000000000000000000e+00
1.652367090461048793e+00
1.645429964379867327e+00
1.631383368223989550e+00
1.623253839007629429e+00
1.629200042089950839e+00
1.617725454491060422e+00
1.616994505639629987e+00
1.603152071825072245e+00
1.573923249364476584e+00
1.536691329124961758e+00
1.504404267991513944e+00
1.464230992635342732e+00
1.466582575553821544e+00
1.468685735230605527e+00
1.437795172070418293e+00
1.385263119786490860e+00
1.393887231115078285e+00
1.403439416683224472e+00
1.377865118557351831e+00
1.340491932011928622e+00
1.295025854373563989e+00
1.261848702296940683e+00
1.242014705203220881e+00
1.216862701022284110e+00
1.182056681403880871e+00
1.163650709458447841e+00
1.129312603960024974e+00
1.103620891161366968e+00
1.089764672213588748e+00
1.103177618989231723e+00
1.106519988049218695e+00
1.117375366137341786e+00
1.096146612899576267e+00
1.071983301532506649e+00
1.001002120914280313e+00
9.593927207470491769e-01
9.460736224347285894e-01
9.280257965628005978e-01
9.146587823839972264e-01
8.847994772588133605e-01
9.140563831262522587e-01
8.917210089640471571e-01
8.774269933806664312e-01
8.720095639373317553e-01
8.674873356443254524e-01
8.730649717775398333e-01
8.723830922120012765e-01
8.743848654744107440e-01
8.858789662655663921e-01
9.170801426266215195e-01
9.559049954092422308e-01
9.738994039061522612e-01
9.746574867275310528e-01
9.877017976341827543e-01
9.869208320145144153e-01
9.845705304772811584e-01
9.786794185977123472e-01
9.828760015166114750e-01
9.820739436321710425e-01
9.776619571343994064e-01
9.710648547648026430e-01
9.607460496979047804e-01
9.528025894359196668e-01
9.664407916112486285e-01
9.900772652500807736e-01
9.734289169828636012e-01
9.821660612266184254e-01
9.924124710979445041e-01
1.004335636187931868e+00
1.023598777859916709e+00
1.013426336884333478e+00
1.003593223117859701e+00
1.025138379520121656e+00
1.027464779001689976e+00
1.025669355312456066e+00
1.035114238077495585e+00
1.076407678404765811e+00
1.085579434669176502e+00
1.097018063044616687e+00
1.095991145436687519e+00
1.103742948712232330e+00
1.112169985096329805e+00
1.121995379254540293e+00
1.122801083214985285e+00
1.125234676904608655e+00
1.128461673058140269e+00
1.136602252007585578e+00
1.147287299179392539e+00
1.152415874742507951e+00
1.156713897215921882e+00
1.165198452752588931e+00
1.162800379556065966e+00
1.159431327376433840e+00
1.153017854904323292e+00
1.142270416527749743e+00
1.138208336026546030e+00
