2.250000000000000056e-01
0.000000000000000000e+00
0.000000000000000000e+00
0.000000000000000000e+00
2.015071588692102789e-01
3.477253972228366297e-01
4.599331018383165381e-01
1.239125207854427480e+00
1.351284624720205496e+00
1.448363515872736818e+00
1.454754579327626862e+00
1.333659742538553461e+00
1.273823329050708164e+00
1.260237929495628739e+00
1.267206495974610991e+00
1.292857905529500639e+00
1.312029575992385233e+00
1.320711015837060076e+00
1.327972053159936161e+00
1.318028647425535604e+00
1.299419686248307393e+00
1.306941093473950710e+00
1.324485676802892753e+00
1.313624896243207330e+00
1.317684562195225562e+00
1.319264448134142453e+00
1.319600103907284216e+00
1.323087857103544929e+00
1.324493141258934026e+00
1.324990341237747726e+00
1.316689286279501436e+00
1.320251625465823420e+00
1.338550360906867853e+00
1.289960453350677438e+00
1.225300305683728386e+00
1.241240307611863658e+00
1.262296706902299004e+00
1.274629523963136446e+00
1.310358046084324046e+00
1.354220594996342619e+00
1.348796926805222229e+00
1.337866586814536740e+00
1.332429999169350898e+00
1.342935013725282900e+00
1.343082438922300836e+00
1.327973759627841588e+00
1.331023787882966714e+00
1.357474043896171434e+00
1.381971865368999408e+00
1.404581282538156062e+00
1.436011811738742372e+00
1.433117357452441398e+00
1.418265815643238170e+00
1.384135216121133549e+00
1.381283332614149817e+00
1.366745976984525379e+00
1.354240747269604306e+00
1.331884250480470433e+00
1.306738712491201992e+00
1.302408072118355298e+00
1.284081858109670016e+00
1.249038521289399961e+00
1.207770746723396238e+00
1.212537653542392402e+00
1.227237221857563121e+00
1.231874972538623103e+00
1.160713849209536574e+00
1.100858744736552763e+00
1.080623512200572733e+00
1.076241119981129701e+00
1.098542916855816953e+00
1.140860033983557287e+00
1.148445381437073864e+00
1.185154334882252192e+00
1.183431391576048153e+00
1.217199818967653835e+00
1.234335047835271260e+00
1.231975389055631309e+00
1.210271286248152389e+00
1.196518681822288377e+00
1.185945520735419256e+00
1.164623421471613796e+00
1.156970198673981765e+00
1.159154052255600975e+00
1.173711652415177165e+00
1.224239091078386465e+00
1.267398683979333418e+00
1.264414211732689752e+00
1.260665398502570200e+00
1.252137057073572590e+00
1.261964887235438981e+00
1.251845250788689023e+00
1.232271114567336845e+00
1.216114642421891601e+00
1.215536147058058347e+00
1.224808833898224814e+00
1.254584702707020494e+00
1.290078202752180214e+00
1.301671646524077186e+00
1.274694744609781605e+00
