2.250000000000000056e-01
0.000000000000000000e+00
0.000000000000000000e+00
0.000000000000000000e+00
0.000000000000000000e+00
0.000000000000000000e+00
4.994046248890505191e-01
4.994046248890505191e-01
5.809023309010946656e-01
4.778081722583564228e-01
4.467578809197347844e-01
4.714792658595128860e-01
5.337793398335208828e-01
9.573832218455824439e-01
1.299854664871715304e+00
1.418178177023514008e+00
1.450136166347313571e+00
1.439556319627789627e+00
1.448923826374338031e+00
1.426855477087415558e+00
1.413575433494250078e+00
1.395093940013040434e+00
1.319391247945334245e+00
1.275969136093413780e+00
1.279992243499602722e+00
1.267756780777965941e+00
1.278034080370872516e+00
1.292303331605471950e+00
1.287034844190036109e+00
1.285508270409438047e+00
1.300330320154381658e+00
1.425589927710003701e+00
1.409027530221432789e+00
1.410466764233668124e+00
1.423021071174081165e+00
1.414786391250518305e+00
1.399438078082547721e+00
1.352843594130383131e+00
1.292178143591769857e+00
1.248857610362909876e+00
1.213431807226323045e+00
1.171301151290018661e+00
1.155259414674571827e+00
1.131552436719387433e+00
1.111599617022872355e+00
1.117452937561953297e+00
1.116101938409861827e+00
1.060321392997537249e+00
1.033279843741331083e+00
1.007344360602163258e+00
1.014426903360833743e+00
9.952138200174767135e-01
9.970107035367793413e-01
1.008453623247705933e+00
1.032974019705280355e+00
1.081263306959323378e+00
1.120949883265927927e+00
1.201693572085960948e+00
1.189900122880383160e+00
1.241104448053302223e+00
1.265998717572890842e+00
1.273276107222215403e+00
1.272811005641168558e+00
1.299129861516718609e+00
1.301111616255163916e+00
1.307085427242862918e+00
1.306537600317881909e+00
1.299144398858316007e+00
1.293998648489969483e+00
1.304517743713291100e+00
1.302605306397898177e+00
1.305528122808361280e+00
1.307342543659026912e+00
1.310489958067311278e+00
1.313062512086676348e+00
1.298165249695741430e+00
1.295912953838707971e+00
1.292528028742243595e+00
1.290611286326175389e+00
1.287556403781922265e+00
1.282275758413737643e+00
1.254030566618985709e+00
1.222431173367042767e+00
1.205683711850997319e+00
1.203208444824950263e+00
1.203700106689573390e+00
1.199216011674319349e+00
1.193485466213815904e+00
1.199794812000803956e+00
1.207464964660767359e+00
1.207278564594544745e+00
1.210806327313528774e+00
1.215615986296400219e+00
1.224242299710710524e+00
1.225083011454889181e+00
1.244087296321318981e+00
1.247998774055741222e+00
1.245434981015490772e+00
1.252225728033824259e+00
1.274452438939171151e+00
