2.250000000000000056e-01
0.000000000000000000e+00
0.000000000000000000e+00
0.000000000000000000e+00
0.000000000000000000e+00
0.000000000000000000e+00
0.000000000000000000e+00
0.000000000000000000e+00
0.000000000000000000e+00
0.000000000000000000e+00
0.000000000000000000e+00
0.000000000000000000e+00
0.000000000000000000e+00
0.000000000000000000e+00
0.000000000000000000e+00
0.000000000000000000e+00
0.000000000000000000e+00
0.000000000000000000e+00
0.000000000000000000e+00
0.000000000000000000e+00
0.000000000000000000e+00
2.374315731333346058e+00
2.377624883472280182e+00
2.368934019042935102e+00
2.382179071364942224e+00
2.339874255621845034e+00
2.154011294271202193e+00
2.191578441587722637e+00
2.108698055676121452e+00
2.107589680871854387e+00
2.081057855859033801e+00
1.971282156035519595e+00
1.913017818905639489e+00
1.800329302844678736e+00
1.675515069347763619e+00
1.581220963556473569e+00
1.488762858029544889e+00
1.420006640905002948e+00
1.429054041192568292e+00
1.357338916880422852e+00
1.349330034384724764e+00
1.336159975140475797e+00
1.301852023820165183e+00
1.321796442271187200e+00
1.396831944757658928e+00
1.431420929539925169e+00
1.448629303996585405e+00
1.500237637564151072e+00
1.502630249634751003e+00
1.503319770194583738e+00
1.529129719138980104e+00
1.499871961948132881e+00
1.484315270608788095e+00
1.503175525152295355e+00
1.486098900958814806e+00
1.492156557176810949e+00
1.534535798139860852e+00
1.529839897561152684e+00
1.517676357487472538e+00
1.514893565537205555e+00
1.495067237764412749e+00
1.498175180623502634e+00
1.470185081631398605e+00
1.475338915060662837e+00
1.470797081073469847e+00
1.470009330153594362e+00
1.433678524301350787e+00
1.432543833481126017e+00
1.435135897538878602e+00
1.445105902647542795e+00
1.452405260135270382e+00
1.458218144173610398e+00
1.466840268852178886e+00
1.452170010842225967e+00
1.445185532391401129e+00
1.447532930740324408e+00
1.427380690512716654e+00
1.431646615353536767e+00
1.425667512713643115e+00
1.435612035968962807e+00
1.428192499878670585e+00
1.438889595239857044e+00
1.437553263878055931e+00
1.421601178675185428e+00
1.429335901963819211e+00
1.427936693450313710e+00
1.433179454310170131e+00
1.405497601066573621e+00
1.380695431481133051e+00
1.374421494995718085e+00
1.396970857075213956e+00
1.407222012936908850e+00
1.422807454917329739e+00
1.455117893419166197e+00
1.498932190986160817e+00
1.486173102152526182e+00
1.465695075562643002e+00
1.446055325522418888e+00
1.458586166249491445e+00
1.469712966936377097e+00
