2.250000000000000056e-01
0.000000000000000000e+00
0.000000000000000000e+00
1.179382104634149275e+00
1.179382104634149275e+00
1.314148074487567541e+00
1.385767957866291811e+00
1.377515451426931881e+00
1.390511059408849004e+00
1.416716268504818022e+00
1.422406433708655493e+00
1.412441885544893694e+00
1.450049918453373499e+00
1.422973815635007799e+00
1.445062214358216801e+00
1.448698610455634528e+00
1.421993965309655161e+00
1.306104376416221458e+00
1.284326127991619382e+00
1.261287311083977958e+00
1.292167332893481513e+00
1.301197529769547501e+00
1.260866295813572346e+00
1.227876413529646049e+00
1.186466229965499553e+00
1.161995185257398200e+00
1.143412158450775262e+00
1.144111707933754607e+00
1.131434889462547444e+00
1.114651593450618927e+00
1.103034515412253613e+00
1.103631329871453959e+00
1.104401656123011666e+00
1.098656874308448383e+00
1.110551621050860582e+00
1.122112656664401076e+00
1.092143885502360634e+00
1.124133915874058198e+00
1.140924216297480864e+00
1.146573238636727110e+00
1.160122361073281816e+00
1.178907146089215763e+00
1.205803674538085790e+00
1.235793480398058364e+00
1.232266181179600517e+00
1.226447346235887803e+00
1.215552025996315511e+00
1.194646469623835028e+00
1.191275156857802386e+00
1.181339360766134217e+00
1.172726244159613351e+00
1.171908036580437074e+00
1.164555546695268839e+00
1.160929104609486062e+00
1.157203034011112575e+00
1.150635135144862931e+00
1.156195317510957610e+00
1.146344607837989082e+00
1.139375754824602849e+00
1.133541386632542780e+00
1.118711881405777264e+00
1.111794611079156114e+00
1.124583756440695526e+00
1.130639385620584747e+00
1.139115564687787741e+00
1.127201217933642363e+00
1.128597290948903709e+00
1.126293785054541807e+00
1.130141827277117983e+00
1.123742071393523556e+00
1.122300201741414538e+00
1.120999336407839442e+00
1.120849650769787154e+00
1.122511999263228644e+00
1.137337298130706831e+00
1.126894695545750835e+00
1.130182891121667366e+00
1.131156640388536028e+00
1.136205659731796214e+00
1.143082940045945683e+00
1.145792813654993969e+00
1.144055959432840108e+00
1.139949693735157421e+00
1.140701712880844765e+00
1.138931750463047399e+00
1.139591634925784636e+00
1.146501366208050099e+00
1.150038489626989069e+00
1.150964365307864057e+00
1.155792612210772008e+00
1.153679288910860912e+00
1.158144146843012923e+00
1.159670859026854073e+00
1.158041316064424731e+00
1.153012790014730227e+00
1.156423490315231728e+00
1.155022310301942801e+00
1.151589764070290123e+00
1.161585566246212453e+00
1.165022446206436246e+00
