2.250000000000000056e-01
0.000000000000000000e+00
0.000000000000000000e+00
0.000000000000000000e+00
1.844330572732340023e-01
1.842568262219888564e-01
1.550794813781678494e-01
1.541239352293970466e-01
2.238848317281604550e-01
2.259458677986804220e-01
2.277790648101320481e-01
2.063950118354309915e-01
2.053764806708359147e-01
2.962355657454707192e-01
2.861870155061239096e-01
2.890172405369854092e-01
2.913442993824261196e-01
2.932212230368774208e-01
3.769212742734179278e-01
3.696527066221813040e-01
3.552410142749168331e-01
3.567846498115114784e-01
3.577932482419905469e-01
3.584044617444390735e-01
5.052247361967522332e-01
4.919742914653610355e-01
4.234159903774888378e-01
4.216502759897833297e-01
4.192860301297472447e-01
4.166326619756168803e-01
5.762983804302536095e-01
5.905098372512324056e-01
5.705162852295774245e-01
5.773899511836343423e-01
5.381988545944738078e-01
4.969002851594666592e-01
4.645345319028724718e-01
6.465310143288711675e-01
5.219867524018939609e-01
5.074512102970447636e-01
4.576781412723656128e-01
3.987462314571224575e-01
3.796822638106320813e-01
5.029563007248951667e-01
4.975227477393016073e-01
4.829446582896941842e-01
4.407245425035037356e-01
4.558041483717365505e-01
4.470184878988912591e-01
4.273587699911696736e-01
5.773864083712477724e-01
5.626514682328410677e-01
5.565396070875373580e-01
5.236699999619016666e-01
5.447330797723581863e-01
6.623678367271377265e-01
6.464303989178956655e-01
6.539584842245362850e-01
6.620915573064738435e-01
6.535678434480823862e-01
7.528622434546148323e-01
7.355111376752662133e-01
1.052697682091958686e+00
1.163190703493260703e+00
1.170282935192892948e+00
1.156887523253081973e+00
1.153129635546120690e+00
1.180072260138919304e+00
1.102920639472461550e+00
1.089904594154021300e+00
1.133419419273776985e+00
1.111774163716566788e+00
1.112410279138124292e+00
1.106680610534213294e+00
1.280482201505100504e+00
1.259969458510533435e+00
1.302414559581954734e+00
1.357136961392947150e+00
1.377238013546044249e+00
1.391187765363780304e+00
1.364302627927659328e+00
1.388827990376795718e+00
1.372468256507249906e+00
1.401939565370951435e+00
1.422268393385944574e+00
1.448762324605393337e+00
1.465384063412591642e+00
1.414438389962130671e+00
1.383785287798985797e+00
1.386635135656616447e+00
1.383248962622561917e+00
1.395550519989193328e+00
1.370256087624314612e+00
1.389312260683763345e+00
1.396753526849872751e+00
1.381106882461067054e+00
1.369757941056964468e+00
1.361010809509868746e+00
1.345596315726867109e+00
1.335588928472167147e+00
