2.250000000000000056e-01
0.000000000000000000e+00
2.748905370438926576e-01
7.148022404061119550e-01
9.352762618324056421e-01
8.848617002838135015e-01
1.035344135146951672e+00
9.608951285903378770e-01
9.595186730908837891e-01
9.878264661859145201e-01
1.000236574886517404e+00
9.727490465353201277e-01
1.004683436961884224e+00
9.977216597963074474e-01
9.954056030832018065e-01
1.018516321298466254e+00
1.017647666252256666e+00
1.015730994830756684e+00
1.003322587864601712e+00
9.890552447526248514e-01
9.669985473184619096e-01
9.897859458356205176e-01
1.004957480751536902e+00
1.009014624817993866e+00
1.019956225212627743e+00
1.029269106761111052e+00
1.053238636571798725e+00
1.051630420121425491e+00
1.042531291224962242e+00
1.038616787318297874e+00
1.016517937911108005e+00
1.006274224823737962e+00
1.011049371709712874e+00
1.013240720516079163e+00
1.031785704765406653e+00
1.059699465220807602e+00
1.061217874202097011e+00
1.076631644199356197e+00
1.080815728839924050e+00
1.086717935284796654e+00
1.094681160127333186e+00
1.104446915442096833e+00
1.100516953983210477e+00
1.102070792266547139e+00
1.101672413721241472e+00
1.090664385802290415e+00
1.097907478099605649e+00
1.073216839562478375e+00
1.073606756176270327e+00
1.064180406258834921e+00
1.051091763185539429e+00
1.055951048228492395e+00
1.067763436093341678e+00
1.078694424785977546e+00
1.088849149299233154e+00
1.088235892061739651e+00
1.090210540533504080e+00
1.083699694865321694e+00
1.073877753751521835e+00
1.082026248124368095e+00
1.076816918706412940e+00
1.076644667919663512e+00
1.073905735266329708e+00
1.064970403878984895e+00
1.075541907777761708e+00
1.076118039311708241e+00
1.072951768185680388e+00
1.072897508530013644e+00
1.082668541256430972e+00
1.084420500598582082e+00
1.096249224623996321e+00
1.096407297094893041e+00
1.102710610356219201e+00
1.105433802313419811e+00
1.105011106979829183e+00
1.110412641668321099e+00
1.095579587775372232e+00
1.091401257391158675e+00
1.089113164137112788e+00
1.092790666948152634e+00
1.090654742901727037e+00
1.088831140948056886e+00
1.097976178771071121e+00
1.093167652246208599e+00
1.089221378563621778e+00
1.087358982726778667e+00
1.084692604477678124e+00
1.084330233211839190e+00
1.089471145750422698e+00
1.089253176940419232e+00
1.087438803626213257e+00
1.088991062085859829e+00
1.092378369310983643e+00
1.088463465592362178e+00
1.100953392252675966e+00
1.110045783895944993e+00
1.119439887762462060e+00
1.117298663421265825e+00
1.109083555563811663e+00
1.101278800587759843e+00
