2.250000000000000056e-01
0.000000000000000000e+00
0.000000000000000000e+00
1.308869341594348423e+00
1.236890285127760336e+00
1.163870769941307337e+00
1.163681138722798547e+00
1.107921596829178679e+00
1.069050317037141706e+00
1.039396685665066045e+00
1.009906981610065202e+00
9.180646640717073925e-01
8.610701463658568811e-01
7.966867372828697613e-01
8.635661523581402710e-01
8.950047464814887554e-01
8.850862258875961119e-01
9.070993461303766825e-01
9.032448263287683465e-01
9.109955208738533816e-01
9.109552495046105980e-01
8.956021189904672664e-01
9.006094803377709956e-01
8.747700409082680428e-01
8.258367513520687986e-01
7.865523785030561488e-01
7.893224641603620029e-01
7.874136337102422001e-01
7.918562455641035003e-01
7.772322421709594309e-01
7.732411532070313509e-01
7.747973545807090856e-01
7.743463523076884458e-01
7.891240416521713152e-01
7.990117306611831394e-01
7.973907382712243086e-01
7.848579142440503809e-01
7.667687235528599654e-01
7.528024590957543838e-01
7.600576317874354615e-01
7.592361747092619684e-01
7.400858611862382030e-01
7.394074667120462685e-01
7.384273909603198405e-01
7.392901120027242090e-01
7.322507389175441084e-01
7.222221319314519050e-01
7.219794285335380257e-01
7.089080456215577364e-01
6.987697144312914332e-01
6.868921066201622017e-01
6.786612140637883206e-01
6.787836742879805874e-01
6.760028428150061108e-01
6.755389086909689977e-01
6.837897959318669505e-01
6.927699629959080951e-01
7.015717292945862216e-01
6.987616342357647614e-01
7.051960465534349298e-01
7.058570105009421836e-01
7.045867355171917534e-01
6.930725592405053703e-01
6.767575162937178312e-01
6.616721301854684434e-01
6.508841160503423540e-01
6.556547478736715062e-01
6.560555007530585181e-01
6.572343173965047303e-01
6.597353802092955632e-01
6.664792810023982828e-01
6.820692001144909034e-01
6.857945360435921955e-01
6.943576182388662144e-01
7.014617803253679895e-01
7.099384593152530121e-01
7.036563714932465574e-01
7.096203157631135738e-01
7.114397337475339977e-01
7.001650055387745875e-01
6.985425403066871652e-01
7.080527696085623379e-01
7.117711396579493588e-01
7.181840845519129601e-01
7.145847814718218061e-01
7.117421495949466381e-01
7.121145355246899511e-01
7.171271967910152201e-01
7.136359281517465902e-01
7.152868231888792616e-01
7.199010354442858528e-01
7.253930478197566645e-01
7.269067172237900776e-01
7.321639980309078144e-01
7.362068749743109208e-01
7.231746616032717068e-01
7.240268101233408027e-01
7.251107956182871739e-01
7.237744283265821199e-01
7.222633578399915155e-01
