2.250000000000000056e-01
0.000000000000000000e+00
2.569314732473697016e-01
3.754825053538787261e-01
4.500422534846091893e-01
4.033921075485077945e-01
9.080472018450711502e-01
1.242062588593755734e+00
1.243440189416485264e+00
1.275209452962463130e+00
1.196800874780408863e+00
1.197267665735342712e+00
1.226880942919096995e+00
1.276494784562886675e+00
1.291350724148436324e+00
1.294918700911574128e+00
1.291159369652947975e+00
1.281414295325083996e+00
1.271402153762376974e+00
1.243925941628691412e+00
1.230125145633279349e+00
1.233937046012415051e+00
1.243845858156326090e+00
1.266225134433883515e+00
1.285602220336556467e+00
1.309734764742515267e+00
1.325883672974492278e+00
1.320160190427645652e+00
1.318669315446536761e+00
1.301693672385365375e+00
1.287538553260358709e+00
1.284148253933813821e+00
1.277562452769482437e+00
1.283980613918012104e+00
1.285504523257552600e+00
1.288175377808068678e+00
1.306746830446434027e+00
1.321034693260108916e+00
1.321686739044679815e+00
1.307716117615207452e+00
1.293144246138149489e+00
1.278484698015469823e+00
1.278562570533064102e+00
1.273862965421294069e+00
1.278434135737177346e+00
1.289095217637764357e+00
1.272535043435577773e+00
1.269361432000007284e+00
1.257816292543954884e+00
1.260229812165258867e+00
1.244425658669361168e+00
1.240547835199177440e+00
1.254581409920932478e+00
1.260151784022457200e+00
1.272567005900683501e+00
1.260831304288652310e+00
1.258025788966752101e+00
1.251181039034072295e+00
1.257923664159316113e+00
1.259558051718185023e+00
1.256796612557352866e+00
1.254340512294535026e+00
1.249207947786844963e+00
1.250728264288149427e+00
1.251949687556614954e+00
1.248849507491233579e+00
1.243178215648400586e+00
1.243202487875064932e+00
1.242960407338816742e+00
1.243341782742842794e+00
1.240980526862900168e+00
1.233514116158393570e+00
1.235984503900871667e+00
1.235165356773279433e+00
1.241221912922244153e+00
1.241972834138932891e+00
1.243505183400493763e+00
1.243795241444842992e+00
1.242546204174455493e+00
1.242543792289651838e+00
1.240507138128149611e+00
1.237251588887881448e+00
1.238645833533288831e+00
1.240349067311125042e+00
1.241333484192359782e+00
1.239959042646257004e+00
1.243709240627790091e+00
1.243610007653692007e+00
1.243818057982600145e+00
1.243996060391148406e+00
1.242291004651018715e+00
1.241198708606469525e+00
1.239025520852713003e+00
1.238163663574118001e+00
1.236938036591853862e+00
1.237515204104373767e+00
1.239370291913780564e+00
1.238570822938959148e+00
1.240045215803601719e+00
1.238573095248514999e+00
