2.250000000000000056e-01
0.000000000000000000e+00
0.000000000000000000e+00
1.662228044085134915e+00
1.651637242621725177e+00
1.641596156389469652e+00
1.630316317063323028e+00
1.630764894998268488e+00
1.625239539251897902e+00
1.622511005501849235e+00
1.615044077871615524e+00
1.601189820213213322e+00
1.556126208896191132e+00
1.513211264596614924e+00
1.487692829146842532e+00
1.433243313790743212e+00
1.417089661340076079e+00
1.440525942177950380e+00
1.426390480905585401e+00
1.376600574578011216e+00
1.357594236415737621e+00
1.357672142250208713e+00
1.368455152948903075e+00
1.331476443396105269e+00
1.298292330885878698e+00
1.240792321768459328e+00
1.245492166376259258e+00
1.219804699584730479e+00
1.196897778812163526e+00
1.150482483720276505e+00
1.122103782330502009e+00
1.120901927608483728e+00
1.084616164189524223e+00
1.095662432578561551e+00
1.094428668543940164e+00
1.081160508126930875e+00
1.056039972193042908e+00
9.928517213379163264e-01
9.409639582164160965e-01
9.272077272697366590e-01
9.217458361133319400e-01
9.293608490258421506e-01
9.075982030913516407e-01
9.054865300041000653e-01
8.946781796692117039e-01
8.792040900291619998e-01
8.847177442468485697e-01
8.803655408830685092e-01
8.798676789210015947e-01
8.844433589043801947e-01
8.932517682823500893e-01
8.993296644446695520e-01
9.153823302428534259e-01
9.326879567845458574e-01
9.608623845098714922e-01
9.667784871258339185e-01
9.644275785234520670e-01
9.900396785939428179e-01
9.825085393267518619e-01
9.794744418679928177e-01
9.932613236528797795e-01
1.006721488005092757e+00
1.009097737580793686e+00
1.011247085919348088e+00
1.010513936055220663e+00
9.947197785414974014e-01
9.967633650436096282e-01
1.000969612621571248e+00
1.009035967535745648e+00
9.954811732534607494e-01
1.000635300026391228e+00
1.007494358394900535e+00
1.007966572977624375e+00
1.009093683998404822e+00
1.010092180092012182e+00
9.994883805549299449e-01
9.917742764633007413e-01
9.963368463487192184e-01
1.011461629615463265e+00
1.029857101499348060e+00
1.048048094305400912e+00
1.052930005120272794e+00
1.074408692237694751e+00
1.075531901950681712e+00
1.078227400351663867e+00
1.089208852521223569e+00
1.096704193722227938e+00
1.116181604226157864e+00
1.117954480814095541e+00
1.116373397232063303e+00
1.127988437913336028e+00
1.134124434317131280e+00
1.151934111688817097e+00
1.150850994575638886e+00
1.149253755752473571e+00
1.157360554555126209e+00
1.160908252815118002e+00
1.153386138922883219e+00
1.148212019664622607e+00
1.145603300076737385e+00
