2.250000000000000056e-01
0.000000000000000000e+00
0.000000000000000000e+00
0.000000000000000000e+00
0.000000000000000000e+00
0.000000000000000000e+00
0.000000000000000000e+00
0.000000000000000000e+00
0.000000000000000000e+00
0.000000000000000000e+00
0.000000000000000000e+00
0.000000000000000000e+00
0.000000000000000000e+00
0.000000000000000000e+00
0.000000000000000000e+00
4.381604858315728546e-01
7.201901465228488508e-01
6.198607930282972189e-01
6.400710314263196032e-01
6.757512967138470383e-01
7.251396748343073018e-01
7.488882845315866232e-01
7.908431996302832667e-01
9.417098736310308693e-01
1.046133009825481075e+00
1.148068505329712385e+00
1.262114259553716478e+00
1.481871644442414038e+00
1.541799824811464825e+00
1.576377465024815239e+00
1.637380284693264798e+00
1.668500208978459742e+00
1.684346157538307853e+00
1.693066124594663657e+00
1.703632679549496931e+00
1.692483605957282977e+00
1.687852297949658187e+00
1.654563602604006478e+00
1.639319415992093187e+00
1.622783979391912768e+00
1.609190988499815234e+00
1.599031408500166007e+00
1.588413937134051768e+00
1.567241877357705704e+00
1.548996848408473070e+00
1.537562743169633261e+00
1.514865706589288319e+00
1.504368958095206210e+00
1.494284520394951077e+00
1.457248151241916423e+00
1.416370088063005461e+00
1.399778584025171746e+00
1.350217364319603597e+00
1.366003461492960147e+00
1.360376397872818277e+00
1.338737161078475069e+00
1.282188210754551250e+00
1.230550755643733174e+00
1.202267054730003393e+00
1.184057296049278341e+00
1.214627960932888495e+00
1.226756851489159805e+00
1.245062046868645966e+00
1.257857971373269601e+00
1.269513922837087083e+00
1.301531706513549658e+00
1.320908020263456883e+00
1.347696219651533411e+00
1.380204916792516112e+00
1.399604298556455406e+00
1.419001779265798513e+00
1.432019432152386695e+00
1.446898451484556425e+00
1.518309552402596019e+00
1.531033905957993380e+00
1.508943725035779337e+00
1.507419074976373397e+00
1.517482683210080729e+00
1.516136796659536490e+00
1.533404705888515629e+00
1.554166839371270648e+00
1.545093722770847666e+00
1.552763891802127150e+00
1.570165752801920389e+00
1.581944597565116517e+00
1.594512509851760296e+00
1.647272969322031377e+00
1.645727442646412575e+00
1.641869587954886578e+00
1.649957474345103092e+00
1.642919197223450922e+00
1.624819985458736182e+00
1.608867469480082413e+00
1.629790062139637286e+00
1.608433172949601753e+00
1.600591474451938723e+00
1.581125019702839918e+00
1.569672716327451090e+00
1.564727664260506357e+00
1.569557901251068754e+00
