2.250000000000000056e-01
0.000000000000000000e+00
0.000000000000000000e+00
0.000000000000000000e+00
1.743031741462441220e+00
1.610233817703185633e+00
1.489576827615588295e+00
1.536991355588411157e+00
1.466187878138345724e+00
1.563847429284410451e+00
1.498156375984007083e+00
1.458191079801254286e+00
1.413047908554279308e+00
1.389691105071942046e+00
1.365796670693959269e+00
1.399110579569138091e+00
1.373757444943092487e+00
1.334455051773628220e+00
1.303166976097858365e+00
1.296309549050457033e+00
1.233933153656729953e+00
1.213621595924783358e+00
1.168533288462091368e+00
1.241857751235524665e+00
1.229326279660465593e+00
1.170623260875556904e+00
1.143538711577994471e+00
1.094799881160323674e+00
1.102289212816093045e+00
1.029405901240093568e+00
1.034073009547622712e+00
9.690904303452619883e-01
9.593976939038350027e-01
9.470667435908720622e-01
9.902692792560562340e-01
1.002367653108021894e+00
1.025099535118960015e+00
1.012332312311796656e+00
1.075932966317288075e+00
1.118869819550521338e+00
1.133746049788627808e+00
1.230220830193785808e+00
1.232133667872368665e+00
1.277217440491311917e+00
1.319650503473090986e+00
1.325025178314966690e+00
1.318683728729601157e+00
1.314257653616400567e+00
1.355797322427640950e+00
1.363259963859628554e+00
1.343397464005042119e+00
1.375103487240139088e+00
1.390123788422307216e+00
1.389721986358702921e+00
1.377436740036973584e+00
1.367511461930480232e+00
1.352207892758329422e+00
1.340704471483603610e+00
1.325131331617404262e+00
1.331101099586703640e+00
1.356762084582301853e+00
1.333112835787873207e+00
1.317045578988545795e+00
1.313485306070198755e+00
1.290673844226281508e+00
1.282754895914576032e+00
1.249383684502289205e+00
1.173842446241269988e+00
1.146438018378509893e+00
1.139536175829314546e+00
1.125141493088328115e+00
1.088816076231790442e+00
1.086432274999986403e+00
1.077662474366273049e+00
1.048677245521358881e+00
1.029300020196628251e+00
1.019692647167517174e+00
1.023409311320074844e+00
1.056597812509302292e+00
1.076469774114384714e+00
1.112142283287259392e+00
1.117794908135194998e+00
1.156265404876934744e+00
1.173803801534703872e+00
1.222133770964997757e+00
1.248963261842007677e+00
1.253048768033193872e+00
1.325253907985922908e+00
1.351895506349386045e+00
1.358443854702709563e+00
1.357039113161113253e+00
1.360915406633447899e+00
1.365616005078355233e+00
1.385434770943045901e+00
1.395151867586778227e+00
1.387650036345108751e+00
1.399622864092053609e+00
1.407024758323753622e+00
1.422420528591306521e+00
1.395939849091386575e+00
