2.250000000000000056e-01
0.000000000000000000e+00
0.000000000000000000e+00
0.000000000000000000e+00
0.000000000000000000e+00
1.708272225209919171e-01
2.218130785583971865e-01
2.161171824747026016e-01
2.168209085177951745e-01
2.687568779242814898e-01
2.712494157007377393e-01
2.776439840947584337e-01
3.198284478892290950e-01
3.314357509220477449e-01
3.271699453542071812e-01
3.954159172956638879e-01
3.864736297802990883e-01
3.869474779406278375e-01
3.993120510007149293e-01
4.202918614737843339e-01
4.051610740330334193e-01
4.223360827597062439e-01
4.140476846233223651e-01
4.334867453319215524e-01
4.620142906060344390e-01
4.530387068493231806e-01
1.131975411536618958e+00
1.109748255658062677e+00
1.106194197305307991e+00
1.097739419596761135e+00
1.096748529604022471e+00
1.017390247600195474e+00
1.039489878828530500e+00
1.087861923648303586e+00
1.115545888916317452e+00
1.121794046167400749e+00
1.153675651881468145e+00
1.170529324355301215e+00
1.189071104114022503e+00
1.209735163686333603e+00
1.189033593391024324e+00
1.172993675319186302e+00
1.169628242507268157e+00
1.167710583865710250e+00
1.173425284072701302e+00
1.183917807656780452e+00
1.185255479940295231e+00
1.178344345229641599e+00
1.187160604184910984e+00
1.192816626107912725e+00
1.206531097217158122e+00
1.216984663567939551e+00
1.214722455925903999e+00
1.226878835256423717e+00
1.211751162004392368e+00
1.207895673155459759e+00
1.214337731799516540e+00
1.195898986751046777e+00
1.195220670397386220e+00
1.205411001804493232e+00
1.209026868291426693e+00
1.214854414741525224e+00
1.217250908120996344e+00
1.226084031518911877e+00
1.232894971828377040e+00
1.237649405240293765e+00
1.238459220401050942e+00
1.240699091584777092e+00
1.241041649236771516e+00
1.241308054594692623e+00
1.235080506318267268e+00
1.218206329138991517e+00
1.220079830175412550e+00
1.219245277562051477e+00
1.227489776840628766e+00
1.242952762411732692e+00
1.240287386088311905e+00
1.252314402379436364e+00
1.249429914512093509e+00
1.249674449199791315e+00
1.222803695145236569e+00
1.187744756475207053e+00
1.206398149080422533e+00
1.211426958034314438e+00
1.218630626447326337e+00
1.235472740403817049e+00
1.240115172232983731e+00
1.248221559775506861e+00
1.249385014723091603e+00
1.256196135934724678e+00
1.269333492845595046e+00
1.262526948695146034e+00
1.264643003177009506e+00
1.265697427793071261e+00
1.258402016152380343e+00
1.249453749263851998e+00
1.248838691111145094e+00
1.235461541832659327e+00
1.243483582806796939e+00
1.243271187238897957e+00
