2.250000000000000056e-01
0.000000000000000000e+00
0.000000000000000000e+00
0.000000000000000000e+00
0.000000000000000000e+00
0.000000000000000000e+00
0.000000000000000000e+00
2.754197477293980345e+00
2.641776970483922682e+00
2.608662089340547663e+00
2.557044481463381924e+00
2.527248638523497792e+00
2.331906381333450184e+00
2.183485587639409253e+00
2.121541635937123971e+00
2.090849873584495811e+00
2.052309601325547295e+00
2.042664499388848309e+00
2.072553638212379479e+00
2.150542411055744285e+00
2.141647479802601506e+00
2.149069790803303182e+00
2.125875678887549469e+00
2.119796897389824242e+00
2.189859547048728317e+00
2.222740183248101076e+00
2.205763772504365061e+00
2.183994386000744470e+00
2.202215258217301130e+00
2.156589332769485612e+00
2.178700861307052428e+00
2.140408497456162351e+00
2.112232443340120280e+00
2.054380359872727269e+00
2.034801877578309437e+00
2.009913273186451743e+00
1.968987635491086463e+00
1.942597238226180023e+00
1.995845567372523499e+00
1.991044025532728190e+00
1.986793075685265419e+00
1.970923935194106580e+00
1.957519879632431126e+00
1.953249936901239048e+00
1.946790605032921118e+00
1.974480808743556803e+00
1.979418140863913989e+00
2.025210369389532694e+00
2.039088175072167441e+00
2.095892888619978578e+00
2.083890913263808375e+00
2.054471876641047245e+00
2.012715390768017532e+00
1.982009748076963174e+00
1.958039601929008722e+00
1.944896788854104441e+00
1.944915709881682941e+00
1.954627242674789489e+00
1.973639795196459046e+00
1.956485040711487988e+00
1.954614713320789399e+00
1.967931803909374056e+00
1.960172885058882652e+00
1.982541831357069517e+00
1.984377867617880931e+00
1.971884347483501276e+00
1.964050070361798683e+00
1.965213261962588609e+00
1.958385628742964846e+00
1.990129115070047083e+00
1.984561577447534031e+00
1.976626722718672680e+00
1.977790820294774932e+00
1.973301050163429160e+00
1.954596323330202834e+00
1.937795996476062044e+00
1.939619014416013032e+00
1.945707772563946669e+00
1.926954102077903741e+00
1.921971397015042049e+00
1.924300120498434241e+00
1.921169583233981015e+00
1.957381812988215231e+00
1.963256237333605547e+00
1.969975047075205765e+00
1.963974166241994057e+00
1.962156923611795500e+00
1.966193603483251895e+00
1.973868057308778123e+00
1.976850378243557582e+00
1.975133385494800997e+00
1.973070497567809722e+00
1.981717615293315360e+00
1.963162435188110067e+00
1.954439711576815730e+00
1.966250427583964955e+00
1.956900562353358852e+00
1.939827350728533517e+00
1.932441380758765703e+00
1.919971319904085316e+00
