2.250000000000000056e-01
0.000000000000000000e+00
0.000000000000000000e+00
0.000000000000000000e+00
0.000000000000000000e+00
0.000000000000000000e+00
0.000000000000000000e+00
0.000000000000000000e+00
0.000000000000000000e+00
0.000000000000000000e+00
0.000000000000000000e+00
0.000000000000000000e+00
1.524331209218109162e+00
1.370691743752108449e+00
1.010556344348280788e+00
7.566597181114377291e-01
7.023224351870447357e-01
7.075025146653632913e-01
7.713483444971777070e-01
7.675140487279461521e-01
7.593265678787370909e-01
8.582069158574477941e-01
9.126063810872016013e-01
9.143392157258725117e-01
8.490199445542543355e-01
8.507897930368618633e-01
8.733480881048912847e-01
8.948532320981958943e-01
9.207894160452335663e-01
8.916635675500140801e-01
9.014371947180043199e-01
9.223885204140446215e-01
9.226964720224953842e-01
9.059970345930861146e-01
8.773384789887395119e-01
8.437917213305756725e-01
8.430999658877862402e-01
8.582783115322900613e-01
8.715513783608064280e-01
8.598976875351735938e-01
8.558187191851468478e-01
8.666677398454902814e-01
8.757947588895221847e-01
8.727271614900296015e-01
8.592882849626655162e-01
8.622404714089976219e-01
8.401389285822662423e-01
8.349392855050721263e-01
8.219062532555628797e-01
8.347038822110256495e-01
8.194146519288911801e-01
8.189046219871225496e-01
8.167203550972288451e-01
8.396239500671761613e-01
8.378744717788852991e-01
8.478180453908100711e-01
8.432096143023152246e-01
8.488266540493396572e-01
8.552551630656741732e-01
8.670803518569210055e-01
8.758788279344169592e-01
8.588724868005227497e-01
8.525387781147010235e-01
8.448209801595717439e-01
8.125701135608887071e-01
8.094844825954033984e-01
7.899760733527211309e-01
8.026819905701815250e-01
8.134839820856545334e-01
8.309734936782566805e-01
8.455348591742718467e-01
8.479428496417938943e-01
8.653647159940159872e-01
8.646227828282715411e-01
8.745841059779694282e-01
8.767510412417075516e-01
8.743970078801046597e-01
8.763147600063014853e-01
8.955980948244968154e-01
9.117488856529775143e-01
9.141564352321022158e-01
9.244247311995136274e-01
9.272054402433904663e-01
9.441356026887388619e-01
9.374528118828502343e-01
9.370460615096865009e-01
9.222004535593495422e-01
9.316521412111229417e-01
9.263990305798250890e-01
9.211143665034317030e-01
9.140118565363890557e-01
9.078678597926145288e-01
8.906301333158478384e-01
8.678699746756608491e-01
8.636245098700739975e-01
8.546515991138283752e-01
8.364500546367933387e-01
8.339560387576113731e-01
8.393404837164067933e-01
8.554643181746142133e-01
