2.250000000000000056e-01
0.000000000000000000e+00
0.000000000000000000e+00
9.270086975711734345e-01
9.362873078656257508e-01
9.468013912238281149e-01
9.489755043840452098e-01
1.233283509172508730e+00
1.245357669486605756e+00
1.241857344156979348e+00
1.255691751884316698e+00
1.258580039463044198e+00
1.221668963054166168e+00
1.219231753397834739e+00
1.208181952786053559e+00
1.187247452578574780e+00
1.225886591441879947e+00
1.169485016621437889e+00
1.158371013686482875e+00
1.153379807635747323e+00
1.156192770713393880e+00
1.161225111541856370e+00
1.164084450952269201e+00
1.110778790012863393e+00
1.095540072016609967e+00
1.090999182542528922e+00
1.089044629129925168e+00
1.075436966699829799e+00
1.073461244787615287e+00
1.078892626373621821e+00
1.058535099114292777e+00
1.054446657099311402e+00
1.033821356319617468e+00
1.003003417835500288e+00
1.003197024673823101e+00
1.009778332599868822e+00
1.001719770550850486e+00
1.018940787926535085e+00
1.019970205069391289e+00
1.025722301356310373e+00
1.030608844170927130e+00
1.038174448670517336e+00
1.042207554241245893e+00
1.044404968283372037e+00
1.049357983983851383e+00
1.044113633848437805e+00
1.031140861415950294e+00
1.027685413977563966e+00
1.016508003882719668e+00
1.007730082950951900e+00
1.008530719447285007e+00
1.009177328508666038e+00
1.019019125439768914e+00
1.031371392450947555e+00
1.025330071722309722e+00
1.018472500650706047e+00
1.017990891422930533e+00
1.016427589104078377e+00
1.023769622101566856e+00
1.014261622320214995e+00
1.004747824269013767e+00
1.008260222639513204e+00
1.014964567318995092e+00
1.021988319006006618e+00
1.020019073734346415e+00
1.022198203834511876e+00
1.026005990896603715e+00
1.026289025320760828e+00
1.019726999012863677e+00
1.014966997654404013e+00
1.008689957696947026e+00
1.008294225495477425e+00
1.006607596602723254e+00
1.005400102443873678e+00
9.943548517912853546e-01
9.913171780299148139e-01
9.917698744224506813e-01
9.938441923815659607e-01
9.929516233015444060e-01
9.863673748174441869e-01
9.859604259299238338e-01
9.934712052112528724e-01
9.909464670767575978e-01
9.910503629900725420e-01
9.902659092197326762e-01
9.900242310634796983e-01
9.897971091759555362e-01
9.922829486248908593e-01
9.879599829146622492e-01
9.895292965146167408e-01
9.910031330236543923e-01
9.885641102028480676e-01
9.894206377616932002e-01
9.915994508379222250e-01
9.915830939944967337e-01
9.875318407535859100e-01
9.879695863646280607e-01
1.000710056107830370e+00
9.938087745002480711e-01
9.851429152027029179e-01
