2.250000000000000056e-01
0.000000000000000000e+00
0.000000000000000000e+00
5.358138301015356875e-02
4.950894331211700555e-02
4.950090007540888098e-02
5.038889374271502547e-02
4.949917360737830091e-02
6.752171012664726080e-02
7.004471848373397536e-02
7.280647814669584383e-02
8.875545004474613697e-02
9.266490161323476249e-02
1.026769476835218409e-01
1.089373157009288079e-01
1.254459110042702719e-01
1.302099224044681591e-01
1.386454054868624386e-01
1.517402421149905145e-01
1.613884842816472043e-01
1.575172548124080807e-01
1.648884012482750294e-01
1.891784884455584015e-01
1.826169891199229678e-01
1.824706396313779677e-01
1.850415590931692444e-01
2.061914114367827677e-01
1.957255863293755893e-01
2.072306875237281965e-01
2.090591737628873237e-01
2.225591268128661593e-01
2.361272316851315278e-01
2.368238202784326285e-01
2.308890167824394213e-01
2.457846585005233342e-01
2.552297553140701059e-01
2.530568985865519482e-01
2.790133430053036712e-01
2.781658971814618964e-01
2.828853502744643755e-01
2.905761143664775670e-01
2.953796419382773153e-01
3.144845157196512475e-01
3.264590899414337444e-01
6.753540962593300723e-01
7.781480428235467706e-01
8.173944778717900927e-01
8.033060627365129491e-01
7.898562597134953789e-01
7.878819463661517197e-01
7.781200193773589735e-01
8.128602177099231163e-01
8.519741515107828178e-01
8.696687789413518610e-01
8.764321329720390352e-01
8.616971626741811718e-01
8.716659763084770862e-01
8.961473205984019641e-01
8.770114393432774103e-01
8.421389643489778365e-01
8.251240683360969719e-01
8.248277129332928226e-01
8.118949734854696842e-01
8.101124281920973891e-01
7.825349365419563830e-01
7.897554957647392460e-01
8.237282474522512610e-01
8.531661998010257042e-01
8.721183790208786313e-01
8.962842663887508055e-01
9.102082695024746872e-01
9.136908860163938106e-01
8.900185301723224640e-01
8.794086576876291028e-01
8.588289707273308871e-01
8.332303322452705441e-01
8.351834019243831175e-01
8.327649489120836357e-01
8.431747778368581248e-01
8.465336418778651728e-01
8.435817985367717320e-01
8.389318610440653634e-01
8.389645500516543786e-01
8.523360233181555001e-01
8.501737704706936460e-01
8.636339003473860743e-01
8.814431255983464775e-01
8.893982694002054989e-01
8.902414746249588395e-01
8.801427841066127300e-01
8.621575594912573859e-01
8.703901011552013234e-01
8.785540419910716770e-01
8.695226677688425720e-01
8.630114458698153745e-01
8.532022571358793828e-01
8.383518122531382621e-01
8.213273258750651840e-01
8.289728990543420162e-01
8.387186868315675836e-01
