2.250000000000000056e-01
0.000000000000000000e+00
0.000000000000000000e+00
0.000000000000000000e+00
0.000000000000000000e+00
0.000000000000000000e+00
0.000000000000000000e+00
0.000000000000000000e+00
0.000000000000000000e+00
0.000000000000000000e+00
0.000000000000000000e+00
0.000000000000000000e+00
0.000000000000000000e+00
0.000000000000000000e+00
0.000000000000000000e+00
0.000000000000000000e+00
0.000000000000000000e+00
0.000000000000000000e+00
0.000000000000000000e+00
0.000000000000000000e+00
0.000000000000000000e+00
8.184877754264667515e-02
1.331987948543497391e-01
1.309664975487332683e-01
1.316866641841708263e-01
1.840980227568080607e-01
1.630561393774425105e-01
1.693551285517211902e-01
2.104103297645983084e-01
2.112924036908226111e-01
2.202222096524817097e-01
2.667636084004346708e-01
2.747611236220692255e-01
2.875292393111161249e-01
2.915137672385541556e-01
3.439265760046413822e-01
3.534163682644684279e-01
3.680551026042224727e-01
3.730701165797086216e-01
4.294030497825578885e-01
4.386446421964391718e-01
4.575696666636649979e-01
4.579454761553001241e-01
5.142646567239527178e-01
5.223450416955337516e-01
5.202094276879722923e-01
5.211387309142161417e-01
5.321549147237151223e-01
5.026325101272889340e-01
6.763177778071033375e-01
6.954479180596989663e-01
6.747025015110883484e-01
6.937524140681461393e-01
6.814145871128330922e-01
7.426195180466079737e-01
8.532686370198727666e-01
8.769639661427794941e-01
9.203815668282938622e-01
9.344019970473358416e-01
9.356387384068830526e-01
9.649884323357688087e-01
9.757462370670577645e-01
9.719668077884844326e-01
9.684536949185820198e-01
9.779024670855361867e-01
9.745163516708622575e-01
9.797242727159221065e-01
9.758336958708442310e-01
9.453934638086959330e-01
9.316143852466709507e-01
9.198541809794568147e-01
9.162701551015222101e-01
9.065309279046248614e-01
8.911746054643736592e-01
8.866297826465485699e-01
8.771027652167260324e-01
8.941330334255438439e-01
9.011957934987736563e-01
9.079065896622747767e-01
9.227935714167296855e-01
9.521679121916287736e-01
9.753048104346605518e-01
9.921418519338591757e-01
1.013326503967720615e+00
1.022013881304815186e+00
1.031861667761922563e+00
1.035829218113078376e+00
1.031679730458365141e+00
1.019289258810862853e+00
1.028118760710100332e+00
1.027966742476809747e+00
1.015355859734028643e+00
1.014343380874721534e+00
9.968121624955273985e-01
9.745206343547136996e-01
9.685724877199614058e-01
9.576030631016275718e-01
9.532453298866501168e-01
9.498993717081750665e-01
9.513077114838260906e-01
