2.250000000000000056e-01
0.000000000000000000e+00
0.000000000000000000e+00
0.000000000000000000e+00
0.000000000000000000e+00
0.000000000000000000e+00
3.453765690456142012e-01
3.636586388283059024e-01
4.174383045703946582e-01
4.442801660787614182e-01
5.348780939843040816e-01
5.479533666459968089e-01
5.679569354695176431e-01
5.318877309789209473e-01
9.616826780468105129e-01
9.779607287005745997e-01
9.270696892198885264e-01
1.096205148433436527e+00
1.132635325891774292e+00
1.124583093544833989e+00
1.152499563283284623e+00
1.123613560853626403e+00
1.121112477743479552e+00
1.244315871671187512e+00
1.254050009154003664e+00
1.261782948061574761e+00
1.228193691455469194e+00
1.215400547133333342e+00
1.238511220874661811e+00
1.265102820336815759e+00
1.299980562000308870e+00
1.327526471705894107e+00
1.319913522502181413e+00
1.323733470708478910e+00
1.359611174670621869e+00
1.362861641682884706e+00
1.342599354274712775e+00
1.333248770796338301e+00
1.311001208734110968e+00
1.255537795225912578e+00
1.245928280073966610e+00
1.240043465974743242e+00
1.224843560685867194e+00
1.234014093193311457e+00
1.233200225419020413e+00
1.244802541408839947e+00
1.249908786467087918e+00
1.243108857815236723e+00
1.243627053500746538e+00
1.238643269387135426e+00
1.243112760413825679e+00
1.224706253310840820e+00
1.229639312887409242e+00
1.219635078584097476e+00
1.234166982769602461e+00
1.242286529944561568e+00
1.237058088665266897e+00
1.220857951138056841e+00
1.219017576125442703e+00
1.217517452302766312e+00
1.230326527065917830e+00
1.246369872034438941e+00
1.249035598232045796e+00
1.245120926856100541e+00
1.264031874342900208e+00
1.265488218395325770e+00
1.267985786172546980e+00
1.262017000775014886e+00
1.263487013132731374e+00
1.246128402972363602e+00
1.235847417442196505e+00
1.225977515565387366e+00
1.230018017368109229e+00
1.222147573720013591e+00
1.218702105820566262e+00
1.218399614539452891e+00
1.222946781692376472e+00
1.237662475209585500e+00
1.244054438924334205e+00
1.238235202898559040e+00
1.242394907018744776e+00
1.256610772140944521e+00
1.261233913054379707e+00
1.258592025496952038e+00
1.254816984468679175e+00
1.245578018512791374e+00
1.245808640833465208e+00
1.250419281980126529e+00
1.247359733671550508e+00
1.254621522593767580e+00
1.252820641054509077e+00
1.255109117351093762e+00
1.257396428794278265e+00
1.269745318285928182e+00
1.265531393841274221e+00
1.282884913739675170e+00
1.280567930622569017e+00
1.276219405005633023e+00
1.276481289806030262e+00
1.282977621244146160e+00
