2.250000000000000056e-01
0.000000000000000000e+00
0.000000000000000000e+00
0.000000000000000000e+00
0.000000000000000000e+00
0.000000000000000000e+00
0.000000000000000000e+00
0.000000000000000000e+00
0.000000000000000000e+00
0.000000000000000000e+00
1.606028177387846645e+00
1.588398485286749207e+00
1.595337107579736458e+00
1.582765856328138820e+00
1.577889728266725244e+00
1.520821539607901007e+00
1.475069166595924575e+00
1.455957482918220691e+00
1.411363489997552678e+00
1.366101176675576623e+00
1.385927673838323049e+00
1.391735194696006594e+00
1.391303373862357695e+00
1.373499758514232116e+00
1.361593999376790265e+00
1.351527714715590411e+00
1.322259989794534185e+00
1.300388512748177350e+00
1.277494849026425738e+00
1.253784175336686957e+00
1.228440990562667423e+00
1.192674309733173121e+00
1.160290813192671466e+00
1.100194536853454697e+00
1.055708955982990194e+00
1.002888841333976933e+00
9.667506441648084925e-01
9.248387621677636172e-01
9.201097987945205947e-01
9.088143086997430009e-01
9.228089762245970107e-01
9.365958391431044028e-01
9.494958225903405991e-01
9.571194977760900668e-01
9.609148511914283874e-01
9.757584230996293462e-01
9.857263150988484490e-01
1.001933637247095943e+00
1.035511360472348930e+00
1.044339338293553521e+00
1.061958520603861533e+00
1.069571665384458692e+00
1.071711916320672087e+00
1.021373948117673569e+00
9.856603059616760865e-01
9.553042040438429749e-01
9.323763627870800264e-01
9.070383273903348531e-01
8.747741183705906032e-01
8.720946743130747469e-01
8.714235009769584206e-01
8.710529426455627666e-01
8.625066416154338889e-01
8.785086910478272504e-01
8.899183615359693711e-01
9.129985677897985985e-01
9.216251981012238970e-01
9.221462294419978667e-01
9.150265618948472124e-01
9.164130625837794142e-01
9.173866983072523906e-01
9.264773379989388324e-01
9.375318360761480951e-01
9.658047696256566450e-01
9.991623799665945160e-01
1.021574402018882610e+00
1.034924013284564737e+00
1.037148781637504680e+00
1.041162970615381544e+00
1.058554851194534852e+00
1.074241274966686310e+00
1.088691084603824466e+00
1.098555859265520240e+00
1.096237712765012473e+00
1.106573792566310832e+00
1.107741300678540819e+00
1.105744191855185576e+00
1.106875892706555398e+00
1.119944150247484949e+00
1.139085056426801357e+00
1.146759668563287482e+00
1.154030314076993857e+00
1.163290583966656078e+00
1.162060260488949615e+00
1.167978027790620210e+00
1.171348801006078411e+00
1.175861789756669218e+00
1.178825972521220011e+00
1.182849009045180422e+00
1.191623752202512820e+00
