2.250000000000000056e-01
0.000000000000000000e+00
0.000000000000000000e+00
0.000000000000000000e+00
0.000000000000000000e+00
0.000000000000000000e+00
0.000000000000000000e+00
0.000000000000000000e+00
0.000000000000000000e+00
0.000000000000000000e+00
0.000000000000000000e+00
0.000000000000000000e+00
0.000000000000000000e+00
0.000000000000000000e+00
2.233754978876766106e+00
2.201175765219362646e+00
2.215931006841344697e+00
2.224865024313686490e+00
2.225230785055782867e+00
2.232297012000263425e+00
2.192312512872218733e+00
2.205763236405624106e+00
2.204882931944061486e+00
2.218308898684360653e+00
2.218994068462526226e+00
2.232147234280842607e+00
2.233872830473984550e+00
2.180708977491884415e+00
2.205014775383602466e+00
2.220424701814983415e+00
2.230030889086934920e+00
2.234820968701068722e+00
2.235737532669494598e+00
2.247879200967702218e+00
2.239483084838057358e+00
2.239114802044067876e+00
2.201002874306345447e+00
2.118742351045863170e+00
2.075633275298127689e+00
2.069234011687183017e+00
2.024746891449157982e+00
1.974494773174041873e+00
1.906952527110278295e+00
1.910273703756123265e+00
1.885358529869121558e+00
1.881185301955950351e+00
1.880177350678531090e+00
1.872442959532257367e+00
1.849776908127741759e+00
1.821065409928946277e+00
1.819939114224720766e+00
1.821923935517931303e+00
1.755916998227640580e+00
1.722468672186333816e+00
1.713921219807400975e+00
1.703849035771988873e+00
1.716099113057892422e+00
1.713762698781564620e+00
1.739756187148059574e+00
1.726683968642585887e+00
1.709820592535077122e+00
1.697766789146964106e+00
1.691529206548465947e+00
1.656769624465194379e+00
1.634482728137518937e+00
1.642223529914473845e+00
1.628687186183217728e+00
1.616466554000697275e+00
1.623638470532953848e+00
1.584020543004153625e+00
1.553718987297969978e+00
1.554681617628262957e+00
1.534624661257525169e+00
1.526920293277468144e+00
1.501935246943176372e+00
1.500008128191159473e+00
1.475402597608095556e+00
1.483798400899419390e+00
1.434851603256383834e+00
1.418706501344592530e+00
1.420131398346307972e+00
1.453845442283038469e+00
1.465662619686431745e+00
1.498621261310175701e+00
1.511258048100070583e+00
1.527855431015591403e+00
1.540953283780317484e+00
1.506852945629751916e+00
1.530299851761359298e+00
1.537465307366441714e+00
1.536157032450812476e+00
1.570328352730454791e+00
1.553463198024856995e+00
1.524377900341515435e+00
1.508435291164090142e+00
1.532344052637346632e+00
1.567202345598883717e+00
1.552702118949187193e+00
1.561986170477088098e+00
1.573976237765973174e+00
