2.250000000000000056e-01
0.000000000000000000e+00
0.000000000000000000e+00
0.000000000000000000e+00
0.000000000000000000e+00
0.000000000000000000e+00
0.000000000000000000e+00
0.000000000000000000e+00
0.000000000000000000e+00
0.000000000000000000e+00
0.000000000000000000e+00
0.000000000000000000e+00
0.000000000000000000e+00
0.000000000000000000e+00
0.000000000000000000e+00
0.000000000000000000e+00
0.000000000000000000e+00
0.000000000000000000e+00
0.000000000000000000e+00
0.000000000000000000e+00
0.000000000000000000e+00
2.462973612891836139e-01
2.610225206280020749e-01
2.907356747295839483e-01
3.028932886936334667e-01
3.298978324868458989e-01
3.494428559853015592e-01
3.568162562078978084e-01
3.874321476569903555e-01
4.090897226519901730e-01
4.201820017273190100e-01
4.526988311926323783e-01
4.622242759732465567e-01
4.902253343781880490e-01
5.159957127112784203e-01
5.335295534883937041e-01
5.516833105054135267e-01
5.619630374588304722e-01
5.706854888815218185e-01
5.747673001542790150e-01
5.832005136456074323e-01
5.859346336432825764e-01
5.900347498165993132e-01
5.965225239236799926e-01
6.053531983547101314e-01
6.169893116830934554e-01
6.195994527516982542e-01
6.426698975532731950e-01
6.472448887088985137e-01
6.631118886138411828e-01
6.777066152513584463e-01
6.852563671667047940e-01
6.987669845797380708e-01
7.148288186615635587e-01
7.302903746070242841e-01
7.376160686517986287e-01
7.183153242888982160e-01
7.073992780289021232e-01
6.922364615136608057e-01
6.676643333164010707e-01
6.652245002373248228e-01
6.702263222648036090e-01
6.805673996520925639e-01
7.104831234541002516e-01
7.329583016192364742e-01
7.552895224226241488e-01
7.702456178550314281e-01
7.782006823227352044e-01
8.131778747524340822e-01
8.246845589573893465e-01
8.326105452560167430e-01
8.468453098114497868e-01
8.563069568142541721e-01
8.781612133942697795e-01
8.848475028810915965e-01
8.795816565775766982e-01
8.973398615558856317e-01
9.056737677255990437e-01
9.127392221620065360e-01
9.093708838662171168e-01
8.987366172631904293e-01
8.932544196955440885e-01
8.885102407627184506e-01
8.839384114645789658e-01
8.696755240225656491e-01
8.798944624715497875e-01
8.724741205252581899e-01
8.592480028846327667e-01
8.645529239558860102e-01
8.664663945406323453e-01
8.735761407386534172e-01
8.623108053413842677e-01
8.622228840200266697e-01
8.603103015016586586e-01
8.637092265263013324e-01
8.663081937191814408e-01
8.690474187501101566e-01
8.789340559388987284e-01
8.855962836089602552e-01
8.928364773504500196e-01
