2.250000000000000056e-01
0.000000000000000000e+00
0.000000000000000000e+00
0.000000000000000000e+00
0.000000000000000000e+00
1.188467059544916493e+00
1.188560180852010539e+00
1.203968290332846136e+00
1.202065139207271427e+00
1.198466616772313698e+00
1.181814110555628572e+00
1.175351179047885219e+00
1.176423599077119020e+00
1.177236881000062851e+00
1.178791355701818144e+00
1.147075690386361924e+00
1.116291153107567879e+00
1.116475133685717047e+00
1.098424818481630760e+00
1.091523655345791655e+00
1.099849885460188581e+00
1.089866561041000548e+00
1.123544720100829064e+00
1.135556228759281971e+00
1.139048307548903072e+00
1.128393173539803618e+00
1.137322678904195028e+00
1.147688339677270131e+00
1.124281971266514413e+00
1.130603705837355255e+00
1.112811962857983339e+00
1.120617031276697428e+00
1.125898585268297003e+00
1.105175418452644109e+00
1.101357505710685469e+00
1.081651334100711237e+00
1.090304896241589772e+00
1.079501835525853215e+00
1.059882114697616506e+00
1.068040130815631761e+00
1.048881649263596616e+00
1.050838555357419990e+00
1.061950770015993362e+00
1.052595189287927502e+00
1.070056911855139736e+00
1.094846518303646654e+00
1.100338449513233119e+00
1.093395551523515863e+00
1.085986751571862863e+00
1.081168839120693725e+00
1.062015396273177981e+00
1.048025762280337281e+00
9.913538007543611918e-01
9.087999809417401931e-01
9.286012045232281409e-01
9.296798384565764239e-01
9.371788116302864902e-01
9.373199061266429544e-01
9.423614685636898525e-01
9.665231630467783219e-01
9.911300869571633143e-01
1.006252366086765049e+00
1.013216431506205550e+00
1.015593680036923852e+00
1.036511210176662479e+00
1.036874152329693155e+00
1.051888731829351054e+00
1.057015331171911932e+00
1.074528005729282532e+00
1.062158524116185498e+00
1.063733823762039954e+00
1.060399757866335557e+00
1.059347912102234002e+00
1.060497412436839815e+00
1.047567770987093638e+00
1.049337326401752479e+00
1.024648792779893736e+00
1.049309739366662830e+00
1.045067873678903858e+00
1.035603451071005487e+00
1.026071258034718658e+00
9.992752193954176354e-01
9.720638982530994676e-01
9.912659207098888370e-01
9.942898485392076546e-01
9.982210840981334821e-01
9.841518222750871292e-01
9.818279012642410208e-01
9.789467419992761155e-01
9.802097827692809462e-01
9.808515514989940565e-01
9.715983839409395584e-01
9.930258098848315784e-01
1.014770305078056989e+00
1.017437437132210354e+00
1.028631655182117077e+00
9.990095443043023327e-01
1.014469084667698473e+00
1.011604482433304808e+00
1.000240594272491679e+00
