2.250000000000000056e-01
0.000000000000000000e+00
1.783735297749392101e+00
1.284023261533790095e+00
1.298845045227931649e+00
1.232521205627843841e+00
1.265133756749711846e+00
1.213245638247926195e+00
1.193147711745373929e+00
1.192575754790552889e+00
1.176705659397778936e+00
1.217894315304754338e+00
1.253341187001570933e+00
1.261150430797935984e+00
1.248722772245435486e+00
1.219843179383100829e+00
1.205314596916557290e+00
1.196773067036377647e+00
1.188428950356998248e+00
1.186882883891968943e+00
1.208409444894555262e+00
1.198654017097600111e+00
1.196949942540560308e+00
1.201422387220411059e+00
1.197419015076690130e+00
1.188649538799990468e+00
1.205180493622283633e+00
1.199317783884160438e+00
1.200427873249334754e+00
1.201554421222083224e+00
1.201693216611477544e+00
1.213960390607976558e+00
1.219179646747535983e+00
1.228420473357125120e+00
1.241095195446536792e+00
1.245205822680579111e+00
1.251805249152407873e+00
1.255634289695359396e+00
1.261490491991309693e+00
1.266401121310178679e+00
1.273734980691948460e+00
1.279065361858776617e+00
1.287336971544336350e+00
1.272590390581748832e+00
1.263930502473825435e+00
1.260396266988750513e+00
1.260810931999092332e+00
1.253490024152977167e+00
1.255921586009707491e+00
1.258585652382176123e+00
1.247095565627514224e+00
1.235955368270236443e+00
1.248797166743757625e+00
1.239455185695983008e+00
1.223379569283584933e+00
1.212028002329795573e+00
1.203555192021505515e+00
1.221081984133896681e+00
1.232341662572903784e+00
1.212716889974328582e+00
1.210179642279889611e+00
1.201574499736126400e+00
1.190737159928736411e+00
1.188698606213291598e+00
1.182091454506975614e+00
1.182953658649889883e+00
1.193017299599203440e+00
1.195823655406839769e+00
1.203532360221179820e+00
1.206795911250017062e+00
1.205320116894791127e+00
1.208948773190227977e+00
1.205728696779551301e+00
1.208826170313549442e+00
1.212741025509978421e+00
1.214197396526831785e+00
1.223738355258801480e+00
1.230033949565360274e+00
1.234344451805867049e+00
1.246501126349895516e+00
1.245686566402349760e+00
1.248088033034505440e+00
1.251905504069281472e+00
1.258520081697348525e+00
1.250584498996607064e+00
1.256073463177986627e+00
1.264085114875716398e+00
1.263508298633836402e+00
1.260219415033984935e+00
1.246480021681663608e+00
1.245419623250310970e+00
1.245014101975872922e+00
1.241014929483871709e+00
1.235687887907423121e+00
1.224326658134651247e+00
1.216072537765293893e+00
1.202372473227535599e+00
1.185894103644267839e+00
1.177565712601384540e+00
1.180677135020861135e+00
