2.250000000000000056e-01
0.000000000000000000e+00
0.000000000000000000e+00
0.000000000000000000e+00
0.000000000000000000e+00
0.000000000000000000e+00
0.000000000000000000e+00
0.000000000000000000e+00
0.000000000000000000e+00
0.000000000000000000e+00
0.000000000000000000e+00
1.649646590387703560e+00
1.687243774775894378e+00
1.677093732561120376e+00
1.634111466219674957e+00
1.631655769911484422e+00
1.612878272740106311e+00
1.626035365668911936e+00
1.624845203038138175e+00
1.591789399972137531e+00
1.615762852276913852e+00
1.593395410996979233e+00
1.591999521679825280e+00
1.590878938599717962e+00
1.523266448839684761e+00
1.544647129303189148e+00
1.502502407455841960e+00
1.496508527003638900e+00
1.586037948139327636e+00
1.513093904556314762e+00
1.508971516932196222e+00
1.504923772394952453e+00
1.410413801580311155e+00
1.444190985568079233e+00
1.481986697984500667e+00
1.461627113928532840e+00
1.459282291635506823e+00
1.568881478133791862e+00
1.581433912367580463e+00
1.488971492259918872e+00
1.486092415227745933e+00
1.555047923686691869e+00
1.521991547900105157e+00
1.567902226160902357e+00
1.568716468393455798e+00
1.513831020711065678e+00
1.573423001850659864e+00
1.577173469177407084e+00
1.478141824004206795e+00
1.470190865481238562e+00
1.576288381847203990e+00
1.525532283384631871e+00
1.526314332495356085e+00
1.451589845801041445e+00
1.443773710775196673e+00
1.491509218855642471e+00
1.449832549309493013e+00
1.474944336330308303e+00
1.369416506477422635e+00
1.468329232315672250e+00
1.433114961681582145e+00
1.431218728232455994e+00
1.333132894510426381e+00
1.274806952914160796e+00
1.229572079476792368e+00
1.087263193459647947e+00
7.864492661394411055e-01
7.649640527166901016e-01
7.674707660327879655e-01
7.391774751634130336e-01
7.279898260177455338e-01
6.507128800791585066e-01
6.798343029994065034e-01
6.340537486777864107e-01
6.398911442865042876e-01
5.933397209886431822e-01
6.442827589221046258e-01
6.928938607778091230e-01
9.343811136625438385e-01
9.533407848262100970e-01
9.842463598971360472e-01
9.533559903547469405e-01
9.212528941822438755e-01
9.911415951056319340e-01
1.028266583289884073e+00
1.045949861975524087e+00
1.127067935083057693e+00
1.155738948776070307e+00
1.202494986246553932e+00
1.171992045344115940e+00
1.222017226990969485e+00
1.251509568499393099e+00
1.266784005680697600e+00
1.244622173208759230e+00
1.242206931760025945e+00
1.189242396676858160e+00
1.293388662224013164e+00
1.283622220492616872e+00
1.254961316250371661e+00
1.242991371920596944e+00
