2.250000000000000056e-01
0.000000000000000000e+00
0.000000000000000000e+00
0.000000000000000000e+00
0.000000000000000000e+00
8.475168677156893482e-01
8.995619032137108784e-01
9.557106512674253818e-01
9.255162663286879976e-01
9.076289426492016865e-01
9.346437055844759589e-01
9.253486612719649118e-01
9.815343077756378820e-01
1.130434141858548180e+00
1.146985183437856382e+00
1.157889580563112863e+00
1.144074123810604471e+00
1.146373754503100306e+00
1.146195675387430057e+00
1.143381879451393024e+00
1.140796168853976944e+00
1.132591868004216185e+00
1.129968429246156925e+00
1.110158335146981923e+00
1.083525545484913089e+00
1.074527672800335010e+00
1.044755293255112072e+00
1.032235750077491243e+00
1.049048079343576578e+00
1.092005207976505465e+00
1.154194837316282252e+00
1.140768112529228384e+00
1.153609527569610771e+00
1.143810211833428347e+00
1.142914166378351526e+00
1.134495278361360437e+00
1.127443100250067332e+00
1.124297561707773951e+00
1.116905850463584260e+00
1.120346466308865585e+00
1.134716847314425570e+00
1.159138122674540083e+00
1.224939417220590299e+00
1.258173971783833611e+00
1.238845600492694654e+00
1.215548435029064622e+00
1.182489353333228355e+00
1.234229716748484584e+00
1.268251363913740937e+00
1.254589148600011361e+00
1.227889458110652532e+00
1.213390180669923435e+00
1.241728679859799067e+00
1.240691113912636867e+00
1.219249858180091239e+00
1.198357259240451667e+00
1.171100415405989192e+00
1.139710594010661548e+00
1.112389035175588070e+00
1.135397886776453813e+00
1.187842639336962991e+00
1.198721300254716349e+00
1.202902341536077335e+00
1.213782119924891489e+00
1.210252998598071450e+00
1.230473501251811541e+00
1.216027646351643288e+00
1.211756679923487789e+00
1.201191764991812239e+00
1.192987258570944009e+00
1.205952351044655257e+00
1.203856346415899781e+00
1.197863559728056915e+00
1.194109024865129376e+00
1.185749231099811229e+00
1.171767877966653160e+00
1.144164595705415843e+00
1.131064552801538392e+00
1.150354559805721877e+00
1.140855288497768294e+00
1.166908153176315022e+00
1.181881937095399238e+00
1.209209852094218052e+00
1.200412061096472804e+00
1.184693825640069642e+00
1.188422410020584241e+00
1.187857004302638186e+00
1.181995700275901395e+00
1.173598825424791103e+00
1.177234250145914984e+00
1.177809638924741664e+00
1.196058398107517684e+00
1.180877398258666888e+00
1.170007092021627892e+00
1.156120235680345276e+00
1.145210038290745080e+00
1.144853273494031987e+00
1.158142970265675364e+00
1.164975576462862206e+00
1.172474319078330440e+00
