2.250000000000000056e-01
0.000000000000000000e+00
0.000000000000000000e+00
0.000000000000000000e+00
0.000000000000000000e+00
1.194119070183190079e+00
9.250367502069574144e-01
9.760662785394321750e-01
9.024631923394763611e-01
6.488750229363909883e-01
6.488083665408503897e-01
6.849243358684681260e-01
7.575081750372980594e-01
7.418972793727002246e-01
7.598742405530802824e-01
7.486860555317775834e-01
7.754185552453475294e-01
8.251223464384879192e-01
8.446692610361364872e-01
8.972265423908420967e-01
9.204610365565639718e-01
8.905071996290868652e-01
9.149444912554901554e-01
8.957364262127696097e-01
9.009420559962523223e-01
8.495951126258328712e-01
8.635149509954114233e-01
8.736651570088458385e-01
8.596043626266124393e-01
8.772139373462496392e-01
8.902757997703746318e-01
8.824814346980637270e-01
9.117519912206503152e-01
9.152366437215907480e-01
9.096485380734502524e-01
9.310124890524579255e-01
9.360854564354739171e-01
9.275156189377451454e-01
9.351285285340503739e-01
9.431661686280055079e-01
9.357624127106922707e-01
9.426866768996081669e-01
9.388038886333567312e-01
9.279776146690030814e-01
9.226268865077431602e-01
9.245747833750289635e-01
9.219140192034361858e-01
9.115771481459126191e-01
9.067015361071479873e-01
8.968887176402480232e-01
8.925395561635874886e-01
8.946326922043471574e-01
8.938940867036309079e-01
8.970798334807945640e-01
9.005081627059076110e-01
9.037196321025933177e-01
8.996636129198228859e-01
9.066242500533906457e-01
9.044963325639170382e-01
8.972320506590200084e-01
8.975943832508667120e-01
8.892666586861057709e-01
8.902664454360106339e-01
8.937901869372307795e-01
8.869884721077779810e-01
8.852809979189768530e-01
8.925617604748546929e-01
8.952635957569241576e-01
9.042905260463458550e-01
9.048241683390579881e-01
9.113205040756029440e-01
9.201463733336860962e-01
9.164640088609022905e-01
9.169715739868760096e-01
9.234318446734008923e-01
9.268914035524822292e-01
9.341641221668722794e-01
9.359615669616838662e-01
9.449369592082497160e-01
9.536845055979067398e-01
9.521578530979240007e-01
9.525939208512833600e-01
9.499042694430662737e-01
9.444593010036932412e-01
9.432243272456208860e-01
9.502777509082029894e-01
9.427716083670477643e-01
9.378542925194011115e-01
9.369365375118859918e-01
9.357741118996990570e-01
9.352797699339152615e-01
9.308937153988798840e-01
9.242537754851458676e-01
9.194251489863318749e-01
9.147746681321681228e-01
9.114355641669080743e-01
9.064268662827399403e-01
9.030353421199431851e-01
8.998238179475861465e-01
9.008227208327292956e-01
