2.250000000000000056e-01
0.000000000000000000e+00
0.000000000000000000e+00
4.808011275903728565e-01
5.500624665732636309e-01
6.544522947705646576e-01
8.498943678988017947e-01
8.475877924122477980e-01
8.520581688939224962e-01
8.628630272060413553e-01
8.817842955218142542e-01
1.056886959573821727e+00
1.049932784539256758e+00
1.030219699580004367e+00
1.074907134047546675e+00
1.047780272497699450e+00
1.096051009858966641e+00
1.134475163484234939e+00
1.122185377351313296e+00
1.085140987298444770e+00
1.117500790976333480e+00
1.115379454275991389e+00
1.111081423981977512e+00
1.104682259812579170e+00
1.091016465279175174e+00
1.065597481123448320e+00
1.057616279667388692e+00
1.071791274402106975e+00
1.067632864134383741e+00
1.050466721975319873e+00
1.028399954180158948e+00
1.026456795855987369e+00
1.008492893311589089e+00
1.010054928726042078e+00
9.959799089906020697e-01
9.796340856544115683e-01
9.018394170398528198e-01
8.793611113353987374e-01
8.891593043376871952e-01
9.279941530936192118e-01
8.837796322841336982e-01
8.886879914534779878e-01
9.028198048423844435e-01
9.047951472617165036e-01
8.915778283232991264e-01
8.927024285220175326e-01
9.145836494048528165e-01
9.347104723165868823e-01
9.481268294960268905e-01
9.084613197202828783e-01
8.875743822107354797e-01
8.811625459461176479e-01
8.945269899243218914e-01
9.092645340916643004e-01
9.187410372864357466e-01
9.126983788211144866e-01
9.088964515412841783e-01
9.057488020853379229e-01
8.978820752210245892e-01
8.911540087985003744e-01
8.725855870461316499e-01
8.784673554522584027e-01
8.633505334769315809e-01
8.645897843062395616e-01
8.627763576356578534e-01
8.628185768197710326e-01
8.419885005497821373e-01
8.419606402944388446e-01
8.298248962851084709e-01
8.316116662090349276e-01
8.355276663964659178e-01
8.489401185304420450e-01
8.432309243882125660e-01
8.408804054396886718e-01
8.557398261869736400e-01
8.444203816682912533e-01
8.300266411783245868e-01
8.323441738425851888e-01
8.066984104892122032e-01
8.015504413027143560e-01
8.065500784994762418e-01
8.061898002870308000e-01
8.127967011922608842e-01
8.159794743038634168e-01
7.992930870651221431e-01
7.986307599435560345e-01
7.960247404295993645e-01
7.875693562448613516e-01
7.745143204901323575e-01
7.667625380454659023e-01
7.666950938655416881e-01
7.792140443974764352e-01
7.835204336493346577e-01
7.795672967337603509e-01
7.969020335255333487e-01
7.969701158414954634e-01
8.016206813787631891e-01
7.925864685494459216e-01
7.940474296158264167e-01
8.045263031889433591e-01
