2.250000000000000056e-01
0.000000000000000000e+00
0.000000000000000000e+00
0.000000000000000000e+00
2.854628080205318663e-01
3.309319772585069264e-01
3.380157466224931739e-01
3.769929676770986671e-01
3.957525935061277922e-01
4.212830972899628268e-01
5.933755231959275678e-01
6.620989936181301827e-01
7.111008165049164109e-01
7.636905500436810268e-01
8.397194702139687550e-01
8.839708614666133002e-01
9.098730562896603091e-01
9.308708254503275104e-01
9.658093583256684989e-01
1.014889019584301888e+00
1.046174611452959757e+00
1.042574525332011337e+00
1.026720717269075767e+00
1.024039067323140539e+00
1.038985143611891759e+00
1.043414941630527615e+00
1.043325107613031211e+00
1.055545569223302671e+00
1.064058512911323806e+00
1.073224318354886408e+00
1.087576973312841311e+00
1.087230723312047287e+00
1.076240129864214135e+00
1.071284787542877703e+00
1.065989223837004785e+00
1.068681201198205422e+00
1.064028514755721577e+00
1.078644490941291334e+00
1.072755930027987858e+00
1.077774234015117294e+00
1.074283157922496956e+00
1.072209087961696117e+00
1.067119606308838620e+00
1.061941451527638192e+00
1.048367462336212919e+00
1.038282652462151567e+00
1.025271566494398545e+00
1.016870290151091982e+00
1.015196429948160173e+00
1.016488545436066593e+00
1.019884102109601232e+00
1.045622096455209871e+00
1.051754801106271620e+00
1.065825650042223627e+00
1.091616853607733528e+00
1.098274966997445645e+00
1.098548189618570925e+00
1.110089721062235135e+00
1.103233784528812045e+00
1.077558917830996332e+00
1.072468765386604073e+00
1.079540444683338540e+00
1.080120984311344401e+00
1.078972031494406680e+00
1.061888072146151885e+00
1.053024191420211642e+00
1.055004970140907661e+00
1.042476456685507813e+00
1.030677341934784996e+00
1.027901817884306901e+00
1.015104135846988553e+00
1.015275127866391847e+00
1.008361553639418817e+00
9.942684216199799696e-01
9.910917695718909348e-01
9.849442716919827312e-01
9.846002739995790565e-01
9.859519918507071434e-01
9.804761547321280135e-01
9.959492445852505815e-01
1.002568197345487189e+00
1.012697808035153635e+00
1.014570471627137760e+00
1.013455814316734260e+00
1.014181067907567568e+00
1.016999727177980706e+00
1.013704495734131905e+00
1.018669367574703610e+00
1.011016907823202748e+00
1.012864899848915368e+00
1.016723550462411474e+00
1.014686848754759563e+00
1.016061895434650753e+00
1.010070106269572721e+00
1.007223244515886851e+00
1.014233233371519605e+00
1.016569492590029489e+00
1.019576853270584005e+00
1.016548070278014082e+00
1.020853042196095517e+00
