2.250000000000000056e-01
0.000000000000000000e+00
0.000000000000000000e+00
0.000000000000000000e+00
0.000000000000000000e+00
2.783517142558426527e-01
2.783232215167130152e-01
2.960301032469315752e-01
3.077166157278383718e-01
3.125882252751798762e-01
3.322672440136143490e-01
3.491706235972037997e-01
3.627838911485753992e-01
3.715183964066512412e-01
4.008181608127758255e-01
4.145135588233980206e-01
4.225589420654700112e-01
4.459346825061182851e-01
4.657153954806440566e-01
4.788295744180348645e-01
4.925051922157444584e-01
5.218319663245390982e-01
5.396652251950609935e-01
5.556523383644352831e-01
5.811085133956835902e-01
6.013322856328663368e-01
6.246648856234544578e-01
6.509403661832147137e-01
6.731051231981736160e-01
7.026216122043307255e-01
7.402007529284446719e-01
7.688505454903644676e-01
8.004036422133670170e-01
8.261369833658284145e-01
8.420907369156913624e-01
8.398996894537610336e-01
8.523808265117061023e-01
8.146992556044996281e-01
7.932120269347526786e-01
7.812620681139891277e-01
7.425461542635592993e-01
7.285498706602360208e-01
7.028112297749313786e-01
7.022223936153669799e-01
7.012035248867451998e-01
6.989240836841005278e-01
6.969658275005894410e-01
6.909039712020403901e-01
6.869781320594102736e-01
6.952126802393593374e-01
7.018949530447727847e-01
7.118376497151747140e-01
7.255300072447564697e-01
7.417743190893426597e-01
7.556449048739307672e-01
7.726397685789768710e-01
7.858179608958821838e-01
7.831579305988493056e-01
7.747159187093679567e-01
7.485421453252331103e-01
7.262968886503651245e-01
7.072648554684772826e-01
6.825410297392171532e-01
6.611882278677956304e-01
6.444229988686068777e-01
6.343096326779105176e-01
6.251582156682743419e-01
6.220333026131374954e-01
6.227833258309766196e-01
6.279643576610467459e-01
6.280036442600418489e-01
6.351170089912168137e-01
6.329973060601523649e-01
6.379123768663244043e-01
6.415157076353239507e-01
6.566804361719382754e-01
6.644081315201751936e-01
6.737103013101033433e-01
6.823025538908247256e-01
6.904814158959871051e-01
6.965757116682901318e-01
6.988965605421399996e-01
7.017027656824361692e-01
7.015554519633033781e-01
6.961805483536019912e-01
6.892626028536171789e-01
6.851865684432797421e-01
6.865517451559975948e-01
6.884382412601068868e-01
6.910636893934144487e-01
6.926475294350652456e-01
6.930183197981136800e-01
6.894594948251818733e-01
6.853451073453014075e-01
6.754304434041372707e-01
6.673753506920848677e-01
6.606249327490965051e-01
6.571480700497817073e-01
6.465940218694101738e-01
6.418936177887175631e-01
