2.250000000000000056e-01
0.000000000000000000e+00
0.000000000000000000e+00
0.000000000000000000e+00
1.570113176507481612e-01
1.520920527352776774e-01
1.520791609976722691e-01
1.520658907717002961e-01
1.948514874498164795e-01
1.975345923322760489e-01
1.987437846452981549e-01
1.997915908496161463e-01
2.151556988564170825e-01
2.556064133690628126e-01
2.595445978659497444e-01
2.571611577731089948e-01
2.582042296659672331e-01
2.482071748119446808e-01
8.046741108417065913e-01
1.082893090890991949e+00
1.332043512863251067e+00
1.383305789044305678e+00
1.385279804164093242e+00
1.385905375550716689e+00
1.365301678850528777e+00
1.368497806620587731e+00
1.397176914535820602e+00
1.395094660791531993e+00
1.348830064413524932e+00
1.337726685248894487e+00
1.322085200196177812e+00
1.336951963309258806e+00
1.328579916965181962e+00
1.295460996756164995e+00
1.276447331573031585e+00
1.269360666344861777e+00
1.242785430196598595e+00
1.263025956361917501e+00
1.271741618752592062e+00
1.277869384492094973e+00
1.269299450275167773e+00
1.240843442317946410e+00
1.246637727182000388e+00
1.226316330438385060e+00
1.239687660045849738e+00
1.208797728034623598e+00
1.162795756500537125e+00
1.102275787477462465e+00
1.042973925681341285e+00
9.611565855411526860e-01
9.270160894650720795e-01
9.456223930425131652e-01
9.342444352837275812e-01
9.403723608425602620e-01
9.269640892628294715e-01
9.171921713159342238e-01
8.830082324313688336e-01
8.853246049423481034e-01
8.764976511825731675e-01
8.757549156485547881e-01
8.561460714186578391e-01
8.459191638497822741e-01
8.319481638996381045e-01
8.304429821711016846e-01
8.328245884152855050e-01
8.405871386606029727e-01
8.516307961838459617e-01
8.598567347391180560e-01
9.255170568318510371e-01
9.908438015535838694e-01
1.042644222397470122e+00
1.058907373852575606e+00
1.109588629711012686e+00
1.107401719401850171e+00
1.098759498876259233e+00
1.119250327774968579e+00
1.123756602979467223e+00
1.122357394364666527e+00
1.111398488733535750e+00
1.101061701293065243e+00
1.079849606098877590e+00
1.077317245739951135e+00
1.094353249656370597e+00
1.099857136034082972e+00
1.111408075584396471e+00
1.120547493661619765e+00
1.119580414402632229e+00
1.129341335141575087e+00
1.127550793429481280e+00
1.134112841706633290e+00
1.123237121048869636e+00
1.133879547648893427e+00
1.144879214134147727e+00
1.163588294055180716e+00
1.168249171756511773e+00
1.158242700302909878e+00
1.156489235704434515e+00
1.158986184373048456e+00
1.172430265375636438e+00
1.190587853979707456e+00
