2.250000000000000056e-01
0.000000000000000000e+00
0.000000000000000000e+00
0.000000000000000000e+00
1.428120674315043859e+00
1.321745583115850664e+00
1.236490693417467757e+00
1.268615854709215895e+00
1.306354250693333219e+00
1.298060592890794451e+00
1.259175707997245652e+00
1.202194204364740449e+00
1.184700601492285177e+00
1.176123824409691654e+00
1.150942935999966110e+00
1.096590876718417151e+00
1.052995287757725773e+00
1.013173522833250573e+00
9.952643404211910516e-01
9.578328782324090351e-01
9.666534619435400710e-01
9.570882137079951280e-01
9.430686377094694706e-01
9.569714922320157191e-01
9.650697631638324170e-01
9.550759534473656220e-01
9.422488455560924514e-01
9.317941102153489696e-01
9.252484110529103356e-01
9.445156858285170820e-01
9.643293727401729409e-01
9.660790422543427125e-01
9.404573423608589833e-01
9.225120244383859802e-01
9.060145731840231198e-01
8.910194353845760640e-01
8.817771780507449586e-01
8.773961573513556766e-01
8.745156740246997629e-01
8.910813849371908013e-01
9.038052296274843300e-01
9.051061673800211427e-01
9.123478003705656203e-01
9.053990409055907573e-01
9.018535267469743877e-01
8.854244156046190417e-01
8.925697014316652522e-01
9.037297117413202185e-01
9.023429466333698912e-01
9.019447423127989749e-01
8.952757169567707729e-01
8.853871936757314876e-01
8.799958535770667778e-01
8.579321452915961155e-01
8.314933058072252470e-01
8.139733888916638183e-01
7.922412237887332953e-01
7.673855804890358234e-01
7.672103985540170701e-01
7.996494238738947047e-01
8.190115904789219137e-01
8.572540035728175578e-01
8.846134758326030800e-01
8.719091715085212080e-01
8.595867248684589956e-01
8.301707458897192859e-01
8.070933344512455365e-01
8.278705667283652314e-01
8.028420710522120585e-01
7.756905930033038965e-01
7.565365556814929171e-01
7.427850972952414477e-01
7.282209624325437503e-01
7.266011924129346378e-01
7.302402662996251292e-01
7.435445816647926476e-01
7.811222649814975050e-01
7.916666715255408215e-01
8.039119830421266322e-01
8.221438186448630780e-01
8.210300518769078071e-01
8.333355201589691674e-01
8.408202490311468269e-01
8.539089992946874430e-01
8.486084712241636074e-01
8.643751202402759626e-01
8.625846986645611114e-01
8.616480686808326572e-01
8.724703800225790395e-01
9.022613687290321760e-01
9.052886760393344945e-01
9.166703511059525189e-01
9.299022241450659587e-01
9.628085021167845925e-01
9.874855518788708819e-01
9.937460408192330119e-01
9.953502785263129704e-01
9.930303139380173283e-01
9.750304530511318957e-01
9.740764876369188974e-01
