2.250000000000000056e-01
0.000000000000000000e+00
0.000000000000000000e+00
0.000000000000000000e+00
0.000000000000000000e+00
0.000000000000000000e+00
1.719768502061730153e+00
1.703554569463439972e+00
1.672710004558866093e+00
1.635073426737840396e+00
1.591106686494460964e+00
1.557995865069959684e+00
1.505760684958749041e+00
1.463601493816076626e+00
1.456191541814440438e+00
1.447396004675059134e+00
1.504824272444508226e+00
1.471732014089793372e+00
1.428733264830140071e+00
1.407761294829347198e+00
1.344843080960523629e+00
1.282716944737432252e+00
1.276016737248968358e+00
1.254557988103387256e+00
1.223957580665328226e+00
1.188646210642561707e+00
1.190174296396332210e+00
1.229106140257828939e+00
1.201400591172319121e+00
1.191248482151213706e+00
1.179261510382670464e+00
1.163520490618397796e+00
1.157681807448441846e+00
1.185437975379012743e+00
1.198565312371839831e+00
1.218389453412013657e+00
1.216245246528189217e+00
1.223314055871231876e+00
1.227405714642324064e+00
1.230803522250648596e+00
1.231767906780857569e+00
1.229988579972228102e+00
1.216271446580358795e+00
1.204696623201721550e+00
1.192640333935875541e+00
1.182709745771408860e+00
1.188199965083651222e+00
1.207336989706830011e+00
1.205721778641419384e+00
1.218243914596628619e+00
1.214821067845867297e+00
1.222475429544741754e+00
1.233538045586613174e+00
1.242561329229640465e+00
1.249074811703163146e+00
1.239689056631158248e+00
1.238628731464332056e+00
1.230241265146387208e+00
1.218974385084984124e+00
1.203191693202132706e+00
1.195697659481109953e+00
1.197744443936829217e+00
1.221151468842894605e+00
1.226333372839258251e+00
1.235077371696093662e+00
1.232446656586930978e+00
1.239699345222109006e+00
1.241318134165221077e+00
1.249372610768544334e+00
1.259870335596521063e+00
1.254416360570759670e+00
1.258350923614203198e+00
1.258912773724408130e+00
1.259778374472521945e+00
1.259831715203066693e+00
1.253722809584204345e+00
1.259327422198486701e+00
1.263293625443901780e+00
1.266285431128166383e+00
1.271963520168151618e+00
1.259483884415681043e+00
1.257598087240430873e+00
1.261356216044477785e+00
1.255274633620514280e+00
1.251603518472851340e+00
1.252730566845446258e+00
1.248172261357572310e+00
1.240741592302801566e+00
1.243027057146767422e+00
1.245957167945473065e+00
1.239435611028189443e+00
1.239799930535176342e+00
1.243090078728502190e+00
1.238181259498830400e+00
1.240227415453188708e+00
1.241504385812653100e+00
1.243782942824564808e+00
1.245357340230821119e+00
1.235683127535199377e+00
1.237364733600795130e+00
