2.250000000000000056e-01
0.000000000000000000e+00
0.000000000000000000e+00
0.000000000000000000e+00
8.043024559002680540e-01
8.476553368528814136e-01
1.073098078527285448e+00
1.035337997383091402e+00
1.111709905915912788e+00
1.149540756019894472e+00
1.200068026533086085e+00
1.214873981322979413e+00
1.252942950398231892e+00
1.286515181643730799e+00
1.310281218107446355e+00
1.287792060651780091e+00
1.270325136948152522e+00
1.283677419383078888e+00
1.293599941095674888e+00
1.352857935296498670e+00
1.398248978895007211e+00
1.448285025026879280e+00
1.503887277676548395e+00
1.555115782904154864e+00
1.578149280961702816e+00
1.599916704531897160e+00
1.623037845548360947e+00
1.630714155174734836e+00
1.638090395592930681e+00
1.654074123630610016e+00
1.647891445335713412e+00
1.643653011147357512e+00
1.627370002687975603e+00
1.611513304349374343e+00
1.581327035542957615e+00
1.553421425498404007e+00
1.508958013988921376e+00
1.481930358690473515e+00
1.483945330655462191e+00
1.490530085572330243e+00
1.515994952801361872e+00
1.565323456430956384e+00
1.583890519700822397e+00
1.630793925974390879e+00
1.644813215959259445e+00
1.638879250494426731e+00
1.642216198113007897e+00
1.643036387249522168e+00
1.643261412972073954e+00
1.620552536151976364e+00
1.603134590906110102e+00
1.606041340359715131e+00
1.596876016460227588e+00
1.610998320748645130e+00
1.617157362343265348e+00
1.653477076099492127e+00
1.635843497756825471e+00
1.629053730786436560e+00
1.613051949439933352e+00
1.604943442353511829e+00
1.594994742720513781e+00
1.576118196558997431e+00
1.559697856404946625e+00
1.566179282944321072e+00
1.562441082631441880e+00
1.568808711369792830e+00
1.561513616086144030e+00
1.561864342839542674e+00
1.572631759144978769e+00
1.573914071764104028e+00
1.571559218627951227e+00
1.555461760684672790e+00
1.537694796202683234e+00
1.519781158441114499e+00
1.494567120738850452e+00
1.467702572491454749e+00
1.428739658994004680e+00
1.416985530570686658e+00
1.383948844436525105e+00
1.382688925427374427e+00
1.392041324747345765e+00
1.391483456525881346e+00
1.416038835715123900e+00
1.440484530395170770e+00
1.455232146107075852e+00
1.470737112846290273e+00
1.482960682417425735e+00
1.502658212555159523e+00
1.512418519184122845e+00
1.521030070375924526e+00
1.540495754637659420e+00
1.556066457797347091e+00
1.557899274347806395e+00
1.563009845116783092e+00
1.591441205127890557e+00
1.635668014486934441e+00
1.636307466535697808e+00
1.637603905485177425e+00
1.607179560410085584e+00
1.584378529633718058e+00
