2.250000000000000056e-01
0.000000000000000000e+00
0.000000000000000000e+00
0.000000000000000000e+00
0.000000000000000000e+00
0.000000000000000000e+00
0.000000000000000000e+00
1.151996322070716339e+00
1.151996322070716339e+00
1.190317783772638638e+00
1.185524276352361905e+00
1.017631141419661711e+00
9.023090057481931714e-01
9.443456584801849241e-01
9.952585741645981754e-01
1.026258416521344863e+00
1.040485141607019326e+00
1.058059757528577505e+00
1.060566902059175254e+00
1.076268739759271398e+00
1.077746531492068449e+00
1.113697704703610736e+00
1.116778830964627378e+00
1.120705413513696458e+00
1.118134150865037091e+00
1.127621308065254180e+00
1.125980468939338230e+00
1.162866847600534603e+00
1.171142915631654624e+00
1.167202020845844013e+00
1.157613557866153275e+00
1.164135991101420631e+00
1.184649030090322075e+00
1.197260907816097175e+00
1.201048188663177196e+00
1.204520941814559931e+00
1.199772722993302843e+00
1.192794915247904264e+00
1.207987760893634022e+00
1.206086758929567182e+00
1.196614820311667104e+00
1.200163468314958903e+00
1.200884927749922726e+00
1.201146543278011292e+00
1.216597195488929195e+00
1.230516155598860850e+00
1.243123583379411645e+00
1.245929704576100638e+00
1.252213665842268009e+00
1.256841061946600169e+00
1.241659354772083557e+00
1.241513534912425110e+00
1.233106066373154119e+00
1.231858503571448660e+00
1.216055711371449632e+00
1.213889351263162997e+00
1.216150920405001834e+00
1.219237692359543823e+00
1.219528562626275514e+00
1.225328439609140396e+00
1.237064399563930550e+00
1.233479968371785418e+00
1.231430901406129319e+00
1.229276695999026447e+00
1.224943164162008102e+00
1.215116669259606041e+00
1.207819987013176277e+00
1.213728857183007159e+00
1.211208203167793540e+00
1.201814281801411477e+00
1.195825944889403081e+00
1.193652175690404826e+00
1.197400819441664099e+00
1.201709807698501997e+00
1.199193228339212602e+00
1.195128718376332611e+00
1.189813316269574317e+00
1.192720290654081250e+00
1.200671246780459667e+00
1.212890677875830159e+00
1.223806635971766310e+00
1.231527975793797802e+00
1.232785655683400039e+00
1.231798181360975963e+00
1.232220771488678812e+00
1.232252195209255330e+00
1.229627943378531096e+00
1.229578833993064446e+00
1.237400875268366507e+00
1.238535830530171022e+00
1.236020325690125210e+00
1.237141956451386582e+00
1.235332131817699519e+00
1.237893543819138298e+00
1.233394280153151668e+00
1.229511404350355441e+00
1.230940216507842688e+00
1.230082582027069327e+00
1.223091418513382322e+00
1.210188145784608427e+00
