2.250000000000000056e-01
0.000000000000000000e+00
0.000000000000000000e+00
0.000000000000000000e+00
0.000000000000000000e+00
0.000000000000000000e+00
0.000000000000000000e+00
1.144532587311213767e+00
1.066549932741896134e+00
1.026181595825985005e+00
9.840755795225636371e-01
9.396847569623510976e-01
8.926520085539477734e-01
8.428829240530327782e-01
9.956820762475361297e-01
1.000052566844109592e+00
9.631521079050571199e-01
9.001637620607975121e-01
8.537180771566691417e-01
8.052945356588591119e-01
8.157471389672493745e-01
8.513510956045018396e-01
8.975680581781656509e-01
9.353574382594406211e-01
9.466630278820000743e-01
9.413581131125267065e-01
9.191744405334663082e-01
9.114235803974868322e-01
8.770804714625907161e-01
8.827454669624658079e-01
8.864247895385973797e-01
8.665921125402714642e-01
8.189793424038103176e-01
7.957834603317686106e-01
7.862777917092500513e-01
8.028858843474986351e-01
8.282804753984016610e-01
8.404916290312951510e-01
8.308603177343305557e-01
8.182724993114329770e-01
8.135329077565109923e-01
8.278880058721379553e-01
8.270337550695987527e-01
8.460687242763974547e-01
8.299353066545618329e-01
8.068349540004977616e-01
7.914817813510149902e-01
8.034241128648401675e-01
8.076587937695370867e-01
8.221141789451419379e-01
8.341253353687132499e-01
8.182547379315643354e-01
8.180205181198315634e-01
8.325201163456052988e-01
8.154851645779525038e-01
8.181306181065171046e-01
8.184351619037728565e-01
8.212802599699919881e-01
8.171184630581895814e-01
8.250440508679171003e-01
8.429022943387891598e-01
8.434361636897634851e-01
8.169766606663838582e-01
8.107078673097709576e-01
8.211002268806418813e-01
8.181928726986517075e-01
7.946733253602602520e-01
8.062193890690233511e-01
8.296840104900981006e-01
8.430556145306544735e-01
8.286690783677301830e-01
8.276190597533985560e-01
8.322211671749547568e-01
8.612812030587022605e-01
8.385048381285766794e-01
8.398798425780547028e-01
8.486148764355709861e-01
8.497836425856427622e-01
8.374827501292697596e-01
8.337528729339376277e-01
8.376366607614641469e-01
8.552783106180991135e-01
8.313204765365502791e-01
8.160573053356507955e-01
8.311599798997408861e-01
8.385646214253659192e-01
8.486972558743369754e-01
8.768251033816891749e-01
8.993079621001688340e-01
8.790861837746286600e-01
8.390424876983434421e-01
8.756982593277716775e-01
8.882816100272165061e-01
8.840606055680588771e-01
8.542360264594253128e-01
8.156751575329329595e-01
8.077717646531866746e-01
7.748327818979821036e-01
7.640359678705416213e-01
7.640822133003599692e-01
