2.250000000000000056e-01
0.000000000000000000e+00
0.000000000000000000e+00
0.000000000000000000e+00
0.000000000000000000e+00
0.000000000000000000e+00
0.000000000000000000e+00
0.000000000000000000e+00
0.000000000000000000e+00
0.000000000000000000e+00
0.000000000000000000e+00
0.000000000000000000e+00
0.000000000000000000e+00
0.000000000000000000e+00
0.000000000000000000e+00
0.000000000000000000e+00
0.000000000000000000e+00
0.000000000000000000e+00
0.000000000000000000e+00
0.000000000000000000e+00
0.000000000000000000e+00
0.000000000000000000e+00
0.000000000000000000e+00
0.000000000000000000e+00
0.000000000000000000e+00
0.000000000000000000e+00
6.600764359320672181e-01
6.600764359320671071e-01
6.584375819444074907e-01
6.563811925125689895e-01
6.567557503760803606e-01
6.539937886943052447e-01
6.552006826520568872e-01
6.522846939442106251e-01
6.582281564773020399e-01
6.618349170453697861e-01
6.664823411227531746e-01
6.525617486033725712e-01
7.152887390295203929e-01
7.018485318004376028e-01
7.011594889299624933e-01
7.164442234820421751e-01
7.032000528398469896e-01
6.888827015955945043e-01
6.812001105891001274e-01
6.685937474178016426e-01
6.752255998712937135e-01
6.734870387078639720e-01
7.017159414527662786e-01
7.000098085538721815e-01
7.055628060287769676e-01
7.220899845690763597e-01
7.370886845063485682e-01
7.268144742459438090e-01
7.189537815308968405e-01
7.180867374463938413e-01
7.267946159359357505e-01
7.327665354053656266e-01
7.303526297961855374e-01
7.650011666230500662e-01
7.813546024573556625e-01
7.624939861008542819e-01
7.485840762335156384e-01
7.352394925718186425e-01
7.265727485066950653e-01
7.175064824593920809e-01
7.017146932871566323e-01
6.969447399208122951e-01
7.100994469105479379e-01
7.301737252443892823e-01
7.414493020262110656e-01
7.495152022366033950e-01
7.443295003325562931e-01
7.400116847381851271e-01
7.327180079855599715e-01
7.304248515044535761e-01
7.288214675223942951e-01
7.235393986089823093e-01
7.249052663962379794e-01
7.281644966046542100e-01
7.358471762301371788e-01
7.369108935680439565e-01
7.407025731160267190e-01
7.409799057021626556e-01
7.333215387142583142e-01
7.318318606885064748e-01
7.278652118130448656e-01
7.210066194911779469e-01
7.158357244980400047e-01
7.078892728887085095e-01
7.059443094795075924e-01
7.177853295777610887e-01
7.166727796042350329e-01
7.128508561754375306e-01
7.271737704101332023e-01
7.291135617625658094e-01
7.292938254675649379e-01
7.323982301871996281e-01
7.357138406772031347e-01
7.366858420557870213e-01
