2.250000000000000056e-01
0.000000000000000000e+00
0.000000000000000000e+00
0.000000000000000000e+00
0.000000000000000000e+00
0.000000000000000000e+00
0.000000000000000000e+00
0.000000000000000000e+00
8.923607323021724991e-01
8.264782975083395655e-01
8.259436469409179304e-01
8.405332356732040378e-01
8.183897681974978688e-01
8.178725846672153521e-01
8.003466197442337116e-01
8.110908864760429937e-01
8.105662090247409690e-01
8.101117733395925002e-01
8.037953284211369898e-01
5.227589501860211429e-01
4.483486474919120002e-01
4.584521538600496715e-01
6.092250110818808739e-01
6.512943825401416031e-01
6.622035029938775352e-01
6.670829624725375107e-01
6.798964218669809600e-01
6.874483312106273170e-01
7.004823420483590191e-01
7.264635091666228339e-01
7.176406510326283072e-01
7.485342715523795043e-01
7.404367620837166708e-01
7.430058371767690462e-01
7.394209176770870640e-01
7.178934350612810045e-01
7.063148022485234989e-01
7.326012348254283824e-01
7.254468386594160600e-01
7.049961141890411787e-01
6.937802898418503617e-01
6.918522473277913809e-01
7.113823148432063537e-01
7.261143599080410738e-01
7.279225589335763802e-01
7.420894640827425670e-01
7.717948175069502259e-01
7.488821397189525664e-01
7.160632246950763280e-01
7.360695377296362363e-01
7.318414072887529098e-01
7.287137115381847607e-01
7.274417261422553294e-01
7.200112874993308543e-01
7.305282328147377768e-01
7.429397547399579915e-01
7.476671546755239151e-01
7.468005591912842966e-01
7.554261678335947305e-01
7.583501181205701824e-01
7.645942732044205270e-01
7.588906545507128065e-01
7.588782042121077209e-01
7.659554760216311653e-01
7.552149063362232351e-01
7.387327029802442935e-01
7.463462173637938069e-01
7.412901876109254662e-01
7.284894979147602534e-01
7.180000125641373687e-01
7.121646183415396569e-01
7.214595720352299235e-01
7.276793623995050364e-01
7.339682231195596707e-01
7.419737651232085618e-01
7.487363137874614161e-01
7.533173156080775756e-01
7.513176061653531468e-01
7.583837423148022117e-01
7.575867711849905151e-01
7.488085193472934220e-01
7.512637328898691402e-01
7.468824656886895452e-01
7.470173035025284847e-01
7.555845338282448642e-01
7.571583659652527665e-01
7.638791539463997138e-01
7.610637717919612744e-01
7.665586318970635249e-01
7.677168189325472847e-01
7.743291108809700063e-01
7.712265830717365267e-01
7.730532255161103317e-01
7.780243480254098731e-01
7.750092318430608085e-01
7.763125955816484458e-01
7.812500446542012256e-01
7.803711988245406461e-01
7.703388960380143091e-01
7.639368041070742077e-01
