2.250000000000000056e-01
0.000000000000000000e+00
0.000000000000000000e+00
0.000000000000000000e+00
1.473565290145061546e+00
1.473565290145061546e+00
1.473565290145061546e+00
1.530952824578175386e+00
1.532191607869226813e+00
1.533707778233242003e+00
1.521541198484479107e+00
1.574083925461044586e+00
1.616150427575510085e+00
1.608470726476385337e+00
1.377544284573938960e+00
1.262649919056115122e+00
1.213555552867498610e+00
1.228515079284558942e+00
1.159447842248301885e+00
1.120489507897989956e+00
1.086966303306757142e+00
1.075840794746051321e+00
1.106654498197406689e+00
1.125504643797951010e+00
1.133944106984653200e+00
1.159908786470661202e+00
1.225335547409213133e+00
1.246614352611146614e+00
1.269410103466810158e+00
1.251404549965496438e+00
1.238683851266260350e+00
1.226874093251124398e+00
1.212207458804020810e+00
1.201164913121023803e+00
1.211773073140669732e+00
1.228780678996037823e+00
1.253270571171228198e+00
1.261499894273250266e+00
1.260549483659437975e+00
1.265901979145714007e+00
1.269873849537397570e+00
1.282184774605845234e+00
1.274244146383858522e+00
1.270826911907814383e+00
1.264780847565397659e+00
1.266152623087619666e+00
1.283537387319257705e+00
1.282702099011500563e+00
1.281409003569545568e+00
1.285606881616844666e+00
1.287788377959391273e+00
1.287599947174689508e+00
1.274226181371152844e+00
1.270620760209628219e+00
1.276425038034446846e+00
1.275037035485207859e+00
1.269339550411759943e+00
1.259362648780989469e+00
1.263724008806267340e+00
1.263005433376653830e+00
1.271552214654485091e+00
1.280953659293871727e+00
1.294698335450133797e+00
1.289371786378403328e+00
1.278022097827453019e+00
1.283274554251353727e+00
1.282194484311440563e+00
1.279381646456616339e+00
1.282119418067620531e+00
1.287299903420349612e+00
1.294718457466458750e+00
1.302220044416307676e+00
1.296170368195103340e+00
1.290675426031353101e+00
1.277074111147753932e+00
1.272638459415433410e+00
1.273444340271954411e+00
1.274663744895227158e+00
1.278312146292585050e+00
1.283345369061137387e+00
1.286998415843537913e+00
1.281401096665167438e+00
1.278715813243901156e+00
1.283327895037124744e+00
1.287046192777947073e+00
1.289567022469688462e+00
1.282375665183274949e+00
1.273797012164663345e+00
1.268712698593682742e+00
1.257561267361260171e+00
1.250681036231517496e+00
1.245748986591490803e+00
1.239483568623455989e+00
1.249940491427916411e+00
1.260389142521276318e+00
1.267041047237751572e+00
1.265224248553057373e+00
1.251837522739769115e+00
1.254116235103383659e+00
1.261448988277709349e+00
