2.250000000000000056e-01
0.000000000000000000e+00
0.000000000000000000e+00
0.000000000000000000e+00
0.000000000000000000e+00
0.000000000000000000e+00
3.059435455181228614e-01
4.296522737597494035e-01
4.103098039372600758e-01
4.982735935938346072e-01
5.016207047313611112e-01
4.913793153581760276e-01
5.764030509078658104e-01
5.823738972942996694e-01
5.752375613335747317e-01
5.779090133354861658e-01
6.715726508014803198e-01
1.418799391819383526e+00
1.705008436525389248e+00
1.697674031125318228e+00
1.666647922022333583e+00
1.657898395567151573e+00
1.475405713292413656e+00
1.405378764087445331e+00
1.366691476331482136e+00
1.342378093516432669e+00
1.305858703271175258e+00
1.275068700617758788e+00
1.266248984790682819e+00
1.282898350735734327e+00
1.290701635093641331e+00
1.299718888410405393e+00
1.332503625999526431e+00
1.313060169168057456e+00
1.305045826331034498e+00
1.312769264547398507e+00
1.328280122737735658e+00
1.451012742978909476e+00
1.476969626647375078e+00
1.485501816312773116e+00
1.464117525452465207e+00
1.404219936767521215e+00
1.387639679549364846e+00
1.387364623135018515e+00
1.393340435326079207e+00
1.389697255423320899e+00
1.386409552621493679e+00
1.377501872053405796e+00
1.371483959463081437e+00
1.444354369444271091e+00
1.444327139060128218e+00
1.429621471224330032e+00
1.413478431847339234e+00
1.405777178831416618e+00
1.405582442613133143e+00
1.393761737597873696e+00
1.382118640066818616e+00
1.376518256172890808e+00
1.362033769120901461e+00
1.367794149120993952e+00
1.353399555285937028e+00
1.351669218412604012e+00
1.349975382399859036e+00
1.359009908559159374e+00
1.371273191279762438e+00
1.364353698103098367e+00
1.344300943016454974e+00
1.361214002109783605e+00
1.376307512949281664e+00
1.397950805295528731e+00
1.404637876897904203e+00
1.413999119771085056e+00
1.394554521838652583e+00
1.382697812637860624e+00
1.384746527360203538e+00
1.371063549359990086e+00
1.377048183858930130e+00
1.367295551693869182e+00
1.369478014993560588e+00
1.363049945271852970e+00
1.360264132791683123e+00
1.360031369097663756e+00
1.356127617830148013e+00
1.355872602595221244e+00
1.359159662544064284e+00
1.368795968444994404e+00
1.377332073458974016e+00
1.377433330769251452e+00
1.378923105368774937e+00
1.376746820470856170e+00
1.371333908210634167e+00
1.358616970840349270e+00
1.367028862081319351e+00
1.372760303193712339e+00
1.358707331257590134e+00
1.357215269795881696e+00
1.343412489088103401e+00
1.329420172109671006e+00
1.335873396551446435e+00
1.337167663716548383e+00
