2.250000000000000056e-01
0.000000000000000000e+00
0.000000000000000000e+00
0.000000000000000000e+00
0.000000000000000000e+00
0.000000000000000000e+00
0.000000000000000000e+00
0.000000000000000000e+00
0.000000000000000000e+00
0.000000000000000000e+00
0.000000000000000000e+00
0.000000000000000000e+00
0.000000000000000000e+00
0.000000000000000000e+00
0.000000000000000000e+00
0.000000000000000000e+00
0.000000000000000000e+00
0.000000000000000000e+00
0.000000000000000000e+00
0.000000000000000000e+00
0.000000000000000000e+00
0.000000000000000000e+00
0.000000000000000000e+00
0.000000000000000000e+00
0.000000000000000000e+00
0.000000000000000000e+00
0.000000000000000000e+00
0.000000000000000000e+00
0.000000000000000000e+00
0.000000000000000000e+00
0.000000000000000000e+00
0.000000000000000000e+00
0.000000000000000000e+00
0.000000000000000000e+00
0.000000000000000000e+00
0.000000000000000000e+00
0.000000000000000000e+00
0.000000000000000000e+00
0.000000000000000000e+00
0.000000000000000000e+00
0.000000000000000000e+00
0.000000000000000000e+00
0.000000000000000000e+00
0.000000000000000000e+00
0.000000000000000000e+00
0.000000000000000000e+00
0.000000000000000000e+00
0.000000000000000000e+00
6.800479931221313501e-02
1.081015370933397363e-01
1.087454791240996671e-01
1.277072138064781204e-01
1.354299054004303449e-01
1.308423529733691304e-01
1.600718239763625761e-01
1.665140628335763096e-01
1.808007009453101999e-01
1.936219255506853587e-01
1.967062147514573867e-01
2.009978321665992218e-01
2.125885731365907694e-01
2.276075552596177887e-01
2.254474272020288439e-01
2.368707024199764311e-01
2.534224735026203712e-01
2.674408898321342098e-01
2.758966360985357635e-01
2.799857003036552161e-01
2.916991601064527484e-01
3.047942081734983932e-01
3.086695789631438980e-01
3.161286189313092798e-01
3.195349659272173071e-01
3.294677456485402001e-01
3.351611971384677591e-01
3.461793437069570767e-01
3.562355397110006372e-01
3.719217625544032901e-01
3.785990898716145026e-01
3.865981416507839885e-01
3.953236742751324306e-01
3.974447842568709643e-01
3.999273121800454578e-01
4.017956628525489737e-01
4.138746390546447218e-01
4.193186558939956399e-01
4.252897332706210842e-01
4.262387744437901027e-01
4.296211355485204941e-01
4.341297816273028687e-01
4.492184000323551363e-01
4.650830299114434574e-01
4.726125396843993132e-01
4.776215460200818330e-01
4.866706266211586751e-01
4.978517167596475113e-01
5.050085246134586869e-01
5.142407498797392229e-01
5.218254908275319348e-01
5.316949774271936269e-01
