2.250000000000000056e-01
0.000000000000000000e+00
0.000000000000000000e+00
0.000000000000000000e+00
0.000000000000000000e+00
1.740567484195894465e+00
1.731633038775845401e+00
1.925565857201936293e+00
1.971732374660020382e+00
1.955503739532467700e+00
1.860420785680511724e+00
1.733648621484385588e+00
1.561298072838268602e+00
1.716241947090846098e+00
1.567830302122573904e+00
1.505533505578040554e+00
1.466909909212948726e+00
1.484904192907627207e+00
1.581738596703500033e+00
1.612599824443526453e+00
1.674903106872384306e+00
1.644497334029078717e+00
1.632104928187103843e+00
1.623153275273061968e+00
1.607176892468386464e+00
1.610433708022924071e+00
1.637143293852081793e+00
1.655957193330709565e+00
1.680777734198056317e+00
1.686251633681468798e+00
1.678766950772704547e+00
1.740649762308269066e+00
1.740149362965893065e+00
1.718105698507141899e+00
1.721305756510796092e+00
1.714049192779641961e+00
1.717335603997084403e+00
1.717128009662663990e+00
1.691238443214367448e+00
1.679173771943931248e+00
1.692555278964076759e+00
1.730613651084815796e+00
1.754701285235987784e+00
1.722503741473051297e+00
1.704552191855846832e+00
1.706237380347623844e+00
1.704751233651538023e+00
1.711628322349152187e+00
1.722262444370247003e+00
1.739160509865671722e+00
1.725457075829642806e+00
1.705130013074542594e+00
1.683354592597088084e+00
1.675078111570429629e+00
1.676716836219929618e+00
1.686752081114831103e+00
1.720042271762254327e+00
1.728500831644528057e+00
1.731382848291403986e+00
1.725124037161263280e+00
1.731539768247897904e+00
1.738368382301974657e+00
1.734208320278279425e+00
1.741976516335083103e+00
1.758493836970467239e+00
1.758574665723830810e+00
1.773630517542519769e+00
1.761048922724812948e+00
1.756586524421189122e+00
1.758029604100058707e+00
1.766145692521789767e+00
1.750344323851818817e+00
1.752985824430630224e+00
1.756600664980237259e+00
1.766220390249621852e+00
1.779767291677609498e+00
1.794521122766466359e+00
1.799514592259617851e+00
1.790350575625906604e+00
1.790564285287721491e+00
1.795169282021168877e+00
1.791879763768170264e+00
1.790028441579009977e+00
1.796158593971469708e+00
1.811651945630139204e+00
1.818324286175475146e+00
1.820443660923965368e+00
1.828194647568205822e+00
1.807995103182992613e+00
1.819104746166912090e+00
1.825368632167257310e+00
1.821298780133999706e+00
1.820403057836124550e+00
1.822030307683691897e+00
1.831521949140357375e+00
1.841138176490092482e+00
1.839152782076483028e+00
1.837620808388779281e+00
1.824366372418094073e+00
1.813494704698973559e+00
