2.250000000000000056e-01
0.000000000000000000e+00
1.058099415383356057e+00
1.078047250851412286e+00
1.097722677399253888e+00
1.087557339687636349e+00
1.087571747174597370e+00
1.087577628500380644e+00
1.087576140022784354e+00
1.087569050967797324e+00
1.087558308251124428e+00
1.087545689288589523e+00
1.087532603573014622e+00
1.087520034348787856e+00
1.087508575506113795e+00
1.087498514312950304e+00
1.087489923222583421e+00
1.087482740269551940e+00
1.087476830385065485e+00
1.087472027600332680e+00
1.087468161526834232e+00
1.087465072327238991e+00
1.087462617955666788e+00
1.087460676584822039e+00
1.087459146271774868e+00
1.087457943207674971e+00
1.087456999380425726e+00
1.087456260128665475e+00
1.087455681840293398e+00
1.087455229911297394e+00
1.087454877001214015e+00
1.087454601578631053e+00
1.087454386729379996e+00
1.087454219192080851e+00
1.192539204205448122e+00
1.063535224538731949e+00
1.115569184327271701e+00
1.089576247906677287e+00
1.116034646703272237e+00
1.084766503634870372e+00
1.076861688847597920e+00
1.067288316439509055e+00
1.064703984331265785e+00
1.067845364281274412e+00
1.079083159382589363e+00
1.076509481863329398e+00
1.063140117666558471e+00
1.058961471242822583e+00
1.066168937907063352e+00
1.077904616748303512e+00
1.074639240751370517e+00
1.076987512785989587e+00
1.073304491589128995e+00
1.077877184530142474e+00
1.079968971133696387e+00
1.079214553719799907e+00
1.079207847863654202e+00
1.079374607610092074e+00
1.079491143682567600e+00
1.079567897048306024e+00
1.079614783251828802e+00
1.079640471639939481e+00
1.079651988615541569e+00
1.079654649740273031e+00
1.091802487484074824e+00
1.103495215353772485e+00
1.124427568385004683e+00
1.096489133202424471e+00
1.043057355096926431e+00
1.125706804497347058e+00
1.113875556015674562e+00
1.114936887261688936e+00
1.102669126908713215e+00
1.087317091215298070e+00
1.091878141570447491e+00
1.093202280731537579e+00
1.071959127347864804e+00
1.066158582628096818e+00
1.067058489419974165e+00
1.064346772728260726e+00
1.059564238147086002e+00
1.053645864713248281e+00
1.051305273664922213e+00
1.052578234897030729e+00
1.061193943581810517e+00
1.066175804210987677e+00
1.065071474336514390e+00
1.059155369781330958e+00
1.057005210684007768e+00
1.059784554196592898e+00
1.059076889269399357e+00
1.055161410634873898e+00
1.046822716233294814e+00
1.043646941399784644e+00
1.047316317441181255e+00
1.054097115131350293e+00
1.064693622344803137e+00
1.046234813551206733e+00
1.049731521214611663e+00
1.060805685936792031e+00
