2.250000000000000056e-01
0.000000000000000000e+00
0.000000000000000000e+00
0.000000000000000000e+00
0.000000000000000000e+00
0.000000000000000000e+00
0.000000000000000000e+00
0.000000000000000000e+00
0.000000000000000000e+00
0.000000000000000000e+00
0.000000000000000000e+00
0.000000000000000000e+00
0.000000000000000000e+00
0.000000000000000000e+00
0.000000000000000000e+00
0.000000000000000000e+00
0.000000000000000000e+00
0.000000000000000000e+00
0.000000000000000000e+00
0.000000000000000000e+00
0.000000000000000000e+00
0.000000000000000000e+00
0.000000000000000000e+00
0.000000000000000000e+00
0.000000000000000000e+00
0.000000000000000000e+00
0.000000000000000000e+00
0.000000000000000000e+00
0.000000000000000000e+00
0.000000000000000000e+00
0.000000000000000000e+00
0.000000000000000000e+00
0.000000000000000000e+00
0.000000000000000000e+00
0.000000000000000000e+00
0.000000000000000000e+00
0.000000000000000000e+00
0.000000000000000000e+00
0.000000000000000000e+00
0.000000000000000000e+00
0.000000000000000000e+00
0.000000000000000000e+00
0.000000000000000000e+00
0.000000000000000000e+00
0.000000000000000000e+00
0.000000000000000000e+00
0.000000000000000000e+00
9.370042536777407893e-02
1.180068480887560556e-01
1.497218818534073459e-01
1.713398799359582836e-01
2.007763108303672051e-01
2.131338206655386258e-01
2.059925940450418325e-01
2.325934928201381646e-01
2.389836930003617077e-01
2.532886381530526920e-01
2.661097220253024753e-01
2.755702631172998740e-01
2.611200885720319498e-01
2.732750215574432096e-01
2.844130004264716627e-01
2.915386511937238523e-01
3.045872655062099033e-01
3.237346196759636197e-01
3.379656840562154096e-01
3.480363153450860003e-01
3.875427179513574738e-01
3.890945443853519592e-01
3.928528564039013293e-01
3.982951655489660459e-01
3.942797514436600093e-01
4.065775543896423816e-01
3.984370977675882330e-01
4.165146162193308910e-01
4.207264693040841941e-01
4.275668098894435665e-01
4.547575609152288978e-01
4.493631938482361421e-01
4.899906977748623715e-01
5.059730907020613122e-01
5.135852901835771256e-01
5.459042117107955061e-01
5.681245479480374616e-01
5.965846418634146442e-01
6.037695045644626557e-01
6.215120110436277434e-01
6.365555491597486570e-01
6.484420574707981944e-01
6.541513562183852715e-01
6.501118485126509139e-01
6.615356661662382676e-01
6.676772385034845936e-01
6.783494274437867899e-01
6.979175901722138864e-01
6.855808129082180402e-01
6.997073347385299735e-01
7.081939764774018986e-01
7.417721786967397257e-01
7.428134967618144069e-01
