2.250000000000000056e-01
0.000000000000000000e+00
0.000000000000000000e+00
1.681484041232542692e+00
1.640359178000816431e+00
1.640327695967011667e+00
1.640304008793565860e+00
1.624398102936899679e+00
1.616620796992769060e+00
1.611905681846392824e+00
1.616418798768005649e+00
1.604288827304038989e+00
1.595409442644819764e+00
1.582327476433600388e+00
1.587624000881883379e+00
1.258214064774363594e+00
9.368131116424739391e-01
8.087994268878304638e-01
7.617637530361485165e-01
6.885954561974063637e-01
7.246789705492785449e-01
7.824032691433032705e-01
9.199212099228798456e-01
9.530389574833930677e-01
1.023903385370335872e+00
1.073321617053957899e+00
1.076547253206642019e+00
1.086394464174946117e+00
1.077594832300732497e+00
1.099431006597904492e+00
1.126095833543397484e+00
1.123488492203035483e+00
1.097077375440256297e+00
1.072521831758634914e+00
1.091518556834432108e+00
1.093300307838120933e+00
1.075876570895343498e+00
1.098530190184103361e+00
1.073631843304340583e+00
1.047959884519532592e+00
1.019781276164728911e+00
9.958793820558234922e-01
9.850324603294994263e-01
9.691055903590931608e-01
9.583354663150434050e-01
9.661030028974086914e-01
9.341835310115070845e-01
9.492333769963045009e-01
9.709985779037551001e-01
9.924413678782013637e-01
1.000891622520168944e+00
1.017791228114771629e+00
1.039579919956971077e+00
1.058752033432273532e+00
1.086794539024513062e+00
1.111877053377543723e+00
1.122983456025709925e+00
1.125713709804002427e+00
1.114233522902001949e+00
1.092100435983931250e+00
1.054048215091121454e+00
9.873226532268218891e-01
9.615535700171946587e-01
9.571619640366678672e-01
9.674372183663416669e-01
9.734004032191710953e-01
9.834032463254668288e-01
9.732673012933350520e-01
9.713636714101074876e-01
9.782491427168776843e-01
9.926655601011847851e-01
1.004509505770623923e+00
1.021442747284941222e+00
1.035133814942441610e+00
1.042161667375661294e+00
1.042182209841308493e+00
1.034429924351817132e+00
1.016155794483887043e+00
9.988472417125557890e-01
1.001321914574853311e+00
1.009547404209309107e+00
1.029127396947470796e+00
1.033912297636349065e+00
1.046637698466225785e+00
1.049402982057680012e+00
1.056059121197153727e+00
1.066594611999713837e+00
1.075735463948883863e+00
1.088607006002932698e+00
1.107284087129603023e+00
1.120363973649781686e+00
1.128712764391784473e+00
1.131990202307615156e+00
1.140481387050856776e+00
1.159549787373652885e+00
1.176527284065236101e+00
1.187520189218900235e+00
1.197641051204825668e+00
1.200292196355165597e+00
1.202467974156869124e+00
