2.250000000000000056e-01
1.092975249302382101e+00
1.009097177786770994e+00
1.055239371152212335e+00
1.005837919233726119e+00
1.051146902786956883e+00
1.119846846695595977e+00
1.103793696692040527e+00
1.120086535953352946e+00
1.117464894422288468e+00
1.126667205532505545e+00
1.124276406678943907e+00
1.131161816620556815e+00
1.115265023927060284e+00
1.119762985609199957e+00
1.122506578795309018e+00
1.131480350981635574e+00
1.109181064007755513e+00
1.107713589742392646e+00
1.112480459935540011e+00
1.111652406779943147e+00
1.120243611356239066e+00
1.119872644033587328e+00
1.124787026265477552e+00
1.074087666925697571e+00
1.037101179936409379e+00
1.031617704020499460e+00
1.007395111561443235e+00
9.902105108592076377e-01
9.907610489203086956e-01
1.076919595216677239e+00
1.028066892788635611e+00
9.998983856928180813e-01
1.002804910560059160e+00
9.702072124364559125e-01
9.404596072623352399e-01
9.167369837973065039e-01
8.609703321847960167e-01
8.209792296233667797e-01
8.155034908123819370e-01
8.339307755553800883e-01
8.937040463552573533e-01
9.598800492076777768e-01
9.845762576308643155e-01
9.801040240644982582e-01
9.344793426851051299e-01
9.313229262330463554e-01
9.324185089272646332e-01
9.388989845185242711e-01
9.399088798232702047e-01
9.645907665037108947e-01
9.826133382148604101e-01
1.012120436089497977e+00
1.032021124774541887e+00
1.059928716707859930e+00
1.060495894605732126e+00
1.073400296162801304e+00
1.078737349110786337e+00
1.079508418705258821e+00
1.077391980827038243e+00
1.074476767348869988e+00
1.075665926921741455e+00
1.087793434220349686e+00
1.103197962105217700e+00
1.120214326060187782e+00
1.140529466112558454e+00
1.154532481746764372e+00
1.154737774657114135e+00
1.155504482645594466e+00
1.154199941956414843e+00
1.151400568285668280e+00
1.145081753865464957e+00
1.145382937592512196e+00
1.143057013377273057e+00
1.137313703102487361e+00
1.133049228024431532e+00
1.121474463246391551e+00
1.111176257658264666e+00
1.107071957865879197e+00
1.108294063676483754e+00
1.113446085754679293e+00
1.113720153150540959e+00
1.133770374672337544e+00
1.129818501916856954e+00
1.132192703419344859e+00
1.120291443255857056e+00
1.117214784102490421e+00
1.109031390030819075e+00
1.099977033740264343e+00
1.094239104705767129e+00
1.094266924928347207e+00
1.091014593966679325e+00
1.086062491137621766e+00
1.083632066804545158e+00
1.087519724259782272e+00
1.091553586179199620e+00
1.091884637057934704e+00
1.078792717351967356e+00
1.059245861667251987e+00
1.044897811243077790e+00
