2.250000000000000056e-01
0.000000000000000000e+00
0.000000000000000000e+00
0.000000000000000000e+00
3.486223554634680366e-01
3.228171565953423805e-01
3.536963261297665917e-01
3.477636564973847766e-01
3.837156423092343838e-01
4.066180369085824475e-01
4.061592528995653373e-01
4.396200429003570553e-01
4.494182461148920060e-01
4.633893977786757157e-01
5.051332149288874085e-01
5.130235285948613333e-01
5.341268507381016217e-01
5.931489500218734001e-01
6.367838487758503696e-01
6.836915454324214991e-01
7.033598953073527671e-01
7.372943237277718165e-01
7.853905252603344822e-01
7.484281019310665695e-01
7.178838446790729577e-01
7.168144042962287799e-01
6.995936636412611875e-01
6.786256922617477372e-01
6.924744392036240592e-01
7.063340466445133803e-01
7.164834283995209496e-01
7.405618802013103075e-01
7.754114958217345199e-01
7.896755484887639787e-01
7.934457342328229412e-01
8.367880902884429206e-01
8.655322589186251747e-01
8.543185400840768162e-01
8.798530067178961245e-01
8.956737675777320939e-01
9.061580091598196995e-01
9.205511281892495568e-01
9.287929931392227001e-01
9.372291746227172649e-01
9.417259354638520819e-01
9.590738094858071161e-01
9.757235990797096248e-01
9.673937679718228599e-01
9.702601974442237598e-01
9.698303261371108430e-01
9.625081150244692019e-01
9.616101892913255789e-01
9.553128624729763096e-01
9.619321825919503466e-01
9.576100960187421407e-01
9.560249209955979932e-01
9.670582073742719498e-01
9.629565322241957492e-01
9.704157347324275928e-01
9.822465326686891096e-01
9.964584356100152363e-01
1.004192656343760870e+00
1.021843149978697962e+00
1.034543296282520064e+00
1.044492514279113271e+00
1.062389004769723089e+00
1.069789848224564466e+00
1.076745479997603949e+00
1.069800169563132064e+00
1.069269758746780541e+00
1.074956076982538367e+00
1.079653620566042971e+00
1.080470893556385814e+00
1.085548617964420481e+00
1.090082042482610314e+00
1.089537631575237642e+00
1.083788689540737815e+00
1.067465995546662327e+00
1.063944049681764925e+00
1.051514988926496974e+00
1.039162681259450993e+00
1.032679264866079860e+00
1.020662352541324980e+00
1.023852412571028214e+00
1.016054190065353469e+00
1.018047781036761856e+00
1.010776329173143973e+00
1.011509545881959848e+00
1.006307113280348720e+00
9.965253403197817939e-01
9.891714126477723079e-01
9.806513482697664097e-01
9.712206817705670847e-01
9.672960361526962147e-01
9.703261228444357567e-01
9.628321186208577132e-01
9.532872577760066468e-01
9.552399519646299630e-01
9.572523541532487190e-01
9.592969689823996893e-01
