2.250000000000000056e-01
0.000000000000000000e+00
0.000000000000000000e+00
0.000000000000000000e+00
0.000000000000000000e+00
0.000000000000000000e+00
0.000000000000000000e+00
0.000000000000000000e+00
0.000000000000000000e+00
0.000000000000000000e+00
0.000000000000000000e+00
0.000000000000000000e+00
0.000000000000000000e+00
0.000000000000000000e+00
0.000000000000000000e+00
5.544506040409724612e-02
5.392645127075375300e-02
8.119320906842096564e-02
1.113577050906893462e-01
1.128663158297648073e-01
1.448887808079557249e-01
1.764812125317252733e-01
2.097764630955580023e-01
2.478951717822522605e-01
2.860708536482679532e-01
5.905266953935407459e-01
6.557115098867404290e-01
6.945424790985812447e-01
7.176905715848592715e-01
7.664806686952537751e-01
7.803694704368874246e-01
7.955547132287597023e-01
8.154722925510993203e-01
8.402484743591633887e-01
8.446729708890942101e-01
8.745291309820956149e-01
8.770444785902534734e-01
9.144393574269850111e-01
7.991486081972172251e-01
7.482825464956825989e-01
7.153800932835152615e-01
7.783769613775392004e-01
7.548871691261412886e-01
7.454753104580066347e-01
8.040767807410670320e-01
9.251359362273309239e-01
9.457397927597763765e-01
9.814172714128454045e-01
1.025523802249942662e+00
1.010271862905532503e+00
9.912216585581458128e-01
9.629836484211447001e-01
9.594260454209569966e-01
9.587733498901112039e-01
9.547642978716753825e-01
9.692208016690634365e-01
9.540595815749941533e-01
9.136559982362180143e-01
9.053169265789861031e-01
8.958549054150636293e-01
9.208210620719775585e-01
9.336263986023817241e-01
9.407006016755787847e-01
9.496694562100094217e-01
9.376463735383091525e-01
9.364911386396601589e-01
9.910532803726949114e-01
1.020884006884086537e+00
1.050026760397339665e+00
1.063080702984925852e+00
1.103871996250555432e+00
1.137433671622359643e+00
1.179995826915817947e+00
1.242410585969669690e+00
1.265658462721551469e+00
1.358279561567302007e+00
1.381675043464377417e+00
1.401970257066930348e+00
1.405207848053473541e+00
1.408162961283795811e+00
1.406072565321336176e+00
1.407920739373165864e+00
1.411738234799106539e+00
1.405466725053396759e+00
1.381588465591982340e+00
1.362925291071833911e+00
1.344944472122887813e+00
1.338364860618828533e+00
1.318450155245689981e+00
1.315147657727788522e+00
1.297380409159307746e+00
1.280666759879455885e+00
1.247950853377064240e+00
1.240864755065610447e+00
1.214604360711994513e+00
1.206734725479196690e+00
1.210659309780278470e+00
1.210248063761238946e+00
1.203037316414274915e+00
1.203501440280746460e+00
