2.250000000000000056e-01
0.000000000000000000e+00
0.000000000000000000e+00
0.000000000000000000e+00
0.000000000000000000e+00
0.000000000000000000e+00
0.000000000000000000e+00
0.000000000000000000e+00
1.861800551548191407e-01
3.681485678634248138e-01
4.000126361134095920e-01
4.759522119428948317e-01
5.317262755559114540e-01
5.465919310188384062e-01
5.623224343317871909e-01
5.481523960651405458e-01
5.506905709336077370e-01
5.542181475039847927e-01
5.435743844948751624e-01
5.231674174564797664e-01
5.288714691684274216e-01
5.194748749662100318e-01
5.172605465082797949e-01
5.261723795686876759e-01
5.376296196818578510e-01
5.341938077853888300e-01
5.460306119356078680e-01
5.528271254080118213e-01
5.623488700213234992e-01
5.647440544497045467e-01
5.604481979999932362e-01
5.488085098591599653e-01
5.417343642394351066e-01
5.357849748515794985e-01
5.479074693893009051e-01
5.393530574909419784e-01
5.268932679118093487e-01
5.110776068406999162e-01
5.170201685174771189e-01
5.216735434544724770e-01
5.242445909300736950e-01
5.323329736336313012e-01
5.282258061974273167e-01
5.060740225160732519e-01
5.196450434288896192e-01
5.228837740325311678e-01
5.262789022725541388e-01
5.308844248356666684e-01
5.325265228029061326e-01
5.338943471305137578e-01
5.342677298531066654e-01
5.300480144641185332e-01
5.322760623314121142e-01
5.337162602571097203e-01
5.366043696285056619e-01
5.444680308007043834e-01
5.453056112204500705e-01
5.283718552050445938e-01
5.283371796956863875e-01
5.305325350964303910e-01
5.319803725492807667e-01
5.351210363339309328e-01
5.329994833427297296e-01
5.244124804929101158e-01
5.114323180540196745e-01
5.136232445176670547e-01
5.194449476828918444e-01
5.226291603073266456e-01
5.288962699846245785e-01
5.297593284976345185e-01
5.173848870459716309e-01
5.198179852579121185e-01
5.195428662525664043e-01
5.210906900438332379e-01
5.210532073890586924e-01
5.210777330694835729e-01
5.281467255355242196e-01
5.273553835654233302e-01
5.299724879433165281e-01
5.341544362283199288e-01
5.385012015874321989e-01
5.289577465876665885e-01
5.315202919812843652e-01
5.315474442593517423e-01
5.222448351532941180e-01
5.201237861250764816e-01
5.224521876444507829e-01
5.238560065575978975e-01
5.289376378513250820e-01
5.327123326291575145e-01
5.307298423690526290e-01
5.296309534039311817e-01
5.316764312270315651e-01
5.310427425073667163e-01
5.357666854490940045e-01
5.300714385916325266e-01
5.324199613956464017e-01
5.274162363876262472e-01
5.314176279671110059e-01
5.330749669111821687e-01
