2.250000000000000056e-01
0.000000000000000000e+00
0.000000000000000000e+00
0.000000000000000000e+00
0.000000000000000000e+00
0.000000000000000000e+00
0.000000000000000000e+00
0.000000000000000000e+00
0.000000000000000000e+00
0.000000000000000000e+00
0.000000000000000000e+00
0.000000000000000000e+00
0.000000000000000000e+00
0.000000000000000000e+00
0.000000000000000000e+00
0.000000000000000000e+00
0.000000000000000000e+00
0.000000000000000000e+00
0.000000000000000000e+00
0.000000000000000000e+00
0.000000000000000000e+00
0.000000000000000000e+00
0.000000000000000000e+00
0.000000000000000000e+00
9.127675196832947535e-02
1.450207468697587987e-01
1.456537981561197848e-01
2.020358739809152704e-01
2.040486580405370676e-01
2.647839269649246985e-01
2.688586259267671252e-01
3.003625260964242205e-01
2.645394576028360367e-01
2.429231082667565322e-01
2.857314692168401171e-01
2.790032166839028771e-01
2.779232578975653345e-01
3.210642985621164347e-01
3.199201491086920979e-01
3.310052907195261684e-01
3.558823947699809587e-01
3.740904132731082687e-01
3.933828608176942465e-01
3.988869423607523390e-01
4.305863597358994821e-01
4.519770882171282311e-01
4.645262632384597468e-01
4.823492482655466485e-01
5.066207616033825412e-01
5.278512599199316480e-01
5.452377702438495621e-01
5.744388933660489194e-01
6.074657269383785252e-01
6.242289689845385015e-01
6.476893770010406781e-01
6.979482068938784867e-01
7.165315209131823959e-01
7.396431750590560794e-01
7.683512377024707130e-01
7.958625392847802349e-01
7.924584448414765392e-01
8.033388857456466026e-01
7.933578189626525612e-01
7.961997078386299220e-01
8.020560729462988814e-01
8.201922057995431059e-01
8.373111765379753768e-01
8.640694690906157716e-01
8.615420862528241353e-01
8.856532738531185389e-01
8.864218312104107378e-01
9.294251783858358262e-01
9.653626323871078441e-01
9.839573196871564953e-01
1.010062058761367343e+00
1.013949106402351141e+00
1.031057394989592702e+00
1.050739030030161558e+00
1.061103936881420795e+00
1.050837385693176529e+00
1.054263548439005937e+00
1.056792445080549703e+00
1.060479322607716934e+00
1.050215773505615902e+00
1.049389484223301139e+00
1.030542751441446470e+00
1.015647755067188740e+00
1.005699733442958266e+00
1.008979821456176706e+00
9.969856115948174669e-01
9.695861840037826029e-01
9.507351474566608784e-01
9.346087562704430418e-01
9.280810482983661291e-01
9.208625343709289091e-01
9.137159868466087076e-01
9.162542507925136581e-01
9.278919309015212225e-01
9.224784608908759287e-01
9.147654168551068166e-01
