2.250000000000000056e-01
0.000000000000000000e+00
0.000000000000000000e+00
0.000000000000000000e+00
0.000000000000000000e+00
0.000000000000000000e+00
9.141709419847179330e-01
8.794136712343075812e-01
1.100950000960611463e+00
1.044458962224874998e+00
1.061100228647762211e+00
1.024236196436994373e+00
9.873945994745060295e-01
9.776598497518258490e-01
9.247809084661845480e-01
9.528772208363844864e-01
9.287453017934340638e-01
9.129134829461992284e-01
9.079274886580437354e-01
9.147094262939741149e-01
8.975972897083381863e-01
8.772621317447243383e-01
8.627157552286927045e-01
8.456023611945180374e-01
8.196025833943990646e-01
8.202993100492248502e-01
8.103177093947949716e-01
8.015803136515703420e-01
7.932975170129612508e-01
7.937397644290004051e-01
7.879564479555027923e-01
7.891314386112554535e-01
7.841830529211302192e-01
7.737050961694940110e-01
7.664856249666280874e-01
7.607343194996729618e-01
7.480249395563355330e-01
7.325641023188725898e-01
7.448127211079185184e-01
7.383689388600963577e-01
7.366224957460530964e-01
7.318820611362588657e-01
7.188782070035865113e-01
6.990136709523073755e-01
6.841899225028340581e-01
7.007798868618065891e-01
7.021060460272843251e-01
7.000193616143569608e-01
6.965470814174039571e-01
6.892841177389069651e-01
6.842460646923136380e-01
6.790050257331773365e-01
6.556829276288234087e-01
6.605827162111574946e-01
6.562308722775329617e-01
6.674711239849207001e-01
6.653909740231221948e-01
6.696858355810514363e-01
6.613071067881743925e-01
6.557432103936129408e-01
6.609142413848008157e-01
6.575132184531911061e-01
6.534945403942832298e-01
6.617764944822145390e-01
6.610454123104158031e-01
6.605451630928823592e-01
6.583158177567195457e-01
6.529971658829074599e-01
6.464935064949548504e-01
6.434495861945815909e-01
6.489204075415413442e-01
6.402591971940617688e-01
6.354221124904709805e-01
6.350696161567948028e-01
6.345901539125172741e-01
6.310247992154224272e-01
6.276151954483287776e-01
6.262018938012008373e-01
6.319339512261432645e-01
6.366175425077248429e-01
6.428157796011658709e-01
6.462326933638212756e-01
6.475223532302019080e-01
6.493090044056569754e-01
6.418406220901916592e-01
6.408772456922641192e-01
6.433846179180141567e-01
6.451843074847836146e-01
6.460597701639867463e-01
6.463088570934978350e-01
6.472826549770149818e-01
6.454275241928391083e-01
6.425126208534700512e-01
6.407706436998399369e-01
6.384567600906596585e-01
6.382803040542591733e-01
6.358886836874141357e-01
6.337010749137547139e-01
6.284356385406609791e-01
6.235632723852886361e-01
