2.250000000000000056e-01
0.000000000000000000e+00
0.000000000000000000e+00
0.000000000000000000e+00
2.265245018039016289e-01
2.063194717827608882e-01
2.062470564655093930e-01
2.789850899278368823e-01
2.636886049908599983e-01
2.645915399347942287e-01
2.856942438585836630e-01
3.472026952815977507e-01
3.373823800185590804e-01
3.394151593012270096e-01
4.242697854846162464e-01
3.930823366735375912e-01
3.511968181996405480e-01
5.168192064102441474e-01
6.099122122757660858e-01
6.823570486348078390e-01
6.912151195276544646e-01
7.319022010796558675e-01
7.447819085047188148e-01
7.504593351447214067e-01
7.898596473764388781e-01
8.396316819562062994e-01
8.842821737524669823e-01
9.459917588812316591e-01
9.559662724979447468e-01
9.578060136294774818e-01
9.567499060408777289e-01
9.854320542110107661e-01
9.792132157600268449e-01
9.700683832357417380e-01
9.609492836399373683e-01
9.670097246694606685e-01
9.636972891735822166e-01
9.720670730956617600e-01
9.690619392128216880e-01
9.645340121770823449e-01
9.661059342980663489e-01
9.716011958702659435e-01
9.714767071468963788e-01
9.625073473903864585e-01
9.539108959992587122e-01
9.718261343011400655e-01
9.652531377482433950e-01
9.697653966536518011e-01
9.506330561843806537e-01
9.409550852555583766e-01
9.679233643485904981e-01
9.555045984641231671e-01
9.410207076146255289e-01
9.302576127336272815e-01
9.243522271905350030e-01
8.963945743397937482e-01
8.446081051175895471e-01
8.077519338388007286e-01
7.935578475182584191e-01
7.974038366766746933e-01
8.060338470048965531e-01
8.039682247950175054e-01
8.234076078023666589e-01
8.507346512212992096e-01
8.498872157976580244e-01
8.882864652610692469e-01
9.102977379378308642e-01
9.317409018908839879e-01
9.386964272374981322e-01
9.427601693026034235e-01
9.546013917192687215e-01
9.536746862927261148e-01
9.587987382275536818e-01
9.629024080468461255e-01
9.810111881786754973e-01
9.914549711824056644e-01
9.930957543712137792e-01
9.946460160856646082e-01
9.941616780865959457e-01
1.001859133469878316e+00
1.011272527587329328e+00
1.013899880836572232e+00
1.015096580931018844e+00
1.019876480259013896e+00
1.017841804007683759e+00
1.019174728615257042e+00
1.017591364595812342e+00
1.013538963712318663e+00
1.009515244890583308e+00
1.004865339989339024e+00
1.015385890970220251e+00
1.012491229903618395e+00
1.006613540055561140e+00
1.003034115722771347e+00
9.994336502792307009e-01
1.000117035281197442e+00
9.860639428460279410e-01
9.778696874160139885e-01
9.640125531531330560e-01
9.505608564970385865e-01
