2.250000000000000056e-01
0.000000000000000000e+00
0.000000000000000000e+00
0.000000000000000000e+00
2.147461557382829067e+00
2.116408729190712545e+00
2.103638973198016959e+00
2.077809661047331335e+00
2.047444665980385547e+00
2.037686168266541475e+00
1.981569874168962242e+00
1.907122260747892151e+00
1.891562260557698050e+00
1.815963531276536980e+00
1.751485126104240786e+00
1.658384397386672982e+00
1.601759085368562152e+00
1.626631708207196381e+00
1.568915890331251672e+00
1.514114085975838186e+00
1.458317337627123678e+00
1.457989616718775361e+00
1.420766977009452425e+00
1.424083471230873421e+00
1.463520292028134495e+00
1.578613174486888981e+00
1.587630030855534891e+00
1.613582525901010589e+00
1.661327544753706142e+00
1.734841407057205576e+00
1.745013034416823761e+00
1.740617511830000685e+00
1.722716124613299149e+00
1.689753763063179592e+00
1.667507050817071734e+00
1.644965980191943178e+00
1.628609619101021311e+00
1.600171991459846677e+00
1.588444675319622412e+00
1.583245487078876357e+00
1.560356687158084288e+00
1.550926738084402956e+00
1.541503262259458218e+00
1.535982937313065566e+00
1.534316418957433203e+00
1.562773205043765712e+00
1.597552847108890228e+00
1.612608729112025685e+00
1.618548967625444091e+00
1.619124240452679997e+00
1.628052913162247650e+00
1.620914392554281713e+00
1.624063886413215752e+00
1.607835361347437209e+00
1.599754870437634757e+00
1.579624988584080070e+00
1.561156473357602215e+00
1.550409241790270176e+00
1.537909139927301494e+00
1.533324013920485562e+00
1.528629739623908357e+00
1.533094958390917917e+00
1.531162929199813449e+00
1.513157303633284601e+00
1.488805805180265063e+00
1.473687772510193339e+00
1.476439391890564501e+00
1.466857512330845825e+00
1.447400184781295396e+00
1.444682113371267729e+00
1.449431552156686287e+00
1.462367388127403078e+00
1.452688515069130437e+00
1.457849450192560958e+00
1.474822720445241098e+00
1.492038324680997619e+00
1.499375831457987696e+00
1.500484488726767207e+00
1.505087938240268652e+00
1.514953979196473455e+00
1.533121261988235284e+00
1.523122555168393788e+00
1.534114689390560615e+00
1.522870817182069736e+00
1.515103171260026027e+00
1.503666560894420412e+00
1.507164953146966191e+00
1.489810063663195683e+00
1.477624042666626281e+00
1.473168486388346965e+00
1.470547744183209993e+00
1.455407108695385254e+00
1.438716069158180177e+00
1.421249258747718569e+00
1.421906296413396165e+00
1.404342540333929357e+00
1.410476864390303398e+00
1.410419279146758242e+00
1.424150440164915210e+00
1.421249923603548737e+00
