2.250000000000000056e-01
0.000000000000000000e+00
0.000000000000000000e+00
0.000000000000000000e+00
0.000000000000000000e+00
0.000000000000000000e+00
0.000000000000000000e+00
0.000000000000000000e+00
0.000000000000000000e+00
0.000000000000000000e+00
0.000000000000000000e+00
0.000000000000000000e+00
7.356516308407059501e-01
8.024293620528738513e-01
8.310743474510859929e-01
8.246813610459046151e-01
8.748934432523700622e-01
8.348343111184673981e-01
8.605309871465594007e-01
8.669990949342137876e-01
8.754200807309302501e-01
8.432601015199368000e-01
8.183992818801439917e-01
7.910997314643003486e-01
7.762571176263511896e-01
7.872081969701756332e-01
7.994176948693626494e-01
8.136138873016927064e-01
8.236690321847442986e-01
8.794954492684202707e-01
8.955860561602237979e-01
9.297189317011729237e-01
9.109714620306800237e-01
9.175354707232055151e-01
8.923129285857611670e-01
8.701139621318833006e-01
8.742418944328463892e-01
8.934435759252941089e-01
8.880702224146113100e-01
8.839623477720336409e-01
8.799876315938716109e-01
8.428029360098892031e-01
8.495994630053194108e-01
8.389856600204540493e-01
8.537692725412989736e-01
8.577367242881343001e-01
8.733707694494137197e-01
8.920414441149775442e-01
8.881364527833532918e-01
8.789137344525760343e-01
8.704795892367062082e-01
8.758627403856944493e-01
8.876445731459670085e-01
8.975759434837397022e-01
8.998296232651633586e-01
8.927006472509008139e-01
8.884920741772492914e-01
8.755974984212206991e-01
8.879916356238404251e-01
8.888892476713037283e-01
8.936668908894138674e-01
8.966209144167796019e-01
8.924196250829875554e-01
8.970285588708827307e-01
9.014368972442460270e-01
8.992456645758440947e-01
8.958884835087992382e-01
8.846712010205090015e-01
8.724393840328640293e-01
8.726916731842565556e-01
8.773355845298420608e-01
8.860871537425075717e-01
8.742418945166446909e-01
8.687991952247151595e-01
8.732495564360395202e-01
8.939965369472129275e-01
8.957000783282436096e-01
8.905563867445428494e-01
8.969779902192239751e-01
8.989462696585491797e-01
9.031486243579446294e-01
9.088573380110305244e-01
9.009460180694789377e-01
8.964184081033165219e-01
8.948267558984449588e-01
8.959061549973197369e-01
8.943004923623812941e-01
8.809433279926168758e-01
8.767832528406703796e-01
8.769498743213763881e-01
8.832909998943186958e-01
8.863012284444633515e-01
8.972198821814600933e-01
9.021326234149681378e-01
9.015332760807507340e-01
8.968919251809094328e-01
8.987233465462612925e-01
8.981624539804712315e-01
8.990608204740675458e-01
8.954487950022962384e-01
