2.250000000000000056e-01
0.000000000000000000e+00
1.479705160072549985e-01
1.874897392028199161e-01
2.270500414523585475e-01
1.890429105672369881e-01
2.241455912558433516e-01
2.270714402180219194e-01
2.464698431523847377e-01
2.760394118274259179e-01
2.779718390973239250e-01
3.294996379492077243e-01
3.549641924173660423e-01
9.032336883309691755e-01
9.869509420867388361e-01
1.013408171437609750e+00
1.057177955776035905e+00
1.077417779293293743e+00
1.111362672481331026e+00
1.143512014817618994e+00
1.153243628125783626e+00
1.152617011428635152e+00
1.119745123649531715e+00
1.067677615796498003e+00
1.031553165232523828e+00
1.046984501205986628e+00
1.056544274660287996e+00
1.019574667831899095e+00
9.611432164600088868e-01
9.328590681819498576e-01
9.290257842762994489e-01
9.241963108205690780e-01
9.230867305348724461e-01
9.277467683949245369e-01
9.851675071598893219e-01
1.049718104985223999e+00
1.115110254497815090e+00
1.175376549740496213e+00
1.178920971732220657e+00
1.144136476448347706e+00
1.148171381591842621e+00
1.140473094209938143e+00
1.124859584739686724e+00
1.109897326247998750e+00
1.154077866269375363e+00
1.135631197318952790e+00
1.126280842697346074e+00
1.131474653193644819e+00
1.112921672641170145e+00
1.111949559634679563e+00
1.127394012099225185e+00
1.122477012713877231e+00
1.126906642787675938e+00
1.137094966023754816e+00
1.136887334389650173e+00
1.134760223246450650e+00
1.119205358431428987e+00
1.120347208999303623e+00
1.128253170427611751e+00
1.132552247902372855e+00
1.127000650897477696e+00
1.132957702625110974e+00
1.149854299754544895e+00
1.161207715175824440e+00
1.166106668406196478e+00
1.161892819459402482e+00
1.167800478454669388e+00
1.160581804580149257e+00
1.169242544783820614e+00
1.172338129219718583e+00
1.159529779478005951e+00
1.159054193356105600e+00
1.180576374272842788e+00
1.182455990691244851e+00
1.178380306162627678e+00
1.192279878312728858e+00
1.192511929844043861e+00
1.194681071993128008e+00
1.201806760640709903e+00
1.198247520893456430e+00
1.192628632859837445e+00
1.186492600179124057e+00
1.185495412554800065e+00
1.190071751361606145e+00
1.192613793102095476e+00
1.185835482943536245e+00
1.178415983706778025e+00
1.182379327275126846e+00
1.182736893168675474e+00
1.178736054258795019e+00
1.177016496442468974e+00
1.189319245333016584e+00
1.204739611502182228e+00
1.214047089808184099e+00
1.210716508055117435e+00
1.202974386969563270e+00
1.202570461525477308e+00
1.197047741368885809e+00
1.185065174693212819e+00
1.169372845943782879e+00
