2.250000000000000056e-01
0.000000000000000000e+00
0.000000000000000000e+00
0.000000000000000000e+00
0.000000000000000000e+00
0.000000000000000000e+00
0.000000000000000000e+00
0.000000000000000000e+00
0.000000000000000000e+00
0.000000000000000000e+00
0.000000000000000000e+00
0.000000000000000000e+00
0.000000000000000000e+00
0.000000000000000000e+00
0.000000000000000000e+00
0.000000000000000000e+00
0.000000000000000000e+00
0.000000000000000000e+00
0.000000000000000000e+00
0.000000000000000000e+00
0.000000000000000000e+00
0.000000000000000000e+00
0.000000000000000000e+00
0.000000000000000000e+00
0.000000000000000000e+00
0.000000000000000000e+00
0.000000000000000000e+00
0.000000000000000000e+00
0.000000000000000000e+00
0.000000000000000000e+00
0.000000000000000000e+00
0.000000000000000000e+00
0.000000000000000000e+00
0.000000000000000000e+00
0.000000000000000000e+00
0.000000000000000000e+00
0.000000000000000000e+00
0.000000000000000000e+00
0.000000000000000000e+00
0.000000000000000000e+00
0.000000000000000000e+00
0.000000000000000000e+00
0.000000000000000000e+00
0.000000000000000000e+00
0.000000000000000000e+00
0.000000000000000000e+00
0.000000000000000000e+00
0.000000000000000000e+00
0.000000000000000000e+00
0.000000000000000000e+00
0.000000000000000000e+00
0.000000000000000000e+00
0.000000000000000000e+00
0.000000000000000000e+00
0.000000000000000000e+00
0.000000000000000000e+00
0.000000000000000000e+00
0.000000000000000000e+00
0.000000000000000000e+00
0.000000000000000000e+00
0.000000000000000000e+00
0.000000000000000000e+00
0.000000000000000000e+00
0.000000000000000000e+00
9.495943039294456323e-02
1.278026872814012338e-01
1.265184252156076883e-01
1.732661380719622835e-01
1.751621795406650972e-01
2.247581843376106614e-01
2.284529666739784359e-01
2.002548312057915170e-01
2.494808858672452334e-01
2.457337482419525987e-01
2.476143124612641688e-01
3.085399369263022717e-01
3.044256042047618349e-01
3.080989023073196775e-01
3.315653078952394139e-01
3.653489561330567348e-01
3.219541494084451894e-01
3.141550907498715239e-01
3.149209088387388000e-01
3.449387560630057248e-01
3.422601343047430578e-01
3.618179777714875534e-01
3.371790917976459911e-01
3.375852285381175100e-01
3.241549709499275123e-01
3.341725967838141687e-01
3.295828655494591475e-01
3.367650391536829435e-01
3.520192384620247639e-01
3.611230398156365373e-01
3.545695476192024520e-01
3.628034351295231219e-01
3.747120274386047112e-01
3.950965663372283943e-01
3.939224790844556567e-01
3.966531868315135156e-01
