2.250000000000000056e-01
0.000000000000000000e+00
0.000000000000000000e+00
0.000000000000000000e+00
0.000000000000000000e+00
8.005304077997573708e-01
7.924814155885552269e-01
7.797266705324241709e-01
7.715524688796324693e-01
7.707265307399155940e-01
7.564548480370738570e-01
7.374182866805224501e-01
7.349469344565240370e-01
7.172895420325701155e-01
6.927967121570597353e-01
7.065744533821295414e-01
7.036632658416158703e-01
6.988461021292069475e-01
7.049014184017435847e-01
7.039063509958943810e-01
7.007600788297710936e-01
7.099046601642967635e-01
7.083684281083942880e-01
7.232487343555982218e-01
7.264378893201551834e-01
7.205935956141567011e-01
7.112106896471670492e-01
7.123553084643959865e-01
7.103015808316229807e-01
6.986764326527703517e-01
6.968905698012484162e-01
7.023326832386287411e-01
7.080702029762236949e-01
7.100578712561168571e-01
7.055471058393195660e-01
7.041415142303224517e-01
7.028246097042222251e-01
7.046076942573420432e-01
6.969647047700909814e-01
6.928375553832345490e-01
6.891742677951970819e-01
6.827803831215860653e-01
6.830965104271400357e-01
6.806888598556306569e-01
6.740834825836419242e-01
6.760354597456216252e-01
6.817292535604450032e-01
6.791264029140532399e-01
6.765089053377834061e-01
6.721206144184048714e-01
6.633938584561502871e-01
6.598114068039084845e-01
6.597213216266056834e-01
6.567433166677640877e-01
6.555642942059383138e-01
6.516294774521482758e-01
6.505152609424119658e-01
6.485267801076181060e-01
6.466739232003928528e-01
6.406336515781611007e-01
6.370387538245516623e-01
6.363619169577979795e-01
6.314315201124315324e-01
6.321157446738004948e-01
6.342447664941955887e-01
6.328260705335841951e-01
6.323315931234644305e-01
6.282368463982062057e-01
6.271759660777320722e-01
6.261812564933039171e-01
6.245529926658570652e-01
6.235124068717261547e-01
6.236503501416901241e-01
6.205928027100349187e-01
6.211167422911255676e-01
6.171368981248410712e-01
6.177474788351319246e-01
6.160342779576807315e-01
6.193459890426589176e-01
6.243429894389216361e-01
6.266241809261664519e-01
6.218743700960016607e-01
6.190244275940302021e-01
6.168585684273165670e-01
6.163211762816840356e-01
6.080174050907232175e-01
6.032596148598796670e-01
6.045799277914897241e-01
6.061380861983738377e-01
6.102710363413262895e-01
6.116382988782201879e-01
6.149332540719766316e-01
6.206680236259326522e-01
6.226859433445869341e-01
6.223509312114092751e-01
6.240146427182028388e-01
6.221871185346523614e-01
6.183376730470061533e-01
6.125525138692174965e-01
6.103667181604089942e-01
