2.250000000000000056e-01
0.000000000000000000e+00
0.000000000000000000e+00
0.000000000000000000e+00
0.000000000000000000e+00
2.406195653187220285e-01
2.519153526562324941e-01
2.640578387229219337e-01
2.859764646829450196e-01
3.085277763921444039e-01
3.273445593793208874e-01
3.407210029937191575e-01
3.615277067917546105e-01
3.810793421633227318e-01
3.840274011581356062e-01
3.743700014106977614e-01
3.665998324331317115e-01
3.818061166474851498e-01
3.910001009570939767e-01
3.985495989249276949e-01
3.987969919984059586e-01
4.128150380657878982e-01
4.300298834709726514e-01
4.449954327604639381e-01
4.546989160559303800e-01
4.811825944782757158e-01
4.889216338617622393e-01
5.079466413493515242e-01
5.191714003738421290e-01
5.489631817790953106e-01
5.536788001648806912e-01
5.671430038009984687e-01
5.926949708836833919e-01
6.067739060304929710e-01
6.143023851068895036e-01
6.290791678927640795e-01
6.426418142225329699e-01
6.530919914283880301e-01
6.686943906904725399e-01
6.968626841589734555e-01
7.327721599303552713e-01
7.300707442716173334e-01
7.413584524459657654e-01
7.538237211260033765e-01
7.538874689682479868e-01
7.852528216238492398e-01
7.948758325776766887e-01
8.287328482202425128e-01
8.691510175868086829e-01
8.891290211097736540e-01
9.054597391319554323e-01
9.402283435767370134e-01
9.419295028034758710e-01
9.732273247735439003e-01
9.772506023888966054e-01
9.838803097773065609e-01
9.872972739748666626e-01
9.867318393568008661e-01
1.005641314703091815e+00
1.002498598740926949e+00
1.004495984148646048e+00
1.000444561985330605e+00
9.831775156593657305e-01
9.878169167430086439e-01
1.005449591859698177e+00
1.024899475689474260e+00
1.045434006025603768e+00
1.038558271570288793e+00
1.036402587687948795e+00
1.014668148235709388e+00
9.744118399416569209e-01
9.570123166420837491e-01
9.747280091460499563e-01
9.831188643179972209e-01
1.004200412449076651e+00
9.947607553370011457e-01
9.872465815062908545e-01
9.650584372946445777e-01
9.111242731520490246e-01
8.817223014964900019e-01
8.595184030397831076e-01
8.351725910023231059e-01
8.357971114701483462e-01
8.437227988227807840e-01
8.674705587611458713e-01
8.527649789870966890e-01
8.667427444781020673e-01
8.802118724669500960e-01
8.970436442395481880e-01
9.123473829833105286e-01
9.236652493148908016e-01
9.447955345979993647e-01
9.744976066658562752e-01
9.980911059349758530e-01
9.783964912519298451e-01
9.807195811968871801e-01
9.745054575490532667e-01
9.752147562533275416e-01
9.757176139403201942e-01
9.683587933195633157e-01
