2.250000000000000056e-01
0.000000000000000000e+00
0.000000000000000000e+00
0.000000000000000000e+00
0.000000000000000000e+00
0.000000000000000000e+00
0.000000000000000000e+00
0.000000000000000000e+00
0.000000000000000000e+00
0.000000000000000000e+00
0.000000000000000000e+00
0.000000000000000000e+00
0.000000000000000000e+00
0.000000000000000000e+00
0.000000000000000000e+00
0.000000000000000000e+00
0.000000000000000000e+00
0.000000000000000000e+00
0.000000000000000000e+00
0.000000000000000000e+00
0.000000000000000000e+00
0.000000000000000000e+00
0.000000000000000000e+00
0.000000000000000000e+00
0.000000000000000000e+00
0.000000000000000000e+00
0.000000000000000000e+00
1.901108752537383095e+00
1.902393335725458989e+00
1.902302571258730923e+00
2.010680553895716205e+00
2.024353316325976149e+00
2.029989647126432484e+00
2.038362858248866871e+00
2.003018450066932132e+00
1.968948878412806858e+00
1.921402360475843896e+00
1.908711215963995178e+00
1.863494288481918781e+00
1.851411934271983695e+00
1.826400016969480511e+00
1.774877154473016860e+00
1.731654809648227156e+00
1.659738792723065126e+00
1.644878342999568144e+00
1.565101397305195485e+00
1.526916806691702932e+00
1.469426654379057506e+00
1.429323030494082492e+00
1.430974372244464332e+00
1.410323547366915342e+00
1.235612143842562460e+00
1.146747170053448395e+00
1.079594667190924451e+00
1.118697759775267642e+00
1.114907088871255558e+00
1.185048552729866644e+00
1.244600537073153657e+00
1.303189055885777048e+00
1.334610498999970529e+00
1.358248408574933341e+00
1.374788026165681298e+00
1.354689129776510681e+00
1.354430253069228929e+00
1.333817863532877679e+00
1.322368175634106802e+00
1.311139257641431355e+00
1.320849098209493588e+00
1.295104741781644364e+00
1.277213680549259101e+00
1.263800793825112567e+00
1.234450948009176097e+00
1.227068184365460946e+00
1.219973392642224930e+00
1.260773401279323691e+00
1.281475014331995288e+00
1.225666553199420639e+00
1.210036153872195319e+00
1.180045410759901436e+00
1.156510602919593733e+00
1.118564187409300636e+00
1.115448252856060085e+00
1.113361835790012355e+00
1.114693365442011697e+00
1.115074173774510458e+00
1.105064884862850816e+00
1.111121103514551178e+00
1.039820763738050546e+00
1.028222622339866055e+00
1.063931372702908940e+00
1.076359215382141521e+00
1.070786234498204648e+00
1.083356410707788209e+00
1.148736269092663687e+00
1.188223674266140950e+00
1.208450396369703306e+00
1.219214638773796988e+00
1.260601864806046635e+00
1.281923783746677925e+00
1.305699960918199620e+00
