2.250000000000000056e-01
0.000000000000000000e+00
1.219233342036275397e-01
1.219425878900266130e-01
1.736038560584619861e-01
1.942069580734351875e-01
2.126646976617109497e-01
2.739880442112044845e-01
1.021985659183854089e+00
1.260634871534325185e+00
1.352564742717265789e+00
1.334351973185856632e+00
1.372278769534412080e+00
1.396117530470057266e+00
1.416032780572296534e+00
1.456592737212233590e+00
1.580226847483300556e+00
1.627702417925988909e+00
1.677449633333569778e+00
1.651113632651883156e+00
1.638443074374259956e+00
1.622798890094488300e+00
1.601400567569085664e+00
1.609252776861761935e+00
1.566205545286485812e+00
1.521629873187447579e+00
1.492338369494136563e+00
1.458532396476072579e+00
1.443778460315043199e+00
1.426744789718202178e+00
1.408844300302027452e+00
1.408123960334324964e+00
1.383437693629345322e+00
1.373820842622654137e+00
1.365111264707405736e+00
1.356154548375414270e+00
1.371004644666555361e+00
1.383784020177192930e+00
1.434854203074604539e+00
1.457401517161062365e+00
1.509283354298861290e+00
1.513914086729869046e+00
1.525563229341104554e+00
1.540528899418341702e+00
1.551652724506864089e+00
1.567220448537846700e+00
1.578875032454602145e+00
1.571888200062929064e+00
1.562192233199687585e+00
1.561377918689234034e+00
1.551194738002809270e+00
1.539931866550913409e+00
1.521582372579242115e+00
1.499873825113210435e+00
1.503820456792146931e+00
1.503057821636081481e+00
1.513637209249562465e+00
1.532197807426476155e+00
1.535153010897637449e+00
1.524266140200931208e+00
1.514914132245627876e+00
1.505561690883648662e+00
1.498581529999823525e+00
1.501729776318255105e+00
1.491373234960315264e+00
1.474913109392900656e+00
1.451151100431371743e+00
1.466227914831120582e+00
1.476121135048277466e+00
1.476225288217309917e+00
1.487528989219349951e+00
1.486269784145467954e+00
1.482025439103218822e+00
1.488530640181405351e+00
1.491944454340686566e+00
1.483909091429235216e+00
1.488442811530869436e+00
1.470990174727375477e+00
1.453620592442058657e+00
1.421359729727056376e+00
1.404825724786177066e+00
1.386844533714632011e+00
1.400715505884796652e+00
1.417178302977602389e+00
1.441400642558838818e+00
1.453216600835165462e+00
1.483321430421088216e+00
1.485985173922857339e+00
1.480503542968734543e+00
1.471170226735057929e+00
1.475889010276691948e+00
1.462299518628025430e+00
1.464908074417857309e+00
1.466416423604463892e+00
1.460318602563409618e+00
1.458459285357911472e+00
1.452013509415725157e+00
1.436288170117812957e+00
1.428072614255637252e+00
1.431679893151175165e+00
