2.250000000000000056e-01
0.000000000000000000e+00
0.000000000000000000e+00
0.000000000000000000e+00
0.000000000000000000e+00
0.000000000000000000e+00
0.000000000000000000e+00
0.000000000000000000e+00
0.000000000000000000e+00
0.000000000000000000e+00
0.000000000000000000e+00
0.000000000000000000e+00
0.000000000000000000e+00
0.000000000000000000e+00
0.000000000000000000e+00
0.000000000000000000e+00
0.000000000000000000e+00
0.000000000000000000e+00
0.000000000000000000e+00
0.000000000000000000e+00
0.000000000000000000e+00
0.000000000000000000e+00
0.000000000000000000e+00
0.000000000000000000e+00
0.000000000000000000e+00
0.000000000000000000e+00
0.000000000000000000e+00
8.081082846007213438e-02
1.483455922444738562e-01
1.486742579767990347e-01
2.064870946150489661e-01
2.076767851630818007e-01
2.709257557647806736e-01
2.588039903407013953e-01
2.527406483962884032e-01
3.229160393048053357e-01
3.120176114951540014e-01
3.793005158051465653e-01
3.817011041163210772e-01
3.708965313996197555e-01
4.486973085582630638e-01
4.478281737948785479e-01
4.998679546493604020e-01
4.772711012551734133e-01
4.803660262560668359e-01
5.457398451002032358e-01
6.244151967627352695e-01
6.181436133255443499e-01
6.703220405378156332e-01
7.474010138432797268e-01
1.191362404116821594e+00
1.247089754108952286e+00
1.247850323384494420e+00
1.238396278221321811e+00
1.224260174603941431e+00
1.256289048093526706e+00
1.226785584108111227e+00
1.183992097313445235e+00
1.202486295583804932e+00
1.176144889409265204e+00
1.168747408428653101e+00
1.178006713186313226e+00
1.158228142553639373e+00
1.252055795859853271e+00
1.267388982666066477e+00
1.285761678354671478e+00
1.299567242452333016e+00
1.289069468272256769e+00
1.285474259712502176e+00
1.263051928806719904e+00
1.270522274900422577e+00
1.237776599210095085e+00
1.200348100054198008e+00
1.176268240851580105e+00
1.189996707241099960e+00
1.190292029274601315e+00
1.229442574614073358e+00
1.226244169218904556e+00
1.239384803483523978e+00
1.227673712327469691e+00
1.273936090904886909e+00
1.266177173124930277e+00
1.249689323417993325e+00
1.265101593565371330e+00
1.236572039380116950e+00
1.230216773533194141e+00
1.197912846460546410e+00
1.200061137007006673e+00
1.177988639385862513e+00
1.150857793803005569e+00
1.124232011863215641e+00
1.106033847089196609e+00
1.094291166814574279e+00
1.090620650368090416e+00
1.093486933782934045e+00
1.084227471569606083e+00
1.075239811279917301e+00
1.065391225286310251e+00
1.070963417302888354e+00
1.055570333985398124e+00
