2.250000000000000056e-01
0.000000000000000000e+00
0.000000000000000000e+00
1.481843048053779199e-01
1.997398761755451724e-01
1.803119969059985839e-01
2.250805280799486607e-01
2.408125141715702910e-01
2.744549910424186612e-01
2.922251330298595295e-01
3.276398342275967934e-01
3.549172573268034037e-01
3.150990704684648036e-01
3.005421145228840962e-01
3.191481621934476598e-01
3.597218048008196112e-01
5.524284079658992042e-01
7.459352318703311724e-01
8.021526099241893526e-01
8.597348486147198265e-01
8.699955018449921917e-01
9.013483900562794249e-01
9.583767562591473110e-01
9.688351755259719811e-01
9.733862397618846529e-01
9.593714072592307573e-01
9.537470074440927981e-01
9.476974898695468275e-01
9.541201398949823442e-01
9.675700323024318816e-01
9.870151142745303696e-01
9.920375730140889026e-01
9.859330475372029001e-01
9.924933279703608280e-01
1.001859723619003439e+00
9.939012767756598699e-01
9.675514378612659616e-01
9.573180531131827431e-01
9.497721254107756028e-01
9.599862589734494689e-01
9.514007151973747911e-01
9.391795823553451550e-01
9.264801816660241940e-01
9.232406375307102842e-01
9.413591844741755477e-01
9.461645636146052141e-01
9.358998438512146079e-01
9.269421530923778185e-01
9.340457890569396904e-01
9.397964604618406215e-01
9.314307090746571927e-01
9.269332177174327558e-01
9.127331916661739486e-01
9.241558036491249739e-01
9.426364751686711063e-01
9.385814555087620414e-01
9.403918036954195259e-01
9.403043458676335620e-01
9.475041550120559819e-01
9.665493554071975524e-01
9.782724595147687108e-01
9.767357978539040753e-01
9.735566919600896485e-01
9.835439800873903016e-01
9.907821397513690842e-01
9.963889214081658174e-01
9.969100014783243147e-01
9.947255869379690862e-01
9.999426341465681434e-01
9.893978800292555498e-01
9.693825308016867925e-01
9.701576131146184556e-01
9.550106799578740313e-01
9.422383641342561011e-01
9.159268205234771809e-01
9.110465554612882100e-01
9.056741606070323192e-01
9.074355834750349459e-01
9.053991981476058326e-01
9.000163422752026632e-01
8.825889562984766679e-01
8.794978483473141484e-01
9.060668657080824806e-01
9.210498179861904555e-01
9.351741770641261997e-01
9.394497693073337041e-01
9.549793798337172790e-01
9.692448665426355303e-01
9.780602484757842108e-01
9.893429352350895378e-01
9.849104278866465112e-01
9.783649676714145649e-01
9.733986177849389687e-01
9.629890621135891449e-01
9.573282888855996209e-01
9.472493568449709134e-01
9.467735077858349113e-01
9.440249815473871209e-01
9.451312018072964838e-01
9.456698380752275312e-01
