2.250000000000000056e-01
0.000000000000000000e+00
2.631216568721306825e-01
3.114010368041874033e-01
3.851315101191316592e-01
4.576371419941052121e-01
5.573829939865927452e-01
7.486462908701256858e-01
8.158219187361989144e-01
9.260504436843538523e-01
9.397219443216556778e-01
9.874674142112817021e-01
9.920192999033136116e-01
9.877936391739425837e-01
9.858494993564802522e-01
9.906067055308314107e-01
9.799912728570309151e-01
9.756324015447699338e-01
9.723221104202531828e-01
9.652591388184172949e-01
9.494763849211007578e-01
9.472455333416399670e-01
9.371948885518521788e-01
9.267854755563426083e-01
9.245223132883372275e-01
9.228258744700307270e-01
9.393139339484954942e-01
9.682852261051856368e-01
9.746752318894226219e-01
9.746480885655908200e-01
9.749354735532896887e-01
9.737199484516136927e-01
9.743113449958533678e-01
9.719134301549493538e-01
9.688667525930192426e-01
9.661395673183621469e-01
9.652733163337106070e-01
9.614027263099638176e-01
9.613797920996440816e-01
9.634922873776144980e-01
9.569108459854290816e-01
9.623598425662334144e-01
9.835702133443618989e-01
9.744752085644113881e-01
9.478465550883752311e-01
8.699112192725354520e-01
8.798581785261855304e-01
8.865339781649919093e-01
9.318884196708203671e-01
9.335644610056812454e-01
9.270457467721052724e-01
9.144973111549463685e-01
9.148048644848245647e-01
9.226070975959420606e-01
9.213804932874496423e-01
9.250709225580846518e-01
9.224883078178408580e-01
9.184369709865712883e-01
9.169772035987527881e-01
9.115398493673902980e-01
8.887587029088269697e-01
8.774598569507637835e-01
8.732905352914427377e-01
8.791460321808676204e-01
9.077700174386348353e-01
9.220942616805961611e-01
9.363928786586144248e-01
9.337046287623748109e-01
9.252707287085775167e-01
9.188646849266576266e-01
9.116031402997544220e-01
9.060350418511767812e-01
8.928611111808884004e-01
8.866779001167056640e-01
8.721771007036741574e-01
8.664562264227714250e-01
8.646917564707111703e-01
8.663905656266617239e-01
8.777603777528399931e-01
9.149081379672984182e-01
9.172185243265671417e-01
9.244785878748599250e-01
9.269972629839164924e-01
8.990366308451364086e-01
8.920197358751872363e-01
9.101761533742287469e-01
9.079009244024219827e-01
8.780185117420699070e-01
8.857886449113132610e-01
8.864872540307177085e-01
8.898960949404166598e-01
8.593533119223912831e-01
8.459749130783521531e-01
8.327982563222179335e-01
8.124509955446084231e-01
7.831137406685768632e-01
7.848990835368341301e-01
7.754333848486103520e-01
7.675240966885957805e-01
7.640542432306457465e-01
