2.250000000000000056e-01
0.000000000000000000e+00
0.000000000000000000e+00
0.000000000000000000e+00
0.000000000000000000e+00
0.000000000000000000e+00
0.000000000000000000e+00
0.000000000000000000e+00
0.000000000000000000e+00
0.000000000000000000e+00
0.000000000000000000e+00
0.000000000000000000e+00
0.000000000000000000e+00
0.000000000000000000e+00
0.000000000000000000e+00
0.000000000000000000e+00
0.000000000000000000e+00
0.000000000000000000e+00
8.360462197163293085e-02
8.360666469882564733e-02
8.362231373470258022e-02
1.269075707611455606e-01
1.282683159653847937e-01
1.296446975356776166e-01
1.448583136405823257e-01
1.830248632527396169e-01
1.889400373609778916e-01
1.917726299300380188e-01
1.941738940940184455e-01
2.533050011721788564e-01
2.560270303018112314e-01
2.584970538659405181e-01
2.669459524521674010e-01
2.696836749731829075e-01
4.348483675595575249e-01
5.485385673803070405e-01
6.914266432720449496e-01
9.631552165387746722e-01
9.150780202785721018e-01
9.783619886417939115e-01
9.988535445836494997e-01
1.017740604166335494e+00
1.098310029675519495e+00
1.110552934988275453e+00
1.149153828899326824e+00
1.113238363775496564e+00
1.170597024545779297e+00
1.622677292282578065e+00
1.710179232702581986e+00
1.722660847484253077e+00
1.712330861638447388e+00
1.746830837660247715e+00
1.698811101657120570e+00
1.739295246128999217e+00
1.750255066262704551e+00
1.754111278179291800e+00
1.752564332386042478e+00
1.768986280780163067e+00
1.683707996026515774e+00
1.758078059603084498e+00
1.735527106422313226e+00
1.735215710764715924e+00
1.685774176034405603e+00
1.695596385916003701e+00
1.692492532912153846e+00
1.665445631636866652e+00
1.659075790712100540e+00
1.644541019185820963e+00
1.613186316910355966e+00
1.597207135034033998e+00
1.571375257854595198e+00
1.564237566099278220e+00
1.534267565225109653e+00
1.510527376768246333e+00
1.522873728613575173e+00
1.496648907816870322e+00
1.490598364200420134e+00
1.474876277532090940e+00
1.460739317477597110e+00
1.548188964310063032e+00
1.583320432132489186e+00
1.604126265540185559e+00
1.558007108245620387e+00
1.594045699766778679e+00
1.622036667392944498e+00
1.601375055203399622e+00
1.733804237875971266e+00
1.754426291710122765e+00
1.780358209110339596e+00
1.815604731120339155e+00
1.785664801838157789e+00
1.774727006615322900e+00
1.777842634204637617e+00
1.723198617459246629e+00
1.804497933593965264e+00
1.906436488741600321e+00
1.919673704498615852e+00
1.908611593359258674e+00
1.888179793765690562e+00
1.888366791401814515e+00
