2.250000000000000056e-01
0.000000000000000000e+00
0.000000000000000000e+00
0.000000000000000000e+00
0.000000000000000000e+00
0.000000000000000000e+00
0.000000000000000000e+00
1.361802574281175904e+00
1.327750799231647738e+00
1.110371760141122044e+00
1.055580838384624576e+00
1.078714579713554000e+00
1.088448177706318409e+00
1.093133926189867822e+00
1.060728812453887615e+00
1.037185382682747736e+00
9.881717843437504145e-01
9.525018665219697755e-01
9.161165948631975198e-01
9.306216046674330444e-01
9.486119594280416623e-01
9.820797977240018906e-01
1.006483937433103382e+00
1.066455956277017281e+00
1.102933741396322942e+00
1.127721912498904411e+00
1.149106964301789935e+00
1.176588206987053020e+00
1.222572105726636993e+00
1.259464925139635261e+00
1.278939870002591350e+00
1.293122499645052104e+00
1.307837755410908853e+00
1.322444065167918348e+00
1.340149481422013400e+00
1.353464687628915586e+00
1.373723635035143165e+00
1.392073018543650065e+00
1.401748411025222296e+00
1.413804110463464658e+00
1.393108871805144755e+00
1.392393146530295889e+00
1.382664087121823870e+00
1.371538493213048104e+00
1.336004069556665730e+00
1.311758427135787608e+00
1.297047494045342697e+00
1.304647916126957963e+00
1.296741504083404717e+00
1.283449519244976411e+00
1.276027383753931321e+00
1.263469091912048370e+00
1.251972293245126044e+00
1.241959359195314416e+00
1.228791118813431948e+00
1.215285972267935222e+00
1.201209734472463264e+00
1.184575741411759031e+00
1.169324186415577005e+00
1.162065614492993060e+00
1.152610502206176557e+00
1.140363606338862246e+00
1.120392222812751193e+00
1.110780250910305300e+00
1.103193020295114124e+00
1.096305539615277880e+00
1.073973293475300128e+00
1.067223357429323505e+00
1.068380111717422309e+00
1.066881498329626199e+00
1.059527225949105755e+00
1.057141823817046467e+00
1.058658352426504745e+00
1.059669126781012549e+00
1.058602371029331746e+00
1.058807963862988810e+00
1.053007381856172486e+00
1.052818356993107107e+00
1.059673811211273353e+00
1.049057909944086653e+00
1.033158343411671343e+00
1.021228420522376945e+00
1.016690190232545365e+00
1.025719609678648725e+00
1.022875139280456258e+00
1.021929271735156908e+00
1.042854911500058046e+00
1.041786264575652821e+00
1.052533669088251189e+00
1.049838170654819214e+00
1.043606488447409220e+00
1.070501289631588415e+00
1.086170878318343469e+00
1.093140641037976257e+00
1.092140022260474908e+00
1.109063530410254517e+00
1.124368607594450342e+00
1.136528353415929171e+00
1.146829270653262123e+00
1.156082276460314029e+00
