2.250000000000000056e-01
0.000000000000000000e+00
0.000000000000000000e+00
0.000000000000000000e+00
0.000000000000000000e+00
9.294734633364910570e-01
7.027265938330817807e-01
5.744276787570621323e-01
9.373129215225037836e-01
1.047739150465475166e+00
1.015481148728591521e+00
9.959451640765156766e-01
9.500354405838454808e-01
1.012136388558690037e+00
1.021450929514603700e+00
9.949449863143700057e-01
9.582947079536022761e-01
9.586401140618923122e-01
1.031790454670480583e+00
1.026051725929532532e+00
1.012163508842316650e+00
1.001190646737319945e+00
9.999014139241786392e-01
1.009299613028189713e+00
1.037155331792266599e+00
1.035437437202358479e+00
1.033884968681673788e+00
1.026866390937837936e+00
1.018718488627549768e+00
1.014096809659956300e+00
1.032685879367562842e+00
1.016689004270207475e+00
1.019277315320590738e+00
1.028992249923377678e+00
1.014789559035983446e+00
1.018978628446738588e+00
1.011864642574426654e+00
1.013938997172449508e+00
9.990379021162559825e-01
1.023955783276104370e+00
1.016721518868560326e+00
1.007258884210327388e+00
9.820485749295324585e-01
9.650852177186500791e-01
9.586260569435594014e-01
9.667361084241131719e-01
9.715127118828127406e-01
9.705332214550677072e-01
9.678938918166694050e-01
9.737986664356694799e-01
9.893051252915527893e-01
9.918167939846802561e-01
9.893781082864594456e-01
9.938459699807631331e-01
9.974272933587846612e-01
9.939660247346752131e-01
9.980881807663953831e-01
9.945836768806350925e-01
9.930836304808479120e-01
9.866222160018687237e-01
9.838498021920356607e-01
9.985709099778142805e-01
9.891813828850615220e-01
9.896085117338687676e-01
9.797018625920393964e-01
9.210662503929017975e-01
9.263752246636053345e-01
9.072182578412242293e-01
9.029001360904240769e-01
8.935787494857145852e-01
8.982515309482612675e-01
8.669552397042536995e-01
8.393917452704531268e-01
8.650486056369769416e-01
8.480210005136651352e-01
8.255170760331356217e-01
8.182949618316952556e-01
8.287891240676197313e-01
9.121106762910015098e-01
9.751203403888785148e-01
9.693677467130256131e-01
9.599939758390225730e-01
9.539328642239375267e-01
9.321789808187718185e-01
9.420562511934132965e-01
9.068007864179604693e-01
8.859781706286160574e-01
9.317364040493765209e-01
9.659830862005724939e-01
9.604848537296597488e-01
9.687694793544364691e-01
9.843797900079085395e-01
9.934273864628472284e-01
9.960492269466432180e-01
1.013520962998889274e+00
1.013977290411120613e+00
1.014846572091198329e+00
1.009471447716072445e+00
1.002663697140847798e+00
9.952498921502691553e-01
