2.250000000000000056e-01
0.000000000000000000e+00
0.000000000000000000e+00
0.000000000000000000e+00
8.677249571457981703e-02
8.678045583876872748e-02
8.678817516250653119e-02
8.717584433495173535e-02
8.679134513301357823e-02
1.342873962725838477e-01
1.359921827166578334e-01
1.374944358781174103e-01
1.387896808377791225e-01
1.922539807439542781e-01
2.045987062650141408e-01
2.062411293126206191e-01
2.037084141803204296e-01
2.343686608416274408e-01
2.684192250278443215e-01
2.086492116989067946e-01
2.069064281934565597e-01
2.284856099914725491e-01
2.356069970811907610e-01
2.051049077523924291e-01
2.061056034315610630e-01
2.116187312505537765e-01
2.070108813865723374e-01
2.301623458210093065e-01
2.378120360346511197e-01
2.549628678333044074e-01
2.673619116641080540e-01
2.815913024656134800e-01
3.186117263179759629e-01
3.258756976284283846e-01
3.364893926442152905e-01
3.659211907454710810e-01
3.903148810927541956e-01
4.159158622886090506e-01
4.349025213380691701e-01
4.814262358991009960e-01
5.711086398073247361e-01
6.042500189332699057e-01
6.041082667848529653e-01
5.889420584296302108e-01
5.678584752209009379e-01
5.765821922853889836e-01
5.652817005911143777e-01
5.745065644365812130e-01
5.924416575164019871e-01
5.926795266175652888e-01
6.524325783075288765e-01
7.011069154946163451e-01
7.224262272953819730e-01
7.475361061112792971e-01
7.661932145992308429e-01
7.821390497847779955e-01
8.675953298967926663e-01
9.047813214121024350e-01
9.302275136434283720e-01
9.428803294606983298e-01
9.638011368541751223e-01
1.088212737333595026e+00
1.162470421911921070e+00
1.187267657843521063e+00
1.220988921537593974e+00
1.212418398963267308e+00
1.202751248785907112e+00
1.192499625140855501e+00
1.183634511374326514e+00
1.172130398153095943e+00
1.170253694411206302e+00
1.167395003635180784e+00
1.161017736198980188e+00
1.162368582979496301e+00
1.157690033893751913e+00
1.150922278309906899e+00
1.144145160954446405e+00
1.139932555248701185e+00
1.146573254278197451e+00
1.179194379671589576e+00
1.184933172618178876e+00
1.226472791758555392e+00
1.218295222836960123e+00
1.183610664515567290e+00
1.157770481824358155e+00
1.129595295356045082e+00
1.098981379506161371e+00
1.082405214119950276e+00
1.085778275990370023e+00
1.071433626421133933e+00
1.063193470879996827e+00
1.041431402992289090e+00
1.045938670554142691e+00
1.053543413831595110e+00
1.072490798807482992e+00
1.083495492939632987e+00
1.090594654546442444e+00
1.100523478077642281e+00
1.116604847548179569e+00
1.144772426053572323e+00
