2.250000000000000056e-01
0.000000000000000000e+00
0.000000000000000000e+00
1.480848847326833584e-01
1.509469952186563990e-01
1.480697364714373132e-01
1.898174783574551605e-01
1.222397544421936766e-01
1.296616613124248196e-01
1.371899529500247850e-01
1.673355919245523016e-01
1.801502466822542114e-01
1.819453907893047173e-01
1.716474575294748006e-01
1.975908369847368951e-01
2.185739996563801912e-01
2.206850737538185725e-01
2.225481929323238350e-01
2.429816967796550875e-01
2.626108543075878488e-01
2.792044539225367883e-01
2.827114907318262760e-01
2.922420869733488025e-01
3.270551493747022032e-01
3.366574546419142111e-01
3.455419478260622901e-01
3.609803221916570992e-01
3.875982314810446638e-01
3.924489217828252552e-01
4.054546054322085702e-01
4.236489246721306667e-01
4.273744688001341885e-01
4.491077093335998360e-01
4.489308741853734186e-01
4.548838950992150632e-01
4.123559463617535448e-01
4.224162619771759108e-01
4.102903191803382033e-01
4.168469195805634131e-01
3.872691617706192080e-01
4.026081492246165738e-01
4.200446850059691983e-01
4.099081250598430870e-01
5.036266797544213247e-01
7.074114676003531166e-01
9.129484358160802060e-01
9.724927315653228987e-01
9.909397404306802271e-01
9.849903717236512257e-01
1.001296992436112587e+00
9.512766195119378709e-01
9.168848062257747289e-01
9.195030269591908390e-01
8.621947378974126330e-01
8.386756850962707732e-01
8.286479763723056946e-01
7.938250343604539294e-01
7.842964550882135510e-01
7.874421652900560620e-01
8.597715599953283938e-01
8.677208691675696306e-01
9.080418569286575758e-01
9.793086887137406604e-01
1.011013131664089792e+00
1.086519629034117917e+00
1.096428648947197271e+00
1.118391174805749788e+00
1.142528299305149098e+00
1.150707515818279569e+00
1.153750764795673733e+00
1.156916959291679703e+00
1.154922256638453826e+00
1.160316369523216151e+00
1.175709343398932960e+00
1.180569309528788358e+00
1.193659381810116660e+00
1.192480528632808179e+00
1.193365127245587853e+00
1.160877977067307665e+00
1.146219149862374831e+00
1.135032291616413280e+00
1.189331041655603105e+00
1.206678804961565765e+00
1.198929223820684564e+00
1.210697404818796619e+00
1.202410704604304215e+00
1.169568343902759988e+00
1.143709140376629962e+00
1.122310852190909314e+00
1.104247422271345425e+00
1.108842981817680595e+00
1.102465581927043470e+00
1.119963005740192141e+00
1.122030461989323324e+00
1.138222983504743491e+00
1.149023093462075096e+00
1.166613288771250589e+00
1.174069268278120193e+00
1.175605878927977521e+00
1.181787397754750835e+00
