2.250000000000000056e-01
1.669785664360023070e+00
1.669775237783992283e+00
1.669761888338419542e+00
1.650785826077004748e+00
1.639176375363065707e+00
1.638380959993426700e+00
1.639940602923906088e+00
1.614740477529530871e+00
1.606226064196642822e+00
1.604264629288920441e+00
1.611874539055102584e+00
1.590391849719842821e+00
1.570413910159829785e+00
1.576115002178972935e+00
1.582221833039284098e+00
1.557619183026604182e+00
1.433269328673731691e+00
1.351422642759884996e+00
1.242812858180039282e+00
1.198129413889889694e+00
1.167749831651873071e+00
1.114247366826641716e+00
1.076623743967667579e+00
1.104715056140594287e+00
1.144438934833770682e+00
1.123948922013378482e+00
1.087367154594911955e+00
1.124619718665970769e+00
1.104320854371986682e+00
1.075148282769524455e+00
9.888307481005528254e-01
9.593895742824896100e-01
9.247809953336821875e-01
8.883292749640968600e-01
1.048191909810571421e+00
1.121125687881251887e+00
1.146546802303563428e+00
1.192949481600156680e+00
1.199249493989368531e+00
1.192744435033687544e+00
1.182480870791965621e+00
1.203303158908601622e+00
1.217154185646371900e+00
1.208511415243602727e+00
1.187024398491778765e+00
1.151148255453162239e+00
1.117326475492774751e+00
1.104710977231947666e+00
1.080961210728058397e+00
1.038438178436958514e+00
9.976441552022758952e-01
9.285854808796365489e-01
8.862152607380163749e-01
8.646532412955456603e-01
8.470518164194950073e-01
8.483857938838897939e-01
8.633808746712147153e-01
9.559298971688453550e-01
9.745488973513710684e-01
1.025690854559048182e+00
1.035185446139825105e+00
1.048922834680068306e+00
1.057252298961892434e+00
1.086550855152085049e+00
1.152454945772333206e+00
1.185516310495790426e+00
1.186678788974883769e+00
1.174959953339469454e+00
1.145984538424236421e+00
1.132884790305765721e+00
1.149789194731196451e+00
1.134353699191900766e+00
1.121077628846006702e+00
1.112738181071953880e+00
1.155581282774489571e+00
1.168292041006802284e+00
1.141120824304963088e+00
1.131448104929059228e+00
1.121448092106676730e+00
1.108456300346124079e+00
1.090067262570745932e+00
1.100394022426142815e+00
1.124785224883265711e+00
1.143511317312262410e+00
1.147005687540518348e+00
1.171016339582828136e+00
1.167078279359428539e+00
1.174458380401448121e+00
1.191658623610441836e+00
1.190039367414685856e+00
1.171714965131147146e+00
1.179250874708459795e+00
1.193083321913349648e+00
1.202592955534694585e+00
1.202787983807268146e+00
1.206543327458217796e+00
1.205480593463220229e+00
1.256522579731325528e+00
1.288772288590418258e+00
