2.250000000000000056e-01
0.000000000000000000e+00
0.000000000000000000e+00
0.000000000000000000e+00
0.000000000000000000e+00
0.000000000000000000e+00
1.168280760066394003e-01
6.127086429360418807e-01
4.838912840751876665e-01
4.465236176027601034e-01
5.858056373098545766e-01
5.635591210438583021e-01
5.737621119833051786e-01
6.341961430598931360e-01
7.420182724312105460e-01
7.607294087398184246e-01
8.478364615449232033e-01
8.236404428915411469e-01
8.248158017416739041e-01
8.957253589953515505e-01
9.559020046006703186e-01
9.774651003756288370e-01
9.771502934407140240e-01
9.706821949215999057e-01
1.002864460341557740e+00
1.074240344317750839e+00
1.094338429312253558e+00
1.120611101392639419e+00
1.127722888038280136e+00
1.138064611168545737e+00
1.189623859811709261e+00
1.225306946297815891e+00
1.267365619696999124e+00
1.282327869356248762e+00
1.296517617729556537e+00
1.317567251432706810e+00
1.334351295443048535e+00
1.345973415970911802e+00
1.364755722004676208e+00
1.370474220739997584e+00
1.386773172429282663e+00
1.391672928783045382e+00
1.386931892138676181e+00
1.396381663125565664e+00
1.399864436097632892e+00
1.413822912746476756e+00
1.415254303892632182e+00
1.422874554456345697e+00
1.408531871174071082e+00
1.394087090996148470e+00
1.377318149514509260e+00
1.363243098646386153e+00
1.346321731453394843e+00
1.332714514303478204e+00
1.318295485583725446e+00
1.317333539903615458e+00
1.295926286648795278e+00
1.283205466915265047e+00
1.266449077322791439e+00
1.244728882604088316e+00
1.226021566412065278e+00
1.224603702778280567e+00
1.184804506926873113e+00
1.152682466277695550e+00
1.128472857127134965e+00
1.114877082643266126e+00
1.092425761455278144e+00
1.071988292549415966e+00
1.051817845325756284e+00
1.032337497785696723e+00
1.022303569307068782e+00
9.956917989294689075e-01
9.806635173637313629e-01
9.569687934332817836e-01
9.644913834209151160e-01
9.591324168026604813e-01
9.865672703559977830e-01
1.004549409694852624e+00
1.021436318049305125e+00
1.021412753926680628e+00
1.035320988793765773e+00
1.051370707156608741e+00
1.077059009708875914e+00
1.137451015084315564e+00
1.175377542910765793e+00
1.205380855890553882e+00
1.246518809636023128e+00
1.270309112324079281e+00
1.308780155700337122e+00
1.319724794377344912e+00
1.324686022289613074e+00
1.349072079263060830e+00
1.357992130082400495e+00
1.360550007257353755e+00
1.359802030077715607e+00
1.357455640304772393e+00
1.341852906572251092e+00
1.331745323786410751e+00
1.314961135421439220e+00
1.301978150236722920e+00
