2.250000000000000056e-01
0.000000000000000000e+00
0.000000000000000000e+00
0.000000000000000000e+00
2.671160526821463321e-01
2.671420946550343567e-01
3.247970918828860798e-01
3.263023622811987434e-01
3.276747587586315569e-01
3.705335801470707180e-01
3.924725596013504125e-01
3.956713468895659558e-01
3.984461589168639128e-01
4.652499435135460937e-01
4.704929834470947814e-01
4.750178932994859049e-01
4.788519369680743210e-01
5.266122358229388123e-01
5.554241816794294184e-01
5.609522252614064231e-01
5.656071589298099500e-01
5.784438044462141271e-01
6.430090883326757822e-01
5.932684723671960425e-01
5.458529623447579970e-01
5.205181785669464878e-01
5.482480212810740827e-01
5.529807395425412331e-01
5.342830754705553131e-01
5.372417387422110391e-01
5.323010009692634714e-01
5.654665165198591303e-01
5.806211490744155324e-01
6.021155228302943474e-01
5.992911257808901659e-01
6.253503076263859928e-01
6.583383003226154218e-01
6.638342435995152613e-01
7.107527094033160298e-01
7.119725199354880463e-01
7.148040587030403126e-01
7.646948322736792925e-01
7.819071488486624144e-01
7.854338821354351907e-01
9.766463185097642441e-01
1.015282013246276094e+00
1.040093121599015680e+00
1.058986452342434381e+00
1.072298452622621801e+00
1.082318647839477954e+00
1.097670985409752387e+00
1.100313731539203310e+00
1.113091174134453354e+00
1.127902261598344502e+00
1.136574697039743009e+00
1.143880648442897163e+00
1.168940693697532618e+00
1.176525232534826548e+00
1.173156696058825554e+00
1.199630978199932807e+00
1.218418513900852984e+00
1.220360355471949987e+00
1.261072623146050287e+00
1.282551805411725532e+00
1.292880121677010274e+00
1.301418625571973298e+00
1.283265574358171568e+00
1.289288273871699531e+00
1.283199321161748507e+00
1.336595406153088250e+00
1.323117299314348738e+00
1.319871978090275455e+00
1.316185238357741261e+00
1.299565738086446931e+00
1.293373795191691267e+00
1.271376860217467319e+00
1.276273783834216413e+00
1.268871685899904511e+00
1.303897040850486189e+00
1.304433375363703185e+00
1.314024235710642641e+00
1.338498519491222893e+00
1.380565584230336817e+00
1.369654771799467818e+00
1.390336179456291621e+00
1.367395274059948207e+00
1.358502790608496991e+00
1.346051711110204607e+00
1.332357027217118572e+00
1.314833502650178509e+00
1.284399700026326974e+00
1.256555492483214964e+00
1.223064296063999468e+00
1.187035979694661236e+00
1.135612774203538233e+00
1.106517846993200438e+00
1.057284636591659499e+00
1.015272850002649330e+00
9.869684258533734100e-01
9.713748235839764211e-01
