2.250000000000000056e-01
0.000000000000000000e+00
0.000000000000000000e+00
0.000000000000000000e+00
0.000000000000000000e+00
0.000000000000000000e+00
0.000000000000000000e+00
0.000000000000000000e+00
0.000000000000000000e+00
0.000000000000000000e+00
0.000000000000000000e+00
0.000000000000000000e+00
0.000000000000000000e+00
0.000000000000000000e+00
8.899772715298731596e-02
1.415833514397769610e-01
1.545324106373834327e-01
1.917159391718485373e-01
2.113275092767827046e-01
2.523741934958239619e-01
2.568074587291707678e-01
2.487806847843958835e-01
2.718132879530638646e-01
2.827468460503883563e-01
2.763985813163565841e-01
2.812845706584706229e-01
2.857884156800897801e-01
2.921355578753592752e-01
3.287346177441882178e-01
3.481526005507079580e-01
3.669686294914987768e-01
4.074043262740741911e-01
4.272859638812658289e-01
4.579101186159473258e-01
4.943169267596776439e-01
5.023968107059830768e-01
5.303332398174004370e-01
5.232753833893916129e-01
5.491336923066134634e-01
6.321841548916812270e-01
6.432275636650739425e-01
6.757518560954146603e-01
6.529961506454562414e-01
6.523013384553723037e-01
6.658638614983912740e-01
6.539028028208808685e-01
6.619741540658303780e-01
6.600144531535488968e-01
6.768510066227073629e-01
6.778674811852613002e-01
7.147049291329637954e-01
7.512361160790289594e-01
7.709933056458934120e-01
7.763192547379914599e-01
7.836877825405207387e-01
8.003769400461947514e-01
8.211816781959022649e-01
8.260722469800825252e-01
8.397522014740583796e-01
8.223085679571188189e-01
8.275297609656204756e-01
8.417874041960476950e-01
8.343675626785106436e-01
8.322875734405984494e-01
8.484932587854480124e-01
8.774183052834013674e-01
8.756281781672100584e-01
8.810288770381401457e-01
8.692459687458082840e-01
8.757891962212825954e-01
8.867849753666100510e-01
8.893075794567038006e-01
8.983775404897127448e-01
8.945580068979332999e-01
9.267166775025386105e-01
9.176606845870426410e-01
9.097013098273114551e-01
9.073169778557796938e-01
9.006737277577397949e-01
9.050467848569991869e-01
8.965158442853292664e-01
8.930018611213581536e-01
8.890703289814868571e-01
8.853452772747107957e-01
8.753719813290243845e-01
8.712117012807059080e-01
8.683056879567099262e-01
8.578241277518278141e-01
8.636915181333286728e-01
8.742911615001762726e-01
8.851371483020393782e-01
8.890127832513926576e-01
8.858545150624003162e-01
8.873775927041060996e-01
8.878613454724092469e-01
8.823702206466574882e-01
8.711963391347370411e-01
8.559706112026244096e-01
8.633151225758279868e-01
8.741849634558022109e-01
