2.250000000000000056e-01
0.000000000000000000e+00
0.000000000000000000e+00
0.000000000000000000e+00
0.000000000000000000e+00
0.000000000000000000e+00
0.000000000000000000e+00
0.000000000000000000e+00
0.000000000000000000e+00
0.000000000000000000e+00
0.000000000000000000e+00
1.169195872334249486e+00
1.181377554079982906e+00
1.171147707496429602e+00
1.159288421071276609e+00
1.120313176291394708e+00
1.100278341878224708e+00
1.064137342345027770e+00
1.033495152042753551e+00
9.679519191849836890e-01
9.444483320267842430e-01
9.686686833633606497e-01
9.350232712164637805e-01
9.152741988286922092e-01
8.720615206371685746e-01
8.464225794311331930e-01
8.626227992049776416e-01
8.610930288140540290e-01
9.045129843721846363e-01
8.882258838722567607e-01
8.810503139789284122e-01
8.597654037720730003e-01
8.401082971687483525e-01
8.114483668789698179e-01
8.044970231244715775e-01
8.141733808261676364e-01
8.545234965034353980e-01
8.726133311351641497e-01
8.818577901570664457e-01
8.724953787696126950e-01
8.628784791468470106e-01
8.526126084520159187e-01
8.327529989576286651e-01
8.115988389852123452e-01
8.074996284746165376e-01
7.952916710815137735e-01
8.023696836899113505e-01
8.220442704659590705e-01
8.286285698333472061e-01
8.260288853658634967e-01
8.292541609557472215e-01
8.390140806652458538e-01
8.488051296775471766e-01
8.567119695126725887e-01
8.668621116839223539e-01
8.815604558722166528e-01
8.960210105413640713e-01
8.973168796136612446e-01
8.970172866843278969e-01
8.858870432637312442e-01
8.946460882384679181e-01
8.860191467502248619e-01
8.938364217393445221e-01
9.038261289446367641e-01
8.986578331318977320e-01
9.005764971760897852e-01
9.002271209899688209e-01
8.899431000010823434e-01
8.875005481037535615e-01
8.786101815243873014e-01
8.886957032747725416e-01
8.907822278790606951e-01
8.817920741286678910e-01
8.849794709157629002e-01
8.841303528952723090e-01
8.814406134660662806e-01
8.815005744804620402e-01
8.626438436200307702e-01
8.495388085893311736e-01
8.502739923369505570e-01
8.547279871548913999e-01
8.633541314352842777e-01
8.642615811207517984e-01
8.724389026610100961e-01
8.679647430928770779e-01
8.651539641459631280e-01
8.595010755941079328e-01
8.443613949608597125e-01
8.462372884843378795e-01
8.397074515800494465e-01
8.468996739738801072e-01
8.630511615360261235e-01
8.602402400410197325e-01
8.519797440155045809e-01
8.448263890584805091e-01
8.344486389604213183e-01
8.287340051889993120e-01
8.195604838280512450e-01
8.080328617566137073e-01
7.945305232797916783e-01
