2.250000000000000056e-01
0.000000000000000000e+00
0.000000000000000000e+00
2.337808962646463207e-01
1.605591533790911574e-01
2.175553028073836104e-01
2.033323063195832670e-01
1.965781145509028494e-01
2.653679488493911887e-01
6.102374034786528512e-01
6.847589526844571894e-01
7.204449885886548000e-01
7.332875235647202672e-01
7.364121421884859409e-01
7.705908331159277980e-01
7.814068664817012122e-01
7.971639681239905961e-01
8.012656425379056646e-01
8.123916329504710099e-01
8.066279474832291907e-01
8.236465330263561535e-01
8.349039447277446513e-01
8.509116346965910349e-01
8.613205831611050467e-01
8.647725469799247833e-01
8.775468456747443913e-01
8.696945329652329137e-01
8.496462321212789881e-01
8.524096906036658927e-01
8.348646219111667266e-01
8.276456370405419483e-01
8.143184077879654925e-01
8.012798809919871035e-01
7.969109432661781733e-01
7.892117387645233295e-01
7.714754356531338120e-01
7.578536054106044251e-01
7.527415397829464450e-01
7.511271517648647755e-01
7.471664769291956887e-01
7.446578911386153576e-01
7.387485518789085326e-01
7.470455048727330238e-01
7.498842464201878055e-01
7.488662594852580900e-01
7.603276461171580847e-01
7.696331875453824578e-01
7.757037624095228789e-01
7.799577718520666059e-01
7.892561506810533700e-01
7.965765157171377231e-01
7.999203024088566982e-01
8.012812187742287540e-01
8.040922839158475277e-01
8.064925483328438949e-01
8.107314722512364291e-01
8.096310260914575396e-01
8.108345069708350339e-01
8.125417121781842722e-01
8.122930214645504021e-01
8.112612357399328067e-01
8.125283217113883349e-01
8.103987845366266152e-01
8.062273817238601037e-01
7.992686928902308363e-01
7.971019936172459852e-01
7.968333721695355365e-01
7.934564519099529534e-01
7.934373289737109980e-01
7.937832742693153865e-01
7.973104381390985207e-01
7.982409494917330761e-01
7.988761509921791237e-01
7.978177312674673560e-01
7.975475972844497941e-01
7.989849549053771316e-01
8.005675686735731489e-01
8.030491044673057077e-01
8.023027502924076071e-01
8.058435059437989434e-01
8.094548652600386252e-01
8.153687730447684023e-01
8.188252229087915612e-01
8.199976464116180974e-01
8.212599107793454589e-01
8.206752844908872246e-01
8.220618681766737046e-01
8.250686595532533696e-01
8.265982997111560593e-01
8.260578183487942150e-01
8.226593856531597693e-01
8.228656705450870801e-01
8.217120402348916386e-01
8.201384622222731569e-01
8.174706259321203872e-01
8.163396807480595152e-01
8.168905391546439354e-01
8.169110680544129366e-01
8.152813973937217407e-01
8.128578738250752389e-01
