2.250000000000000056e-01
0.000000000000000000e+00
0.000000000000000000e+00
8.857624967645849612e-01
7.621958442882965645e-01
5.320043895525987665e-01
4.560517662223420587e-01
5.055718668902124957e-01
7.723022248403034196e-01
1.146667261387168457e+00
1.200190744034770329e+00
1.227398827264803094e+00
1.236243954421269331e+00
1.228258475369255365e+00
1.209926634364279163e+00
1.189719150498308897e+00
1.174792000863710717e+00
1.181622415273787752e+00
1.184883329322484524e+00
1.176747652422952095e+00
1.181238051344458917e+00
1.177816948308306078e+00
1.191757028255823192e+00
1.191120328301507270e+00
1.190225307317331005e+00
1.200798282013731955e+00
1.212203812345656218e+00
1.203213645277346089e+00
1.206699704288665576e+00
1.216448885508933264e+00
1.194088417029672611e+00
1.158689557710562479e+00
1.149776589157516682e+00
1.143552610580353956e+00
1.147743216046565262e+00
1.138255802312790665e+00
1.149123359820683365e+00
1.148551203724137437e+00
1.135343391631906229e+00
1.153346891338587810e+00
1.161309831650401803e+00
1.168680306807563740e+00
1.182630564180286781e+00
1.175244348581283127e+00
1.188879356021148359e+00
1.202360315226240761e+00
1.207857217096009572e+00
1.203273996672167501e+00
1.200078877108663011e+00
1.191900818675367901e+00
1.194428934067910397e+00
1.188367524455858248e+00
1.182928669445609371e+00
1.186539809719928007e+00
1.176418265250766870e+00
1.174887320163182203e+00
1.178777607262080362e+00
1.182481658552474446e+00
1.187266210347251327e+00
1.190723749528262543e+00
1.192825973132162209e+00
1.196325033397148685e+00
1.196609624478557343e+00
1.188158587492505580e+00
1.184276868441601627e+00
1.196438923353116079e+00
1.192105198118057707e+00
1.189698104604694384e+00
1.191080928733176503e+00
1.194314457592388523e+00
1.198839701552832704e+00
1.197303115162438258e+00
1.195451721418942848e+00
1.191248112648357393e+00
1.190101642588029973e+00
1.190662808664750605e+00
1.199337027269922418e+00
1.194190519289131780e+00
1.194521639787895495e+00
1.196186361097919981e+00
1.193311570059286231e+00
1.188785957792143355e+00
1.192767233987914510e+00
1.192392507268009050e+00
1.194655832392801820e+00
1.194200382653572978e+00
1.188679183279022000e+00
1.191110362850357207e+00
1.182154752021468136e+00
1.181061767785750671e+00
1.178527198535080922e+00
1.179068038363228599e+00
1.180148425727193029e+00
1.180750184371303080e+00
1.186510334133177302e+00
1.190504389814374786e+00
1.193810100321584411e+00
1.195588991231310017e+00
1.196107620216658063e+00
1.190690438625530145e+00
