2.250000000000000056e-01
0.000000000000000000e+00
0.000000000000000000e+00
0.000000000000000000e+00
0.000000000000000000e+00
0.000000000000000000e+00
0.000000000000000000e+00
0.000000000000000000e+00
1.472291153594856572e-01
1.472142712073212234e-01
2.004778207433104975e-01
2.014929026422990210e-01
2.023027220810118265e-01
2.477883247527578603e-01
2.553488529767640181e-01
2.575297291853848036e-01
2.594185730726210615e-01
2.847023622684815569e-01
2.811879397388383217e-01
2.679751455313467701e-01
2.578232044045830063e-01
2.878737334659757230e-01
2.853521181043258137e-01
2.889939323606021127e-01
2.880216554570404486e-01
2.840424938209261674e-01
3.142644565379102972e-01
3.266844216792328393e-01
3.180364823702048760e-01
3.216513146734358841e-01
3.263168191750299707e-01
2.778120696912098619e-01
2.537118688216977724e-01
2.532900722159314166e-01
2.751402751910502209e-01
2.662127808090253844e-01
2.889389735358713351e-01
2.959394349090789245e-01
3.082491422137851322e-01
3.282053886041436108e-01
3.475848816827051269e-01
3.589686209321555355e-01
3.838392198772900832e-01
3.738498549769556645e-01
3.767788281097394498e-01
3.779804166425960177e-01
4.051356059037325985e-01
4.139725920329611619e-01
4.184533910228579456e-01
4.281211655159964935e-01
4.605129193117536990e-01
4.595050095461333250e-01
4.642669573922500459e-01
4.702891264416642625e-01
4.854917355184750205e-01
4.839415612943761547e-01
5.002985217191980860e-01
5.172494033585670614e-01
5.483882897040057713e-01
5.531559437005926227e-01
5.407097649170448106e-01
5.441422768346355632e-01
5.835712625824661659e-01
5.790921700344845435e-01
5.933718248576115295e-01
5.943563985726674215e-01
6.319601159641514698e-01
6.335217199036250468e-01
6.275548455068674647e-01
6.745588695046033090e-01
6.763055762193402876e-01
6.919476516418290313e-01
6.967186587127101038e-01
7.036090158269923123e-01
7.219925565759048869e-01
8.204276874233794592e-01
8.906044955765286542e-01
1.058843865420858510e+00
1.112181635463885820e+00
1.129355327861495173e+00
1.186249335726580645e+00
1.205811864495765828e+00
1.198440568685037233e+00
1.168672673121300409e+00
1.156846209465925535e+00
1.098847133501277495e+00
1.071410368916206446e+00
1.033805293901518763e+00
1.002128512440776609e+00
9.853981948924435130e-01
9.802173266439647703e-01
9.745074902241824821e-01
9.836756133469523045e-01
9.869952275532970498e-01
9.957186994680312653e-01
9.816444077195162210e-01
9.950846260007820687e-01
1.026924086362641653e+00
1.008292468394103025e+00
1.042229451514628424e+00
