2.250000000000000056e-01
0.000000000000000000e+00
0.000000000000000000e+00
0.000000000000000000e+00
0.000000000000000000e+00
0.000000000000000000e+00
0.000000000000000000e+00
0.000000000000000000e+00
0.000000000000000000e+00
0.000000000000000000e+00
0.000000000000000000e+00
0.000000000000000000e+00
0.000000000000000000e+00
0.000000000000000000e+00
0.000000000000000000e+00
0.000000000000000000e+00
0.000000000000000000e+00
0.000000000000000000e+00
1.872457235668499309e-01
1.872467056883761749e-01
1.872457907940919541e-01
1.872457031926460791e-01
2.072540950673222582e-01
2.220947082993981747e-01
2.404146064493707657e-01
2.426087608155043374e-01
2.501568264418805865e-01
2.561838826088967958e-01
2.904118988974802029e-01
3.128549182705650522e-01
3.165706251447042985e-01
3.197454288138307232e-01
3.224160195088240366e-01
3.246320631135139467e-01
3.876781599587011407e-01
3.994004409220630603e-01
4.033278639458212078e-01
3.899999470999434559e-01
3.746433527297032828e-01
3.579469087351141998e-01
4.049249251549310591e-01
4.222476382267495443e-01
4.291065996179328490e-01
4.248136377552914622e-01
4.130560686136859339e-01
4.128501009801309740e-01
4.524238784273525438e-01
4.913357778111124841e-01
4.871310193571392055e-01
4.906184248756834121e-01
4.911711461332098905e-01
5.200609908347167964e-01
5.504649926443914154e-01
5.438167589625684251e-01
5.744539635612360140e-01
5.784432330488142870e-01
5.986496137054113653e-01
6.071298749771779635e-01
6.341660899887858749e-01
6.410638334645261116e-01
6.832401405554521245e-01
6.871196773445764627e-01
6.956754020533388871e-01
6.990341541918017043e-01
6.731220096152967791e-01
7.056926408983759114e-01
7.083553195359963972e-01
7.063508959666714437e-01
7.161917338412997491e-01
7.417578254175768437e-01
7.442190504169254872e-01
7.628499060340495630e-01
7.271771950655577799e-01
7.899857075643499371e-01
7.206946204259160327e-01
6.687155215179810819e-01
6.308169259625164838e-01
7.023355261264540017e-01
6.618639970865549671e-01
6.859257334584576427e-01
1.238760257865324066e+00
1.525479842130475827e+00
1.684197121600095493e+00
1.764258891552861197e+00
1.699774025954656986e+00
1.733408887607540416e+00
1.704914519469237444e+00
1.662127532942144104e+00
1.661524066343537109e+00
1.660148460103636481e+00
1.648971641281534728e+00
1.616446142082440751e+00
1.638311623098979375e+00
1.460138227025674640e+00
1.387609138487119864e+00
1.373586381555196301e+00
1.343774947663161301e+00
1.455125938602911395e+00
1.451865092839502491e+00
1.466263495228222968e+00
