2.250000000000000056e-01
0.000000000000000000e+00
1.530088841483525197e+00
1.302856316219957344e+00
1.116007976673597302e+00
1.180176220105176421e+00
1.168085855730885081e+00
1.146301002146581371e+00
1.129340670419894055e+00
1.137732550549371169e+00
1.127256852149556066e+00
1.113787192093868894e+00
1.127700610933972891e+00
1.110054428134620297e+00
1.122483825486552567e+00
1.129333963014122366e+00
1.108347781784786434e+00
1.113532180380666148e+00
1.097381430548981962e+00
1.093309168762574890e+00
1.088645176573636686e+00
1.085724500071313381e+00
1.069387796726202433e+00
1.074316168971971130e+00
1.060854568990683866e+00
1.060847910269729022e+00
1.073959430193049736e+00
1.083129982794880153e+00
1.079809014683426049e+00
1.091882875752659077e+00
1.094260482716617577e+00
1.098577593791606688e+00
1.105441125419129200e+00
1.104817958115269061e+00
1.103814810125861134e+00
1.100368255429783115e+00
1.091553630703361977e+00
1.087093913587070748e+00
1.079303174405362720e+00
1.075334851115604007e+00
1.069866700372743118e+00
1.066218985048544177e+00
1.071727001604766194e+00
1.077402880847305511e+00
1.090719812958962143e+00
1.099564141162444830e+00
1.108504907503868209e+00
1.114025735527998107e+00
1.112601667834897334e+00
1.106488679569449518e+00
1.106942799494984087e+00
1.105232703452413867e+00
1.100296360993858524e+00
1.105340171798165017e+00
1.108853411610136508e+00
1.109949738541770925e+00
1.116477134827894346e+00
1.122502990013829249e+00
1.116440255503949652e+00
1.106581160124916474e+00
1.105267827816854176e+00
1.099765622153862088e+00
1.095447102562170372e+00
1.093091258461694526e+00
1.096982058129570836e+00
1.094466833138338480e+00
1.093410684175012193e+00
1.095532984902863216e+00
1.096124994782210260e+00
1.092604967812355277e+00
1.089725284831214447e+00
1.096967897558325022e+00
1.094537546542116324e+00
1.097914217745335597e+00
1.093756054806206190e+00
1.091281841258497920e+00
1.083822642767723332e+00
1.081753858904405563e+00
1.093649420755473001e+00
1.091545138348937627e+00
1.097164440079313241e+00
1.099290599227693566e+00
1.100997729729455532e+00
1.107270212394155351e+00
1.108867461313790992e+00
1.106701545232721795e+00
1.103655920967171244e+00
1.104978237854555623e+00
1.104790082057868439e+00
1.107013717159339272e+00
1.113177588143434926e+00
1.106469290584704002e+00
1.103452861247825822e+00
1.092460755821177187e+00
1.093611897325537985e+00
1.088531377389788890e+00
1.087892695817937794e+00
1.089980896040169567e+00
1.090774685980761438e+00
1.092515415094774012e+00
