2.250000000000000056e-01
0.000000000000000000e+00
0.000000000000000000e+00
0.000000000000000000e+00
1.379676558125044306e+00
1.538407772129904094e+00
1.756102925926176894e+00
1.750173892757377336e+00
1.705484439443720746e+00
1.668409050008039740e+00
1.645589346150527543e+00
1.627509954910169032e+00
1.637221571407959209e+00
1.597093979071637193e+00
1.577380185790776768e+00
1.690840187671522665e+00
1.672090254714756696e+00
1.660294439881552231e+00
1.640072170406796426e+00
1.641049302813593291e+00
1.637664007300143165e+00
1.641494702994390931e+00
1.665777741445443105e+00
1.688093875449589554e+00
1.756598108773276712e+00
1.942166982242463424e+00
1.967242213225528502e+00
1.941922577873062883e+00
1.944424875245955642e+00
1.997489674161980977e+00
2.063545645854681254e+00
2.064589010800769397e+00
2.056621081206857937e+00
2.041076895736291252e+00
2.020635947205961180e+00
1.994730280831010560e+00
1.931391497537116475e+00
1.907566780775379778e+00
1.883979301065478174e+00
1.862409412925408736e+00
1.845402556760438628e+00
1.819328859419381494e+00
1.792484957468979401e+00
1.764069805380101830e+00
1.733697999046488913e+00
1.712348557275484850e+00
1.675519104084531641e+00
1.651007299327032829e+00
1.612557638837782914e+00
1.588357881731027099e+00
1.540684077829713727e+00
1.547370817420837819e+00
1.492883971309565183e+00
1.456468580109524291e+00
1.453801133563926262e+00
1.398872336082643164e+00
1.337287899058130280e+00
1.264065387590391554e+00
1.210586422754595937e+00
1.147956281589475047e+00
1.086105840843397008e+00
1.027270611261015487e+00
9.728261660955822565e-01
9.106604763351129339e-01
8.522515850923104708e-01
7.940609656916334247e-01
7.641667698975669332e-01
7.389306418730393622e-01
7.109089713726555182e-01
6.646555941701517423e-01
6.334993814814547930e-01
6.222130438823323395e-01
6.139694331388297899e-01
6.131172171226230150e-01
6.323045662512540854e-01
6.467457712865026798e-01
6.737260132319935479e-01
6.977456163539946798e-01
6.884169820119019345e-01
7.154292529890386998e-01
7.366197213471450400e-01
7.670327347527139406e-01
8.066769142403257264e-01
8.381019741116862987e-01
7.855679402081883200e-01
7.761380328072877699e-01
7.929207219390006500e-01
7.899678394925535585e-01
8.250646796341756239e-01
8.402993885481052638e-01
9.514294976821515704e-01
1.001557498211215202e+00
1.043111959647809561e+00
1.143731972917916284e+00
1.176761692264352455e+00
1.202418030057899268e+00
1.208385081470952249e+00
1.229524612603154932e+00
1.245236777311058418e+00
1.267865437469500201e+00
