2.250000000000000056e-01
0.000000000000000000e+00
0.000000000000000000e+00
3.075169014427160397e-01
3.074371556116909932e-01
3.570658635001497938e-01
3.577354165942823738e-01
3.757571104104381887e-01
4.220079403635507709e-01
1.344110430303271819e+00
1.363430748398455572e+00
1.309829565166800602e+00
1.229769726478108449e+00
1.187643997119708805e+00
1.175034124292581694e+00
1.138806668988811888e+00
1.128016684056752705e+00
1.152552272341766493e+00
1.150920314113402121e+00
1.147293766528123315e+00
1.146715461911248513e+00
1.178551162390989893e+00
1.200087913370807557e+00
1.206373543449769103e+00
1.187678741655486592e+00
1.216032610670748415e+00
1.285533936159319213e+00
1.266628116915910374e+00
1.274872382707100238e+00
1.288641148074253229e+00
1.313496105211909848e+00
1.370734982042857819e+00
1.406298606383068250e+00
1.420497890779715666e+00
1.415392631148201241e+00
1.462322198452571165e+00
1.484714041575740717e+00
1.488203876446104079e+00
1.457569510697119153e+00
1.450902233876787184e+00
1.459249754007510891e+00
1.458097909103793333e+00
1.438583792763468150e+00
1.424983354190784368e+00
1.474300893308805982e+00
1.420909481685500131e+00
1.352584898326819385e+00
1.325971402446093128e+00
1.259651150706171174e+00
1.209823602330767356e+00
1.158818913273431450e+00
1.240908646356044365e+00
1.215268301902467263e+00
1.207056855470222567e+00
1.228828979638023622e+00
1.271187409649755962e+00
1.281789613864960486e+00
1.283309423190694520e+00
1.291399884520583408e+00
1.299044317530611004e+00
1.317058551144308698e+00
1.316254830683522004e+00
1.318137290729473721e+00
1.327346111446793264e+00
1.342113577126591517e+00
1.358717244394594958e+00
1.424503583715282629e+00
1.414062083546189008e+00
1.401001674961471322e+00
1.381142732692757669e+00
1.379434988570637177e+00
1.371842810373862909e+00
1.344215481366853870e+00
1.316026052704929006e+00
1.281536995161198567e+00
1.274057163627831724e+00
1.262026418566530861e+00
1.239437295897052094e+00
1.203212791860843733e+00
1.191990564597495972e+00
1.163882586922019069e+00
1.152774723302837145e+00
1.150521320812982973e+00
1.149222193755876198e+00
1.173757348425516822e+00
1.191982948114778340e+00
1.217103396220390321e+00
1.219480767679101740e+00
1.228166775952419520e+00
1.231117796224709737e+00
1.265238910535802175e+00
1.268199003421316418e+00
1.262050923701517613e+00
1.263798196481159986e+00
1.287829177702844108e+00
1.296592248248394030e+00
1.332000428788091551e+00
1.328115068108455032e+00
1.330120959772179701e+00
1.338892222855653458e+00
