2.250000000000000056e-01
0.000000000000000000e+00
0.000000000000000000e+00
7.128166781496050874e-02
6.762439390405415585e-02
9.143147441589402069e-01
1.027411322483366307e+00
9.892719249152849281e-01
1.010933024972794803e+00
1.054703725263108627e+00
1.083944894736919018e+00
1.076453699029558564e+00
1.077870874353954234e+00
1.072272724726278437e+00
1.050196443679279890e+00
1.044239674284845432e+00
1.000543093735092537e+00
9.647085980105258862e-01
9.406101055626314711e-01
9.346351481754698876e-01
9.107053706748888811e-01
9.326664914602645906e-01
9.227419115861004162e-01
8.862800250377886879e-01
8.827641004265959213e-01
8.739012354734301269e-01
8.960011985376712396e-01
9.207083914597276042e-01
9.206588757693430214e-01
9.409456175695616320e-01
9.472125618549473991e-01
9.676282992487214019e-01
9.567260856397696855e-01
9.536575929369661697e-01
9.408886204615511950e-01
9.415977688784523680e-01
9.434604627662094289e-01
9.184829984736861963e-01
9.260790081325521728e-01
9.261758401634505589e-01
9.267928785184688101e-01
9.193781503702130875e-01
9.102061015443224656e-01
8.995710144715061141e-01
8.883889024867787088e-01
8.801262519185215627e-01
8.853788836478603264e-01
8.949135988262816310e-01
9.081411512953379006e-01
9.144145426021501599e-01
9.153859322271697962e-01
9.205353246623027008e-01
9.419117168758059933e-01
9.499770323810940997e-01
9.498343529232049498e-01
9.423534948019389734e-01
9.550254472798422878e-01
9.668794308111798852e-01
9.773368110149551757e-01
9.612727849547820780e-01
9.897043030940302355e-01
9.957257471207270338e-01
1.004315660531880594e+00
1.016906123241646975e+00
1.001404822478903389e+00
9.998870006274792610e-01
1.016219220678240553e+00
1.016985221913482063e+00
1.022898775502742330e+00
1.023705060688421931e+00
1.026239430618758108e+00
1.027428385158075441e+00
1.030707282823823068e+00
1.042176903402997956e+00
1.042679366683828990e+00
1.034936549856760868e+00
1.033992213282214800e+00
1.033635942770545268e+00
1.025019340673637425e+00
1.015536429836479071e+00
1.006267726273358587e+00
1.001522205443622138e+00
9.993123062206460405e-01
9.958434636394113415e-01
9.789468398859761944e-01
9.703898780870977570e-01
9.604170808171408336e-01
9.544978937234134264e-01
9.456758004362467718e-01
9.468978876959055491e-01
9.556900806154685624e-01
9.859797958425041697e-01
9.909878033162763389e-01
9.923263341044293862e-01
1.004336117636408288e+00
1.010971571078866482e+00
1.014678273235822603e+00
1.024028420387277150e+00
1.025318987098671641e+00
1.013664103532536442e+00
