2.250000000000000056e-01
0.000000000000000000e+00
1.293598168280587268e+00
9.754100494011730405e-01
9.867964547398712094e-01
9.342125210551681658e-01
1.024069503737601528e+00
9.282081873113016135e-01
9.782522280360496092e-01
9.695810221258314154e-01
9.714802204445592837e-01
9.850701404566634123e-01
9.679200226063893187e-01
9.824588960600679766e-01
9.829274264689634721e-01
9.833717041101313061e-01
9.837853199718112895e-01
9.841629576881985031e-01
9.845008518313365098e-01
9.847971952228267156e-01
9.850522261412231195e-01
9.852679666842820705e-01
9.854477388926490278e-01
9.855956207536198388e-01
9.857159632969139107e-01
9.858130278611338948e-01
9.858907525972873120e-01
9.859526290369065027e-01
9.860016595226849256e-01
9.860403671970129347e-01
1.188574456496910292e+00
9.608703878054072334e-01
9.390784207870145339e-01
9.350829626443170062e-01
9.496292431750066321e-01
9.617063005108823504e-01
9.614568308911352057e-01
9.672816031608758580e-01
9.718603788895604501e-01
9.717011422739557647e-01
9.679520183504606301e-01
1.003768461964553715e+00
1.093341280463602461e+00
1.028854631723192137e+00
1.126317418669148251e+00
1.049130366718941776e+00
1.025331320661504453e+00
1.013831986434929666e+00
1.000434617552960814e+00
9.628923553408403890e-01
9.538197703963218199e-01
9.333415503068125396e-01
9.231366830398309853e-01
9.154500602630935013e-01
9.096083203894361757e-01
9.112450261661040329e-01
9.025760699553554423e-01
9.038632311782510698e-01
9.012052317942502722e-01
8.909419325092459152e-01
8.974871541841912270e-01
8.941992445938545808e-01
8.905735164711573448e-01
8.862431298512544187e-01
8.795842813290337681e-01
8.738941610929156223e-01
8.386692288698512909e-01
7.869848263107181996e-01
7.469009335734232424e-01
7.131664829628066027e-01
6.838663864872530640e-01
6.651625914800047834e-01
6.439194704297435123e-01
6.516271095131654922e-01
6.461220951037349725e-01
6.572434569888979672e-01
6.752206162008144164e-01
6.970123153192029353e-01
7.347312716807067323e-01
1.037956654199750028e+00
9.625876725805686540e-01
1.038843728709972547e+00
9.903484165620336510e-01
9.458559177582919197e-01
9.934770187742918424e-01
1.003287196151654959e+00
1.021109463312760202e+00
1.012184210531540840e+00
1.030362781230234726e+00
1.022742105771027754e+00
1.027891583109384888e+00
9.900774932653861882e-01
9.663955999893466542e-01
9.501994437933573012e-01
9.319737314323989219e-01
9.207783298296536856e-01
9.258352927377458963e-01
9.410887258908336994e-01
9.849493417194871148e-01
1.038990153720956044e+00
