2.250000000000000056e-01
0.000000000000000000e+00
0.000000000000000000e+00
0.000000000000000000e+00
0.000000000000000000e+00
0.000000000000000000e+00
0.000000000000000000e+00
0.000000000000000000e+00
0.000000000000000000e+00
0.000000000000000000e+00
0.000000000000000000e+00
0.000000000000000000e+00
1.229189410862455700e+00
1.126908343632843756e+00
1.137998420600860650e+00
1.052281164778318345e+00
1.088329452601967562e+00
1.086436228926312531e+00
1.070157839043620385e+00
1.109991679003933918e+00
1.115794157301998935e+00
1.082523350050523359e+00
9.830571857498447974e-01
9.713610489892382516e-01
9.082673656027667741e-01
8.464131314934844053e-01
8.230825084396801161e-01
8.218688531960669508e-01
8.078850041669628501e-01
7.339450482532067221e-01
6.961662173873219839e-01
6.837758577541815930e-01
6.953787947231955258e-01
6.825595595697661055e-01
6.902961821926096864e-01
6.778121488180725018e-01
6.805951148800388761e-01
6.707670507038649976e-01
6.852669277315514007e-01
6.836689007063888601e-01
7.021895447787951383e-01
7.391358089963662170e-01
7.674411721405218767e-01
7.906524560197766283e-01
7.994381502695767638e-01
8.107153544261129774e-01
8.366748425155502433e-01
8.675769795854497701e-01
9.031608274457619823e-01
9.113943320844722917e-01
9.212230099603698763e-01
9.390669684835269981e-01
9.351804643050374288e-01
9.364557798048247506e-01
9.352685407324875522e-01
9.147301478317156898e-01
9.067771207003343381e-01
9.040671114788174645e-01
8.968534629496003330e-01
8.916411429365288521e-01
8.519128136888700631e-01
8.285637417221184409e-01
8.351205019912276706e-01
8.587863087785660987e-01
8.975111429371255278e-01
9.183453510631229832e-01
9.466323002256679109e-01
9.788907895709759721e-01
9.918508470595831517e-01
9.978116563894715574e-01
9.885334176995628219e-01
9.936462848202410880e-01
9.781485365249376063e-01
9.762295429303751160e-01
9.745815243278277418e-01
9.819398486437512785e-01
9.796732723589995917e-01
9.784888169544997405e-01
9.746590471616992657e-01
9.762211381144467737e-01
9.746707531805526292e-01
9.798457497207482270e-01
9.795732053044907683e-01
9.849750062369405645e-01
9.877341839754593122e-01
9.935239107870942332e-01
9.936891386763313516e-01
9.997265707221405506e-01
9.957269224936059482e-01
1.001168294254630720e+00
1.004571838550406992e+00
9.997432646191514172e-01
1.007413874451053237e+00
1.008049889086438888e+00
1.015432801097657212e+00
1.018711073985372861e+00
1.025495747003585478e+00
1.032638761284746964e+00
1.042076460795203774e+00
1.043101507707838271e+00
