2.250000000000000056e-01
0.000000000000000000e+00
0.000000000000000000e+00
0.000000000000000000e+00
9.358595728119968593e-02
9.358595728119968593e-02
1.271033888208942253e-01
1.270070541544515430e-01
1.666947155928694690e-01
1.550370779199323756e-01
2.406948192767831562e-01
2.353060280574318930e-01
2.405472454077953182e-01
2.405510470662432787e-01
2.876235599925742736e-01
2.998066214277052000e-01
3.278509431002192831e-01
8.007208767935429794e-01
8.337815962425625393e-01
8.395868994945758779e-01
8.719975661842287451e-01
8.656405484865151712e-01
8.628355360188034728e-01
8.356733636798521214e-01
8.346812399567842267e-01
8.073908321675105082e-01
7.988659081232152293e-01
7.859143732944223748e-01
7.818776824186933760e-01
7.967617745668658102e-01
7.937932431011390788e-01
7.932551761878794405e-01
8.279112512951136704e-01
8.450081431876365068e-01
8.735716607144213830e-01
8.908918590759388190e-01
8.917947895641551437e-01
8.854183906850027208e-01
8.870563564031983539e-01
8.924201002304114061e-01
9.187922634935036248e-01
9.684651432257147530e-01
9.738036772570727306e-01
9.671563977319845851e-01
9.635445208601329803e-01
9.634851365424361713e-01
9.578525016564004568e-01
9.623465717335131231e-01
9.477629145274377720e-01
9.450653110775174559e-01
9.412223956020197013e-01
9.345205127156988034e-01
9.231875709401227148e-01
9.130879152602249249e-01
9.250552358489987359e-01
9.214718392425632620e-01
9.215927690619111212e-01
9.543710018485284108e-01
9.620259447384431617e-01
9.796924345412098001e-01
9.836796523347913768e-01
9.817049898173493272e-01
9.676868256284334446e-01
9.666090752356907290e-01
9.591031887645526943e-01
9.466296869136769931e-01
9.343370322105308823e-01
9.052465054946866596e-01
8.957581128378586666e-01
8.892383990681940187e-01
8.974126392887693537e-01
8.941078363304444387e-01
8.883946712072122720e-01
8.984621005140954741e-01
9.112693273183329890e-01
9.373380037255323316e-01
9.946792626947665861e-01
1.019196755670482180e+00
1.065566301230175261e+00
1.067484392736238741e+00
1.063062487585968663e+00
1.054666833273266713e+00
1.050469965699227126e+00
1.041914396795985187e+00
1.030198366081855887e+00
1.018628701380691171e+00
1.004679869014425408e+00
1.013283000587668070e+00
1.009331395190113279e+00
1.007179178613430981e+00
1.004539356317443177e+00
9.995354144280983455e-01
1.000235806526050153e+00
1.002078109838068221e+00
9.928155606898606544e-01
9.869503840414205476e-01
9.850671322397455132e-01
9.918025438757747114e-01
9.923855355415539536e-01
1.015878085359401384e+00
