2.250000000000000056e-01
0.000000000000000000e+00
0.000000000000000000e+00
0.000000000000000000e+00
0.000000000000000000e+00
0.000000000000000000e+00
6.926275128501231393e-01
4.552074291622718594e-01
4.041876319515718685e-01
3.797134499110526584e-01
7.920110315102376619e-01
8.526739214624439178e-01
8.520183407038119938e-01
8.289992756660851114e-01
8.040560962076445106e-01
7.715180881919236899e-01
7.535244523762663071e-01
7.168180864694921883e-01
6.911090265346133688e-01
7.174521248585051802e-01
8.149831219500707213e-01
8.844256793677647277e-01
9.067125597447366347e-01
9.031506173270454907e-01
8.990770564144916488e-01
8.470169767825540541e-01
8.410421827359885194e-01
8.036269976282230942e-01
7.606572775364867089e-01
7.316927290359552805e-01
7.341799208023258583e-01
7.266524756641923322e-01
7.386811019439974979e-01
7.268128158926663307e-01
7.041296228197151397e-01
6.920249319034583735e-01
6.739524684931123000e-01
6.674496784668454419e-01
6.542222302644702392e-01
6.894858358073191473e-01
7.413928741267484801e-01
7.563850656408883655e-01
7.759574571146028443e-01
7.745590482358989393e-01
7.858113274391532732e-01
7.956772182117844983e-01
7.895649474382204769e-01
7.931406227329298453e-01
7.952221722315647723e-01
8.002735282894045676e-01
8.068033614331816539e-01
7.955476663932257164e-01
7.807100075113966309e-01
7.468872813963635116e-01
7.156614008616073441e-01
7.017319060622357885e-01
6.959856463838131058e-01
7.061008021617808383e-01
6.994288674519553162e-01
7.019897579831384515e-01
7.117765543546705764e-01
7.236805801408918715e-01
7.384117781982215689e-01
7.586054453794517372e-01
7.685877244221159810e-01
7.709342723749637027e-01
7.655753544947165867e-01
7.583499831615987397e-01
7.578416487780826882e-01
7.436168011224232322e-01
7.489865462675602270e-01
7.611145671549387481e-01
7.736731277791393246e-01
7.793798632043738017e-01
7.780041088199541877e-01
7.628943916001591496e-01
7.657464259000384965e-01
7.542521726327159337e-01
7.515170761541537514e-01
7.458360652615467767e-01
7.450785161794732936e-01
7.456875752258821377e-01
7.423929483537899943e-01
7.457216698450336301e-01
7.565811287590822332e-01
7.453994317153933569e-01
7.454099129482529840e-01
7.342926677097232346e-01
7.389910791255375200e-01
7.417853814804178381e-01
7.431507703276565291e-01
7.472059839158606831e-01
7.540610755658321285e-01
7.648197782738758166e-01
7.712890626291356577e-01
7.764108013096995276e-01
7.768334808880392739e-01
7.770895015747987244e-01
7.717308067154450280e-01
7.682250007823526738e-01
