2.250000000000000056e-01
0.000000000000000000e+00
0.000000000000000000e+00
0.000000000000000000e+00
2.700355199223866687e-01
2.696613894022668600e-01
3.088969908231454786e-01
3.176769196025595043e-01
3.183894304285315169e-01
3.568728317100838821e-01
3.747144812553738213e-01
3.677944130645223186e-01
4.105664854290843602e-01
3.955508298249211241e-01
3.842271626764576786e-01
4.075791373950795604e-01
4.129931369272411001e-01
3.967505241775867164e-01
4.261091593559008794e-01
4.166826990648834772e-01
4.254319529781087073e-01
4.527371563190650261e-01
4.535445889321161328e-01
5.087617889255264814e-01
6.630651338771471615e-01
7.051891213528210800e-01
7.962174215669499677e-01
8.550577255167982615e-01
8.971996992173015828e-01
9.187301799223205334e-01
9.511567905889115604e-01
9.725552205428826813e-01
9.777830769343933692e-01
9.771812306010282390e-01
9.795939504893395045e-01
1.027487518936812672e+00
1.045079726455300673e+00
1.082389077921805498e+00
1.076077714258536711e+00
1.064794266640606724e+00
1.064306602942033608e+00
1.080031296285997477e+00
1.090478087065337665e+00
1.100259014083749598e+00
1.098374456642280395e+00
1.103506983763782090e+00
1.098327058665175660e+00
1.089250492435043904e+00
1.077506778255133524e+00
1.063458342866701933e+00
1.052705583078710205e+00
1.027104358909813442e+00
1.015570349499056890e+00
1.022953938933113260e+00
1.017970755485879897e+00
1.019136934905653380e+00
1.012786992200844560e+00
1.010226819750236649e+00
1.010557817900814115e+00
1.010171619675877208e+00
1.016615630685109073e+00
1.019489823650014060e+00
1.028495647740180319e+00
1.024431131138898055e+00
1.018285274158314380e+00
1.018606766861294144e+00
1.028361706207461479e+00
1.021049255535972478e+00
1.021856596079284252e+00
1.016741619832582488e+00
1.010589702939378443e+00
9.995745447029047437e-01
9.994128564679096716e-01
1.007409984082277887e+00
1.002407431378376179e+00
9.992163158924537436e-01
9.946723800149358530e-01
9.934559296428980835e-01
9.957451390388246670e-01
9.962744743945765036e-01
1.005966207654618083e+00
1.015033975493152774e+00
1.016722131359176995e+00
1.027658035289151783e+00
1.037769436053139316e+00
1.045273435792313910e+00
1.051054809856177830e+00
1.044912550759430570e+00
1.048891818853202373e+00
1.051590926052378805e+00
1.047969498265998833e+00
1.040963849388089724e+00
1.025686831444191593e+00
1.014595259764985213e+00
1.006673649371990331e+00
9.997745376879337842e-01
9.995243439056553658e-01
9.968178299005654441e-01
9.901362425505195741e-01
9.941367631620464662e-01
