2.250000000000000056e-01
0.000000000000000000e+00
0.000000000000000000e+00
1.161766167862591514e-01
1.413118895932758134e-01
1.774840597074829052e-01
2.020900958827871463e-01
2.377874560952273342e-01
2.641419282522341483e-01
2.973760415929020962e-01
2.905779418220486576e-01
3.078470579296319065e-01
3.321075326781972037e-01
3.703648793137311879e-01
4.405230873022808469e-01
4.990197175348565772e-01
6.837620193134751334e-01
7.333080640243687665e-01
7.460628387265797468e-01
7.512918204355129026e-01
8.369232446042046414e-01
8.589075174187976724e-01
8.542136781397533518e-01
8.559320363270183085e-01
8.755523604053637721e-01
8.830908770982373035e-01
8.781008357660178287e-01
8.796965019006934838e-01
8.832392639433491732e-01
8.743535263815098713e-01
8.755069301995052067e-01
8.716728424516030360e-01
8.698194726586349068e-01
8.727451054403436714e-01
8.772751920619511479e-01
8.851005922705247331e-01
8.861136291698584744e-01
8.915705901354432639e-01
8.941582854116046919e-01
8.989703281088411435e-01
9.039892160763342011e-01
9.241949145623576944e-01
9.326301892761833523e-01
9.313065077525286561e-01
9.417635090558417188e-01
9.493946029888997717e-01
9.583315264118668075e-01
9.713612262039984513e-01
9.791495714996727440e-01
9.878202824740932586e-01
9.962110839171073318e-01
9.970569840756476898e-01
9.999892105828475097e-01
1.003910245141598656e+00
9.994773272278610898e-01
9.992441119046624465e-01
9.950532366963745767e-01
9.869060979661200550e-01
9.786798510260368289e-01
9.770507403194221840e-01
9.761304166886811684e-01
9.787365458221591874e-01
9.721455038401153326e-01
9.747066768701602157e-01
9.777196273872558185e-01
9.896889732015768937e-01
1.002567304623151356e+00
1.013286258669328532e+00
1.015014032338050765e+00
1.018483081285064706e+00
1.019836346262350535e+00
1.023158105156201758e+00
1.024740976080222632e+00
1.032403268035563926e+00
1.038019999763546419e+00
1.036050980177091851e+00
1.034513846994786324e+00
1.032407408902553447e+00
1.031574985628212593e+00
1.029930764171942625e+00
1.027440821968327533e+00
1.026513597302373793e+00
1.023552924990962731e+00
1.022497078061391340e+00
1.024083000175147529e+00
1.023942107704168603e+00
1.022992427513333524e+00
1.020753269809939523e+00
1.022201586626333647e+00
1.028799552569176656e+00
1.029576454495818805e+00
1.029197846867308641e+00
1.029617293173068493e+00
1.027881493157401183e+00
1.026525489310725625e+00
1.028667212002945419e+00
1.028050466045585365e+00
1.031080581263577045e+00
1.036017034298102102e+00
1.036284796468475822e+00
