2.250000000000000056e-01
0.000000000000000000e+00
0.000000000000000000e+00
0.000000000000000000e+00
0.000000000000000000e+00
0.000000000000000000e+00
0.000000000000000000e+00
0.000000000000000000e+00
0.000000000000000000e+00
0.000000000000000000e+00
0.000000000000000000e+00
0.000000000000000000e+00
0.000000000000000000e+00
0.000000000000000000e+00
0.000000000000000000e+00
0.000000000000000000e+00
1.447133264443866585e+00
1.470434541614111135e+00
1.487707163260426180e+00
1.527221236850898611e+00
1.505664775970948277e+00
1.488630537895490491e+00
1.513015408736918976e+00
1.492273650982547828e+00
1.494940549839169242e+00
1.488084171363575514e+00
1.498910786358484071e+00
1.467101543393316776e+00
1.471715004203667077e+00
1.454235183913957563e+00
1.455475185698166696e+00
1.444775263765875950e+00
1.462285434275390372e+00
1.500743855241815972e+00
1.504328423747114396e+00
1.485802359371526160e+00
1.485722270573869519e+00
1.468020975899646308e+00
1.439891115632974561e+00
1.452526005832622813e+00
1.426980734177272447e+00
1.446851623309096002e+00
1.446515127725835459e+00
1.468996462700492334e+00
1.442856401879876405e+00
1.471992000077735563e+00
1.504897454613615793e+00
1.472771658238210213e+00
1.498454273082803656e+00
1.520703037693254434e+00
1.563322791919589339e+00
1.558727520881226125e+00
1.577974137171800573e+00
1.630378063439009706e+00
1.608147225676171521e+00
1.579655831963729717e+00
1.515097864261899741e+00
1.456804856053929287e+00
1.426487556758710307e+00
1.356158063643053913e+00
1.298743572811812186e+00
1.270635442594004294e+00
1.369822047398666420e+00
1.183507606045865579e+00
1.154167768876633415e+00
1.166642360450643956e+00
1.279363909815971478e+00
1.328435825616406163e+00
1.379731867418618751e+00
1.409984515990990506e+00
1.434427451723328195e+00
1.482888874677246616e+00
1.536419296961819114e+00
1.550129808346116578e+00
1.563401883050869579e+00
1.586686242393545943e+00
1.614828562690791225e+00
1.636673399177959398e+00
1.636898022878658265e+00
1.642302079785000979e+00
1.648016788403409816e+00
1.633414862408388402e+00
1.622112235418702308e+00
1.622885568770763509e+00
1.620383545817506654e+00
1.614796520665504831e+00
1.610542698399584083e+00
1.606687800300644620e+00
1.583781538638977748e+00
1.566342700308258840e+00
1.572436726394945028e+00
1.577057715638265911e+00
1.587902747629436284e+00
1.593096965467433623e+00
1.584095437568947995e+00
1.600998759580800401e+00
1.612580113977120755e+00
1.606457180652900218e+00
1.580371062760098866e+00
1.553159544859594510e+00
