2.250000000000000056e-01
0.000000000000000000e+00
0.000000000000000000e+00
0.000000000000000000e+00
2.270814782627086914e-01
2.270744547522337287e-01
2.270676665625928903e-01
2.639473062112425161e-01
2.473891076878728668e-01
2.598507360765644481e-01
2.565055025581650106e-01
2.896977477005421298e-01
2.925239047213076260e-01
3.065063971468917070e-01
3.302353667087087330e-01
3.428991241807166634e-01
3.611771070049664134e-01
3.641211494566512497e-01
3.898208893999824398e-01
3.931702547727438657e-01
4.152208543726773060e-01
4.217944389285326334e-01
4.090004550307156928e-01
4.246907863287007756e-01
4.170802302596174904e-01
4.063651738330386620e-01
3.732598478136974762e-01
3.562145431073665547e-01
3.067465881405214700e-01
2.916719334694438115e-01
3.010680385019952610e-01
3.139272031308339428e-01
3.332382867064260790e-01
3.950665680600420337e-01
4.863079900410426371e-01
4.875450809992930568e-01
4.940571967699209921e-01
5.382837019301851544e-01
5.915331201257963967e-01
6.136187740833485282e-01
6.115313675709873609e-01
6.188290811908941924e-01
6.659513276449421371e-01
6.995871875644731341e-01
7.179458022852205357e-01
7.286760055660350677e-01
7.379844308463312519e-01
7.474497084256542800e-01
7.496173035093833814e-01
7.608472903581022795e-01
7.668399379878811928e-01
7.647108808817701942e-01
7.583085860744841478e-01
7.614300824316954097e-01
7.746803341827251943e-01
7.820580475471091697e-01
7.870269127976563528e-01
7.893920248325015931e-01
7.950495252562009840e-01
8.004701605946907828e-01
8.083138087917105530e-01
8.115142486938575761e-01
8.191350964184375139e-01
8.212907831241827994e-01
8.221383197131709730e-01
8.253811965837423159e-01
8.212654668257378665e-01
8.219888072297441006e-01
8.255660019516896098e-01
8.147623279240029381e-01
8.132608122528431904e-01
8.152166806690340772e-01
8.141021400743644332e-01
8.164161155212633636e-01
8.168305992886997213e-01
8.194223801909478189e-01
8.247014722263613651e-01
8.309123559303651652e-01
8.368194238610863200e-01
8.358751895090947848e-01
8.302704152451544362e-01
8.292299940219348686e-01
8.345948393471218640e-01
8.327997952752077548e-01
8.345558430935474670e-01
8.323541290833746942e-01
8.359959619665129349e-01
8.396032850760544175e-01
8.422317068773217397e-01
8.472835555292760334e-01
8.482171578784153398e-01
8.433905698264323458e-01
8.383767989341162075e-01
8.374355200850985836e-01
8.354942432233229965e-01
8.357604201835221458e-01
8.368922840033459210e-01
8.435911800993411980e-01
8.417220076023194109e-01
8.405190896396514955e-01
