2.250000000000000056e-01
0.000000000000000000e+00
0.000000000000000000e+00
2.214389052870650021e-01
2.213938887857353766e-01
2.696280582103647849e-01
6.711174313079120157e-01
7.705734076986758829e-01
8.084571075184538991e-01
7.550564538508462986e-01
8.280413595609668054e-01
7.545657191133604558e-01
7.745216517410645762e-01
8.131589270608804432e-01
8.080887119683556330e-01
8.553471945476176508e-01
9.016187801364627941e-01
9.494448934908524818e-01
9.492488978366308006e-01
8.819647678576481020e-01
8.280939236363917821e-01
8.048634300986680090e-01
8.917451678180513541e-01
9.016234389451655007e-01
9.080235230610649300e-01
8.570055153742003329e-01
8.399557820848353451e-01
8.624962136132540147e-01
9.022447329937234306e-01
9.174574675173817750e-01
9.343546898407676382e-01
9.459888515703682721e-01
9.817411154501448634e-01
1.029592536613428200e+00
1.059417146582649183e+00
1.079377109747325258e+00
1.060234259383796562e+00
1.057471758991491262e+00
1.062291994357344338e+00
1.053143201729219491e+00
1.054666336640278645e+00
1.045353132288539655e+00
1.061505011056703029e+00
1.067061130887507092e+00
1.075830478197651319e+00
1.075221294004104378e+00
1.076402362887980857e+00
1.083798435923214454e+00
1.090713640498289116e+00
1.094977294123237188e+00
1.090814014443116209e+00
1.079719773546241601e+00
1.067069638940218557e+00
1.068984203945962497e+00
1.033406468529012079e+00
1.034184904409079619e+00
1.013970465835763113e+00
1.001170410056144489e+00
1.012620624929752022e+00
1.019835184500229808e+00
1.024287847726688794e+00
1.029742161318952798e+00
1.018896290674174976e+00
1.025864055305681921e+00
1.019002417648439129e+00
1.025469382844185207e+00
1.026443587722397632e+00
1.035663759180689647e+00
1.036393408201047750e+00
1.033710584858258841e+00
1.024749579120519005e+00
1.024976932579649169e+00
1.019020152965765647e+00
1.008756608999975546e+00
9.981083632704779163e-01
9.977213525931387661e-01
9.965299118277143320e-01
9.970492233355643386e-01
1.008986454341781247e+00
1.024694376627528269e+00
1.023609725226701794e+00
1.028298204496374879e+00
1.025318783358161845e+00
1.018611646312390429e+00
1.005046677875205630e+00
1.000946903165164326e+00
9.970546722676117968e-01
1.005332201450107599e+00
1.002849298851137494e+00
9.837046924574179840e-01
9.665187631134560808e-01
9.598966158025473705e-01
9.617376322318020865e-01
9.760200289169345123e-01
9.785701595733309333e-01
9.696143746441109323e-01
9.465046814217530358e-01
9.327223034005416302e-01
9.283686173697057731e-01
9.280451710722628089e-01
