2.250000000000000056e-01
0.000000000000000000e+00
0.000000000000000000e+00
2.105149184236573268e-01
2.105149184236573268e-01
3.062366770012123207e-01
3.068549134891240260e-01
3.073950127981610603e-01
2.927141217088126690e-01
3.539330843285227179e-01
3.450872034529149368e-01
3.202339365316930753e-01
3.192114817528423076e-01
3.698661780021522683e-01
3.709424769636164299e-01
3.718533700941716313e-01
3.909145433042491291e-01
4.361316094702369361e-01
4.400659424379091411e-01
4.562802358254985924e-01
4.679913021662607808e-01
4.628625587901239458e-01
5.166412465246412733e-01
5.129746182949134203e-01
5.294157444738255558e-01
5.355860007623408636e-01
5.538549249129697261e-01
5.568402328680228663e-01
6.083431475717067105e-01
6.079268919948365157e-01
6.374233703471045009e-01
6.294134327806608642e-01
6.512971681731523077e-01
6.883008206733045586e-01
6.846051308477920649e-01
6.986671015206876723e-01
7.086337940112662492e-01
7.133352759757718431e-01
7.287142171216677289e-01
7.553320044212925577e-01
7.481520529771488182e-01
1.162283520051874852e+00
1.299513365091985229e+00
1.317649504135007588e+00
1.210591962662979082e+00
1.121337207688981374e+00
1.039520017607417079e+00
1.063446509431831277e+00
1.040752004523689322e+00
1.024505827335969732e+00
1.071764672413668240e+00
1.065516329810800356e+00
1.173927141682428399e+00
1.299774487929663325e+00
1.338321505313122550e+00
1.356558329122474316e+00
1.383211815884114460e+00
1.404529477887605404e+00
1.576438454871971206e+00
1.594669346177607139e+00
1.607059095532091808e+00
1.580772263385170850e+00
1.583313738801148673e+00
1.585778322755747149e+00
1.583165650665436353e+00
1.577410919738202688e+00
1.559452381631414752e+00
1.558015068121797464e+00
1.540641293966774406e+00
1.535106856697392219e+00
1.517250936747321033e+00
1.487879313002903547e+00
1.473713535217843873e+00
1.521310460442589108e+00
1.560976703704433977e+00
1.548736449354742417e+00
1.530339715636773734e+00
1.526280166523838355e+00
1.525142101985135445e+00
1.523858308178564380e+00
1.575751830586451296e+00
1.575702533439716335e+00
1.569970034608612064e+00
1.574916554856397699e+00
1.561451229070150104e+00
1.546317323133420185e+00
1.527840673011069850e+00
1.524397499089156227e+00
1.502672506556350207e+00
1.500182278915736633e+00
1.488948860278225705e+00
1.478927034674985652e+00
1.450407063771683047e+00
1.418740509643667380e+00
1.432285321085607466e+00
1.409531348633338732e+00
1.376099546873658763e+00
1.372377754463295130e+00
1.364148921157748440e+00
1.369365474430921825e+00
