2.250000000000000056e-01
0.000000000000000000e+00
0.000000000000000000e+00
0.000000000000000000e+00
9.289529746326069537e-02
9.289529746326072313e-02
2.528618119577643597e-01
2.267261676728928033e-01
3.084734936724146115e-01
2.893857787307994034e-01
2.913816431194592993e-01
3.854360472558939765e-01
3.675114225637565180e-01
3.703281501440189305e-01
4.157599510808450693e-01
7.822229889739209518e-01
8.721560371542150802e-01
9.036405622452520214e-01
8.825792229687119406e-01
8.666335962525545389e-01
8.825436933193187006e-01
9.470680576233542203e-01
9.469284123940616693e-01
9.484223739110084761e-01
9.277823564745569795e-01
8.867684803440525343e-01
8.680223622495507607e-01
8.458452550663521086e-01
8.436842384456397781e-01
8.595684739864662971e-01
8.641468414962065747e-01
8.720367527268428898e-01
8.747538482555269335e-01
8.822555093571102791e-01
8.826247584760611442e-01
9.107146928514827655e-01
9.346635015371769217e-01
9.267105828947078683e-01
9.169845110101851882e-01
9.211794640895524244e-01
9.177522470141550315e-01
9.197295800740948879e-01
9.085972683704937047e-01
9.136306779641428788e-01
9.085163812291868757e-01
8.969948261330181749e-01
8.967032945285607903e-01
8.753124801076920258e-01
8.693437190723746211e-01
8.701482960364376185e-01
8.661383227224701553e-01
8.584844095289457799e-01
8.249244872234002823e-01
8.113214088012051795e-01
8.001777727405187113e-01
7.756315930370777378e-01
7.559855967579969249e-01
7.375851415447696180e-01
7.260741884629520193e-01
7.421060947872178959e-01
7.497093469958427958e-01
7.311088915179482228e-01
7.349988327694764179e-01
7.359749183283357254e-01
7.439886125002697081e-01
7.572609912202009630e-01
7.535247136257872125e-01
7.695621105828521769e-01
7.665132673358397986e-01
7.671548779325192413e-01
7.727822282430176770e-01
7.731408240224877382e-01
7.817584871984170070e-01
7.712674866402519092e-01
7.796013530787111456e-01
7.634446428553643971e-01
7.545990752045473871e-01
7.675911013071056166e-01
7.619591621184326202e-01
7.552218296379243911e-01
7.583366671938995829e-01
7.568283655930945208e-01
7.595605992760501302e-01
7.633641953391373525e-01
7.782367326940047292e-01
7.957443700841214662e-01
8.014534418231132884e-01
8.086568632950293933e-01
8.173862390612567363e-01
8.161175236190129079e-01
8.161160827336179091e-01
8.198402483307578592e-01
8.147872908864141062e-01
8.167782268728845940e-01
8.229859668814299978e-01
8.168238334206268103e-01
8.140464821681583363e-01
8.034271828451495789e-01
8.045514308870983511e-01
8.057763620671603011e-01
