2.250000000000000056e-01
0.000000000000000000e+00
9.047577376878630784e-02
9.588008719332483110e-02
9.687479447067946781e-02
1.227431167474989787e-01
1.236111986591431761e-01
1.523970561033897997e-01
1.582782723805572223e-01
1.622666292991356007e-01
1.822231309657262599e-01
1.837370371208665309e-01
2.132146082878434434e-01
2.141780904356445359e-01
2.156928677027188934e-01
2.298191864146792718e-01
2.275410939562018398e-01
2.740643296689449504e-01
2.776893009590447603e-01
2.720458547551539152e-01
2.879262975143102032e-01
2.970277667536639910e-01
3.146993299808451550e-01
3.332877070963622401e-01
3.459495116080800181e-01
3.571087398188181883e-01
3.725431610212240341e-01
3.880910641451392751e-01
4.148752373718576636e-01
4.304713072808140639e-01
4.471005412282427205e-01
4.419874549544253739e-01
4.570061567548261983e-01
4.511826844373673095e-01
4.684217540448544215e-01
5.469075515586755420e-01
5.693237174063449091e-01
6.269350445096887325e-01
6.421624512968748810e-01
6.556930061963038847e-01
6.635138532060990135e-01
6.808289344068439997e-01
7.130058028541931270e-01
7.285452392103705099e-01
7.492170917629330518e-01
7.541346352768847350e-01
7.592196478203864229e-01
7.926498106041486302e-01
8.356052830661701014e-01
8.732282325216544905e-01
8.786024038627701094e-01
8.864750324220219690e-01
8.929148320734384692e-01
9.088606447083420470e-01
9.259403699475587945e-01
9.338033056999935910e-01
9.413033152533966108e-01
9.455716861232633663e-01
9.422723741858002322e-01
9.538660351535679371e-01
9.482364982478244109e-01
9.425921143271844826e-01
9.364619056877312442e-01
9.272240857220284127e-01
9.218948597951319712e-01
9.239683824710245297e-01
9.287791210961540145e-01
9.165300333634348595e-01
9.163525342924084827e-01
9.213906288217147411e-01
9.266254185612076144e-01
9.183183266008942969e-01
9.156483464567600761e-01
9.127178514144368426e-01
9.123969924132219189e-01
9.251772203586491328e-01
9.289265143720650819e-01
9.253160086070061352e-01
9.273808342580910358e-01
9.218952107390631090e-01
9.171727927731212482e-01
9.189928335318647834e-01
9.241813576148115716e-01
9.234193160988344307e-01
9.214150001965316639e-01
9.174657499579099706e-01
9.326710226571925944e-01
9.401259776175093785e-01
9.349778587314604428e-01
9.346111893212665223e-01
9.280368834650430943e-01
9.263010658060172320e-01
9.280845764257451558e-01
9.308351126195741898e-01
9.333679717219038885e-01
9.372371028266212045e-01
9.273780543894409867e-01
9.218779594608403904e-01
9.225262830916013401e-01
9.185908278689597362e-01
