2.250000000000000056e-01
0.000000000000000000e+00
0.000000000000000000e+00
1.543479039576262979e+00
1.548272993084315097e+00
1.527398381628813695e+00
1.337376162174254812e+00
1.258927762845960308e+00
1.293545330485520672e+00
1.254939916675293032e+00
1.188363447096153713e+00
1.162163608063111031e+00
1.188250049443572820e+00
1.206352692558900985e+00
1.178710742320780547e+00
1.132297069136789736e+00
1.127935759209311328e+00
1.119990682732293408e+00
1.113251884355414223e+00
1.101818358823151378e+00
1.093923708958492780e+00
1.086559334922400089e+00
1.083098897609840350e+00
1.080040099558093880e+00
1.078331357511175481e+00
1.085677743535859330e+00
1.094929508651045325e+00
1.175355467261523179e+00
1.225954467752981891e+00
1.212909931130139007e+00
1.158609629529462559e+00
1.195408352259462959e+00
1.206496009747535680e+00
1.214637435510051544e+00
1.205656056625080019e+00
1.175797065824247589e+00
1.150327230389942557e+00
1.148122651408708617e+00
1.151247067848134353e+00
1.156981055889343191e+00
1.151761534341572135e+00
1.141650765136112300e+00
1.128484880104749566e+00
1.117160918819901871e+00
1.103256392716547962e+00
1.096114966909544242e+00
1.089678949552960630e+00
1.090860194883770840e+00
1.092157159918030418e+00
1.098282573380155780e+00
1.115894101193047883e+00
1.133110235573186797e+00
1.145283569059966977e+00
1.138181233760274802e+00
1.145809382224009410e+00
1.167641333235331702e+00
1.153935738897625907e+00
1.138164950856907387e+00
1.128837456762080027e+00
1.142908716749198472e+00
1.141690694624922120e+00
1.136929159454550309e+00
1.134950222472763004e+00
1.128884735230958336e+00
1.126979097549577924e+00
1.122134551467844021e+00
1.116248896605644303e+00
1.115535490491730730e+00
1.102153468173393103e+00
1.094203794338355129e+00
1.091565493387395280e+00
1.088639497031308911e+00
1.106847205992117500e+00
1.100179481176220664e+00
1.096715367229118554e+00
1.100713238815193895e+00
1.106484603157015911e+00
1.119546826342277424e+00
1.127365625535674099e+00
1.137199724666373646e+00
1.133022467106386655e+00
1.138519255411783337e+00
1.130608322386323916e+00
1.122993231311774531e+00
1.131847579068393506e+00
1.125325619839425473e+00
1.125894242543969748e+00
1.118261553601358260e+00
1.113303156692390328e+00
1.096479919050552532e+00
1.091542299034313102e+00
1.100160511917824824e+00
1.098820245381130212e+00
1.092574861316465640e+00
1.094157724400873777e+00
1.091334941212792842e+00
1.086159042838264366e+00
1.085690384843636558e+00
1.082202660685327222e+00
1.072065952970108427e+00
