2.250000000000000056e-01
0.000000000000000000e+00
0.000000000000000000e+00
0.000000000000000000e+00
0.000000000000000000e+00
0.000000000000000000e+00
6.143039913870427249e-01
6.143039913870427249e-01
7.350398941525425611e-01
7.384420688628753338e-01
5.950666017978838429e-01
5.728636943479826771e-01
5.696334675251335522e-01
6.443459332763807890e-01
6.265286322271272912e-01
9.481651089669259624e-01
1.025688465069192645e+00
1.020128469684885353e+00
9.705400456212340821e-01
1.006141161066567813e+00
1.037202082362061129e+00
1.091975524762400340e+00
1.070868721705693805e+00
1.151112641453346574e+00
1.168327144556207342e+00
1.186799438346346713e+00
1.204625278814345224e+00
1.205153474370661781e+00
1.219534508520564442e+00
1.204834355667789847e+00
1.183004940641503744e+00
1.181900463833912562e+00
1.191971208298041818e+00
1.174222132360414061e+00
1.163029079037541269e+00
1.146009103297244591e+00
1.150524729131372714e+00
1.140339664216576621e+00
1.132482657483594002e+00
1.135016759827537136e+00
1.142013905203566715e+00
1.162600745166813221e+00
1.263595822806966806e+00
1.287207678777564812e+00
1.301210440758275189e+00
1.336506436794109742e+00
1.331419879217432989e+00
1.319352933217760482e+00
1.317031014853627946e+00
1.295455719556199092e+00
1.282755112353423765e+00
1.263991770259584202e+00
1.251710156025719556e+00
1.239381571133376658e+00
1.256644851878149893e+00
1.256382260358934300e+00
1.266065939789040140e+00
1.301140317145440539e+00
1.313589845957647162e+00
1.325814731248515566e+00
1.335570143469212878e+00
1.331536078242565813e+00
1.325787497006431614e+00
1.333827010704319305e+00
1.322380669359664696e+00
1.331227928927799953e+00
1.323318111280886278e+00
1.330027283711135322e+00
1.345218801496829375e+00
1.351658092751069296e+00
1.367954397624744134e+00
1.374643810395412169e+00
1.374543372659815299e+00
1.374087176769082319e+00
1.389970831807231910e+00
1.382885713203500622e+00
1.388149574745579429e+00
1.391201026460995971e+00
1.381209506772792306e+00
1.385161920021514170e+00
1.379041641881634472e+00
1.375619664710082457e+00
1.371414611523180005e+00
1.378078129911068039e+00
1.381228267687760969e+00
1.377580742239809197e+00
1.376586790137003025e+00
1.377408120657751533e+00
1.379230643595596328e+00
1.376921069601435788e+00
1.377082191508716136e+00
1.364553840745729829e+00
1.359213421157392299e+00
1.358230504233251423e+00
1.367126137432873811e+00
1.377350538465538676e+00
1.378358007263474239e+00
1.384512938475413346e+00
1.377321772474597639e+00
1.384028599168145801e+00
