2.250000000000000056e-01
0.000000000000000000e+00
0.000000000000000000e+00
0.000000000000000000e+00
0.000000000000000000e+00
0.000000000000000000e+00
0.000000000000000000e+00
0.000000000000000000e+00
2.490078296200792241e-01
3.819939209472298369e-01
4.141271499717357196e-01
5.451711024135921235e-01
6.675374423512605571e-01
7.649769900895365682e-01
8.196447569441929204e-01
8.508672491261020099e-01
8.509544668392442501e-01
8.626298383347571486e-01
9.087083751235119911e-01
9.327665383440160163e-01
9.315053672433339926e-01
9.370435729142839731e-01
9.523959090392744020e-01
9.791458305328257783e-01
9.863592831038081599e-01
9.798050746661955968e-01
9.666478052469165139e-01
9.614940038470694006e-01
9.386580746242192408e-01
9.306531098259398505e-01
9.177974515207514283e-01
9.212749473190994243e-01
9.191650179710072477e-01
9.267320277497146375e-01
9.116487064659297701e-01
9.070668856273206293e-01
9.099867823672460609e-01
9.097385815820403510e-01
9.230013415101585572e-01
9.238696205783104576e-01
9.222725110885861000e-01
9.302965259434613499e-01
9.368466380014149886e-01
9.465828850124596849e-01
9.563741247226442699e-01
9.582070153980076777e-01
9.624719460470139154e-01
9.671980144601060037e-01
9.678312297156497213e-01
9.695336565080400204e-01
9.664854602190128263e-01
9.564008308701683614e-01
9.571275773902075956e-01
9.614743623512354009e-01
9.657977452641218763e-01
9.700493401259712156e-01
9.645899177714526429e-01
9.554340800854613791e-01
9.485188202969432325e-01
9.405159024044583704e-01
9.400007477019811652e-01
9.382786953529392848e-01
9.374308385189352721e-01
9.465531905069485274e-01
9.524939829118853618e-01
9.434360987267038645e-01
9.350199333928562728e-01
9.338518699279624302e-01
9.309653875751983110e-01
9.295532876345165008e-01
9.270961094012262205e-01
9.274910233155413408e-01
9.167782199413648803e-01
9.114931311719728368e-01
9.174609518949551346e-01
9.184504520352751999e-01
9.163253510747018105e-01
9.182663016418481927e-01
9.194846761388063561e-01
9.224314578675486542e-01
9.255928965916899731e-01
9.182078555651923546e-01
9.115539589649716001e-01
9.135991033109279735e-01
9.153800806282871294e-01
9.171153451737905637e-01
9.215862310268720936e-01
9.197029437318590128e-01
9.176468290769848046e-01
9.124327952172152090e-01
9.096334373247356719e-01
9.177401196861452171e-01
9.220885588713725323e-01
9.235958059101351258e-01
9.200297921767153220e-01
9.216918439695626075e-01
9.211012553699654548e-01
9.187483700768858119e-01
9.109600199618836935e-01
9.093141698696415309e-01
