2.250000000000000056e-01
0.000000000000000000e+00
0.000000000000000000e+00
0.000000000000000000e+00
3.421296780188567421e-01
1.949572432780201647e-01
3.364093430123724637e-01
3.142046371827855178e-01
3.850774319582032645e-01
3.630996395047890735e-01
3.569572475451349702e-01
4.149587263981865393e-01
4.133336659164615901e-01
4.128124404417237714e-01
4.661629399656273542e-01
4.698410764153977404e-01
4.755772059800334461e-01
5.285193131277320377e-01
5.317082788197373677e-01
5.396258662594624056e-01
5.472668760717545045e-01
6.052190353787985089e-01
6.076849580654174465e-01
6.362908981301115263e-01
6.781217076086401008e-01
6.857706178427128707e-01
6.861808025996335436e-01
7.171300081234256441e-01
7.590681396499334710e-01
7.558708161720643082e-01
7.778306304180258035e-01
8.021244199213126702e-01
7.705484414360725953e-01
7.972585603424036105e-01
9.662506030106705612e-01
1.055912326571697202e+00
1.054543063935896585e+00
1.044587946478741758e+00
1.060839021121786852e+00
1.065132714710035788e+00
1.141607661067233881e+00
1.175770121781008370e+00
1.205389708292604833e+00
1.187078042867286465e+00
1.205214597399551169e+00
1.235476166912629292e+00
1.204539728761908179e+00
1.225490344224553940e+00
1.231883452319830985e+00
1.229618253678778306e+00
1.246028633508234673e+00
1.244552089562158681e+00
1.248588612178226143e+00
1.279834631966294323e+00
1.271030050546462231e+00
1.274588540383328805e+00
1.328290365795665728e+00
1.348811757353848950e+00
1.394006718735224526e+00
1.419399530558619338e+00
1.445187690313316065e+00
1.482169002021709536e+00
1.492609718611096037e+00
1.496554412839053994e+00
1.509356972184789480e+00
1.514046156457858450e+00
1.499202823503284376e+00
1.501709021694997759e+00
1.515573423441064715e+00
1.506239365345633185e+00
1.485433030563654055e+00
1.477127663854039152e+00
1.462641016873575284e+00
1.455780861153550099e+00
1.422999576272484301e+00
1.398220877432429177e+00
1.382359623986497033e+00
1.372186126229593572e+00
1.342056915315655852e+00
1.340088336104458433e+00
1.363935826277148600e+00
1.365036984518106733e+00
1.381921474914208581e+00
1.396854684853273687e+00
1.414048479901937494e+00
1.447365290260796744e+00
1.476818440788338238e+00
1.479766137497997791e+00
1.479208137962263470e+00
1.482563084180137158e+00
1.493279646968150631e+00
1.495438090576930223e+00
1.489569945848717492e+00
1.480162070446603195e+00
1.474731683027513895e+00
1.475192618310516846e+00
1.456527217676557351e+00
1.435876767483058147e+00
1.417391357897258120e+00
1.393826764116650407e+00
