2.250000000000000056e-01
0.000000000000000000e+00
0.000000000000000000e+00
0.000000000000000000e+00
0.000000000000000000e+00
0.000000000000000000e+00
1.827115060620803089e-01
1.555537257575937138e-01
1.548063834732412436e-01
2.479078990942560901e-01
2.226964481740755231e-01
2.039776200033872888e-01
2.871381483413704694e-01
4.239350116849797123e-01
4.925823715274046388e-01
4.997813470596915719e-01
4.894338165858936884e-01
4.860467108847944528e-01
5.996103551097407003e-01
6.320513550426508642e-01
6.763130575842930536e-01
7.022703307402651252e-01
7.315467824644193984e-01
7.220922081401114356e-01
7.222064898791269449e-01
7.186309683642215784e-01
7.140521430954537285e-01
6.995059243471029031e-01
7.136023491375669270e-01
7.463939000421105918e-01
7.394055734040344552e-01
7.422696479375481271e-01
7.434989069154351871e-01
7.708542939374442016e-01
7.831992675677587057e-01
7.989041943864815254e-01
7.889719971369907325e-01
7.883237250626421444e-01
7.724806892220902332e-01
7.663732998493490989e-01
7.733137065486412887e-01
7.658112796063969441e-01
7.457301221836636351e-01
7.299194469267156204e-01
7.231009152197355183e-01
7.146264094096381747e-01
7.206832553890881732e-01
7.152702072636154540e-01
7.144286628830562869e-01
7.117158552034549279e-01
7.061142730765322950e-01
7.086847362755536173e-01
7.124098156202500753e-01
7.066205752078309477e-01
7.068526092450755360e-01
7.058651135297631107e-01
7.181666268844629775e-01
7.308315975603597581e-01
7.336257037621531918e-01
7.383854703323939894e-01
7.396801142500467607e-01
7.358729566318233939e-01
7.348880568594410301e-01
7.409961182342166275e-01
7.477876190226183661e-01
7.489903352176062734e-01
7.542135363462002529e-01
7.540512339448433021e-01
7.547329929042344565e-01
7.491159965809097709e-01
7.410952720424727191e-01
7.351438568846306865e-01
7.345132222231822716e-01
7.392319209154820658e-01
7.477322255035467879e-01
7.492341218923562751e-01
7.475977226447096946e-01
7.430685583343271672e-01
7.391138529796731360e-01
7.361117090518889405e-01
7.335733496958026789e-01
7.302581424303945523e-01
7.331812608200684034e-01
7.372806444435069384e-01
7.460118832189950311e-01
7.514776363147787075e-01
7.502025272107735177e-01
7.463310076080289512e-01
7.371018635273091091e-01
7.388542010282803663e-01
7.479179568775372600e-01
7.548570364555448053e-01
7.501041134643178232e-01
7.400422759620706170e-01
7.375172144409016806e-01
7.333914302721611378e-01
7.342681481984728586e-01
7.410931788837996637e-01
7.416228222997525155e-01
7.396767938474687609e-01
