2.250000000000000056e-01
0.000000000000000000e+00
1.687389916738038786e-01
1.687742812958242522e-01
2.168001931174570462e-01
2.176004802855639741e-01
2.281916047503782519e-01
2.719743242556554308e-01
2.740394883523391001e-01
2.895445708409992158e-01
2.911459241830627875e-01
3.208014474820237716e-01
3.358258470242236338e-01
3.402330555075548935e-01
3.393819450808622795e-01
3.638724021686566279e-01
3.782795525749924614e-01
3.797208872279262959e-01
3.855919040478492654e-01
4.102535038877467288e-01
4.175790078506481651e-01
4.395960722014381483e-01
4.454920705206043552e-01
4.776901651439047769e-01
4.877096523027321662e-01
5.086998412558785265e-01
5.184665657417354412e-01
5.274010496299391670e-01
5.679985234644823189e-01
5.692244267043192751e-01
5.313707432822930565e-01
4.948674617560273603e-01
4.568664423376140316e-01
4.578627505004556619e-01
4.368019516495167398e-01
4.136138744440836512e-01
4.650138876685532829e-01
6.465504791442958643e-01
7.281171138338715654e-01
7.717746252836044096e-01
8.286304213541675345e-01
8.765778011212673748e-01
8.708891839941250712e-01
8.963325801786466984e-01
9.077069339454124641e-01
9.182226939465538695e-01
9.218914674076804650e-01
9.208862827006620844e-01
9.226967671461063780e-01
9.249625688467851825e-01
9.252147722844547006e-01
9.309955110553703728e-01
9.414612782168199079e-01
9.483962792135720576e-01
9.495812760113813145e-01
9.537524739595930612e-01
9.519798825564409483e-01
9.601527226054781261e-01
9.659473315750828348e-01
9.727880877212926602e-01
9.817969787835711948e-01
9.871087854732183420e-01
9.881253634504723049e-01
9.926569036159325066e-01
1.000774327523795026e+00
1.007394610464234619e+00
1.013925133822268787e+00
1.019400771548789386e+00
1.023368432493898306e+00
1.028894227330066746e+00
1.027538525787437873e+00
1.025931426573119198e+00
1.026449591436807696e+00
1.028012594641435573e+00
1.033025098920647089e+00
1.033471975646134133e+00
1.042082936926948866e+00
1.050797847727053647e+00
1.054744081232866337e+00
1.061199332974729348e+00
1.059022346473712295e+00
1.060526989556230815e+00
1.064548690709519851e+00
1.053277411844550926e+00
1.047492647831143930e+00
1.035320477339825018e+00
1.037279252664156326e+00
1.041944252920876224e+00
1.043703406594173488e+00
1.049951503633271388e+00
1.049317496089873236e+00
1.050377292395348272e+00
1.046919334710074923e+00
1.048067090472558194e+00
1.045914585879993419e+00
1.039328910557867358e+00
1.033545047499502045e+00
1.023934862777440058e+00
1.008398744157332994e+00
1.003612767427494168e+00
