2.250000000000000056e-01
0.000000000000000000e+00
0.000000000000000000e+00
4.766926922975897041e-01
6.983052057279749425e-01
7.097619566808072156e-01
5.278131527058158579e-01
5.387852083242009593e-01
5.416326076599603523e-01
5.793883937118315952e-01
5.869409049416430824e-01
6.124742597002460487e-01
6.389750193649799126e-01
6.853012068764664511e-01
6.982664613023218392e-01
7.067104358229551186e-01
7.142322088001407110e-01
7.207770485696990415e-01
7.263573366543804033e-01
7.310338498524265871e-01
7.348968755088631788e-01
7.380502421281514014e-01
7.405995325968044440e-01
7.426444389827573378e-01
7.442745309063253378e-01
7.455675031747329706e-01
7.465890396397255602e-01
7.473936154210788496e-01
7.480257599845330230e-01
7.485214734920669910e-01
7.489096154498853242e-01
7.492131710044565018e-01
7.494503549582417490e-01
7.496355458417068851e-01
7.497800597711279380e-01
7.498927819289703534e-01
7.499806761434785196e-01
7.500491926855373803e-01
7.501025925658930671e-01
5.080308188612892017e-01
4.654401908963629597e-01
5.532738001482885304e-01
6.279101936547172302e-01
6.906978606815152855e-01
6.052544770779431094e-01
6.066845323981961968e-01
6.076419658365975751e-01
6.216643813135769303e-01
6.201999543075502608e-01
6.057607286450065187e-01
6.050701813678144303e-01
6.122613159132265226e-01
6.137653534056026761e-01
6.082672617008263449e-01
6.032252825585564526e-01
5.982301137163836824e-01
6.071504972003627376e-01
6.195179722362484931e-01
6.394862355154989908e-01
6.531606723338531095e-01
6.601330097685491616e-01
6.756160872882847057e-01
6.913862925758613720e-01
6.975204174120915868e-01
6.949935870717796060e-01
6.942286761262947969e-01
6.928759062493083931e-01
6.867240069132641844e-01
6.854092767879047532e-01
6.883585317685202432e-01
6.907326584426287663e-01
6.786096044982836695e-01
6.742764715270467279e-01
6.885477728737325886e-01
6.646735438997297685e-01
6.628057992585697500e-01
6.448111943283327818e-01
6.366618797909112670e-01
6.424479388071884234e-01
6.464409632446852516e-01
6.536674121393153403e-01
6.575558565195287475e-01
6.309880557881353269e-01
6.462093439524050353e-01
6.395923396025000596e-01
6.434644562493518904e-01
6.626250970285915143e-01
6.610938814980911182e-01
6.426860148635193948e-01
6.338090156196967140e-01
6.327455222154823034e-01
6.368572637807091708e-01
6.442408107723054389e-01
6.403744931739606683e-01
6.249211688226397055e-01
6.236488447337057428e-01
6.339314381929580522e-01
6.400421571511225594e-01
6.482308072080766870e-01
6.519442482405598538e-01
