2.250000000000000056e-01
0.000000000000000000e+00
0.000000000000000000e+00
0.000000000000000000e+00
0.000000000000000000e+00
0.000000000000000000e+00
0.000000000000000000e+00
0.000000000000000000e+00
0.000000000000000000e+00
0.000000000000000000e+00
0.000000000000000000e+00
0.000000000000000000e+00
0.000000000000000000e+00
0.000000000000000000e+00
0.000000000000000000e+00
0.000000000000000000e+00
0.000000000000000000e+00
0.000000000000000000e+00
0.000000000000000000e+00
0.000000000000000000e+00
0.000000000000000000e+00
0.000000000000000000e+00
0.000000000000000000e+00
0.000000000000000000e+00
0.000000000000000000e+00
0.000000000000000000e+00
0.000000000000000000e+00
0.000000000000000000e+00
0.000000000000000000e+00
0.000000000000000000e+00
0.000000000000000000e+00
8.180209823628416255e-02
1.298658071345794307e-01
6.847127337551263127e-01
8.807575519787526064e-01
1.138198560380716984e+00
1.198952367980632427e+00
1.195251217201700245e+00
1.053961962067985425e+00
1.073563119136141442e+00
1.068822083787574595e+00
1.065302861439605397e+00
1.060635760351421597e+00
1.057683584085872930e+00
1.052960340068611611e+00
1.051394262941235613e+00
1.041344754602057554e+00
1.038532664995079235e+00
1.029598307444095084e+00
1.025922311472245996e+00
1.008042357284677282e+00
1.002086411900253715e+00
9.858546745511078679e-01
9.787528707726226296e-01
9.611354959451873237e-01
9.445670071081407881e-01
9.233004272007769853e-01
9.143337562681823627e-01
9.064683619548403737e-01
8.916421785933381639e-01
8.819024529551416913e-01
8.730155933155900883e-01
8.692670605048947730e-01
8.435273985757908433e-01
8.885024992814956057e-01
8.897954098540910017e-01
8.920250939409448687e-01
8.941962663746901852e-01
1.107725014825562404e+00
1.129722061062563121e+00
1.190945702988939869e+00
1.220291831391433268e+00
1.233031685991204496e+00
1.246315133664214425e+00
1.269267087302692998e+00
1.291722535592527921e+00
1.315695879206319585e+00
1.316950366904284353e+00
1.314225094072854594e+00
1.325210204507508926e+00
1.282336878977476502e+00
1.241507755840658644e+00
1.231774915688712779e+00
1.163730989578364072e+00
1.139992505893503205e+00
1.030553936566258599e+00
9.680232042455131358e-01
8.634901048197981543e-01
8.328422738489483779e-01
8.856865291337401302e-01
9.413448695242626618e-01
9.906271627882585751e-01
1.029707154169682948e+00
1.010823253196728944e+00
1.029722017127880695e+00
1.058176951105157526e+00
1.044434460169179513e+00
1.045868893302632552e+00
1.059877265730464480e+00
1.067311252183874570e+00
