2.250000000000000056e-01
0.000000000000000000e+00
0.000000000000000000e+00
0.000000000000000000e+00
0.000000000000000000e+00
3.917538234199938185e-01
3.325805471934298319e-01
6.884306373503330523e-01
6.981514621749923544e-01
7.073679003100117324e-01
6.775840582319165861e-01
6.968002394903118901e-01
6.992299519707834143e-01
7.011872852133383960e-01
7.027650418638363705e-01
7.040394555634945650e-01
7.050701972019363106e-01
6.693480284718478224e-01
6.588263558754503535e-01
5.847040786391862754e-01
6.780413119114785392e-01
6.906938817777610318e-01
6.949043692269475381e-01
6.991373921842550798e-01
7.032000062977137311e-01
7.063692679688835518e-01
7.941247312277780468e-01
7.841647404970352175e-01
7.247524609828671638e-01
6.495959438255012319e-01
6.771502990989105575e-01
6.254730355292352773e-01
6.425847225344618607e-01
6.694353120392088075e-01
6.119534780031382626e-01
5.847815044991154787e-01
5.695473890624953572e-01
5.595303931893003124e-01
5.877863975458820223e-01
5.622849959896533134e-01
5.622602248481120002e-01
5.535068292802263201e-01
5.540796186590902783e-01
5.391120491377124901e-01
5.238746144717262299e-01
5.734318908512054946e-01
5.776360068317795138e-01
5.380441339872793494e-01
5.345937370995089699e-01
5.508334751208323610e-01
5.481077438445941530e-01
5.498145717331767157e-01
5.798511207062974071e-01
5.574030570758650160e-01
5.674563451251838364e-01
5.832790086676431507e-01
5.785117875594697479e-01
5.895851640260002524e-01
5.999449957425144753e-01
5.982374006949364720e-01
5.978810672071096510e-01
6.123806662723344507e-01
6.238565857410228732e-01
6.405685650494018502e-01
6.678116422825003395e-01
6.696107617454245542e-01
6.743224836293381097e-01
6.692535399940441332e-01
6.794016114693443020e-01
7.009528620154705791e-01
7.146412230377364727e-01
7.392772983782283092e-01
7.504845604501935163e-01
7.547315244274453994e-01
7.667028998945691898e-01
7.646537599661835660e-01
7.524422716433861735e-01
7.523813590170895793e-01
7.440735954591983781e-01
7.414382544603691505e-01
7.480269098657728044e-01
7.560302927141381302e-01
7.700900699201165267e-01
7.928747495455553684e-01
8.087370339444774903e-01
8.060985431076563845e-01
8.278480460598411916e-01
8.351320675880988809e-01
8.378724219725323108e-01
8.449995259871841968e-01
8.436338212510777756e-01
8.351571062927124478e-01
8.308437868642820634e-01
8.266420072072037106e-01
8.324152979356670423e-01
8.358390778114658248e-01
8.258387194043064206e-01
8.201539141091603868e-01
8.073242938614159092e-01
8.046883267580021704e-01
