2.250000000000000056e-01
0.000000000000000000e+00
0.000000000000000000e+00
0.000000000000000000e+00
0.000000000000000000e+00
0.000000000000000000e+00
0.000000000000000000e+00
0.000000000000000000e+00
0.000000000000000000e+00
0.000000000000000000e+00
0.000000000000000000e+00
0.000000000000000000e+00
0.000000000000000000e+00
0.000000000000000000e+00
0.000000000000000000e+00
0.000000000000000000e+00
0.000000000000000000e+00
1.506428828938122910e+00
1.490348168843724563e+00
1.477103700071263459e+00
1.458570755869249558e+00
1.412421375675557034e+00
1.382203836820272036e+00
1.356484725185320261e+00
1.321794498259785788e+00
1.305625495465832842e+00
1.236959505485909272e+00
1.163024666775502425e+00
1.093855424450527192e+00
1.039538268892993944e+00
1.011828832941498613e+00
9.946382799688069376e-01
9.641755083291088102e-01
9.270920453296060959e-01
9.205750384971144173e-01
9.092738294441379265e-01
9.010139706783192315e-01
8.963851941478774288e-01
8.844046813746475610e-01
8.916690547649300802e-01
8.977273701338001066e-01
9.221479707645995338e-01
9.586041547854206035e-01
1.008416236559004586e+00
1.079379632803850519e+00
1.130922633904055452e+00
1.167743006570203024e+00
1.198114263783675471e+00
1.244040780562346127e+00
1.267874484398071377e+00
1.291114441889852138e+00
1.292283993235589623e+00
1.280355316248801723e+00
1.278186523400003383e+00
1.256290878711278314e+00
1.219942713949488500e+00
1.186622599922627197e+00
1.106566731906373224e+00
9.579269898441549191e-01
8.812675366444625569e-01
8.552719150327078301e-01
8.546795090752684620e-01
8.605663549288239400e-01
8.626514014562811639e-01
8.580979682360171390e-01
8.654190835401358584e-01
8.819318818082011457e-01
9.204835242772301251e-01
9.589389065367067699e-01
9.746523949392228436e-01
9.812071258560863818e-01
9.960692003667119820e-01
1.003946988857063127e+00
1.010751998218349934e+00
1.004794510198314450e+00
1.000435520537751088e+00
9.982144384544662241e-01
9.951472232834001064e-01
9.847611998679484113e-01
9.848281827808452737e-01
9.917606736000534884e-01
1.013328994279315554e+00
1.038324479753994556e+00
1.074973210645852495e+00
1.080147870936535304e+00
1.090505259364482393e+00
1.091472548425323374e+00
1.092995511121672481e+00
1.095126414882878985e+00
1.100806051940476316e+00
1.121371840234818729e+00
1.137146889865115362e+00
1.139230085934464842e+00
1.144973322941717830e+00
1.161791632560681853e+00
1.180058749200296742e+00
1.196342094752734564e+00
1.234092220633092429e+00
1.260255171028526355e+00
1.272958078271584581e+00
