2.250000000000000056e-01
0.000000000000000000e+00
7.940158718713815622e-01
6.745391864565671858e-01
6.358082723632019206e-01
7.191046855727211140e-01
8.467710599591398157e-01
9.859759079616701172e-01
1.260933524756248758e+00
1.441270061456897844e+00
1.528596327519496922e+00
1.590938183296203956e+00
1.631045694155533354e+00
1.646531409352679498e+00
1.657288559237503289e+00
1.676083674025837356e+00
1.675320906849998126e+00
1.645959240971104132e+00
1.634290740429894750e+00
1.633486639780389105e+00
1.606806843309474431e+00
1.597836907646910332e+00
1.566048042792623995e+00
1.562862136765167165e+00
1.562761706719963062e+00
1.551213217113803999e+00
1.532668693049525688e+00
1.542662068117295560e+00
1.548659473018084043e+00
1.542598394151342589e+00
1.540927532929668997e+00
1.557781070408908120e+00
1.564591322981051746e+00
1.568494576754863257e+00
1.576263690397696315e+00
1.590099299437863767e+00
1.604962767545889513e+00
1.615973315078110817e+00
1.618490462976257316e+00
1.617787198280280059e+00
1.618445372410115768e+00
1.622564191370490239e+00
1.616172753089300640e+00
1.609698965562755157e+00
1.593796247689239998e+00
1.588113317246624412e+00
1.581518768694338162e+00
1.572308141325196251e+00
1.563283658226053197e+00
1.547323519598857500e+00
1.543891792004732588e+00
1.536357944923349317e+00
1.538769931376254396e+00
1.542958933714192016e+00
1.551145584976919123e+00
1.556444484886653434e+00
1.555043017401911420e+00
1.552888457422455293e+00
1.553076140937041938e+00
1.548722518971340945e+00
1.559276145267210589e+00
1.566308720856288694e+00
1.570445823522852224e+00
1.565561207633881624e+00
1.568468225412832151e+00
1.581595371707869901e+00
1.596913492115239919e+00
1.591236979122039541e+00
1.584107678937250352e+00
1.580974775264010646e+00
1.572435027131688923e+00
1.575074137932623408e+00
1.577575386025865445e+00
1.579447215471855293e+00
1.589606475853789114e+00
1.588856719940506368e+00
1.593007452237476640e+00
1.596307861779149517e+00
1.591751906592121513e+00
1.582976254891823364e+00
1.581676116324144621e+00
1.581328895598879569e+00
1.578832964162131924e+00
1.573283036476188057e+00
1.567531019052862629e+00
1.568986411845917806e+00
1.563558569687889088e+00
1.563293686981013231e+00
1.566186783700911578e+00
1.559723031199602428e+00
1.550785593634938397e+00
1.555173512109955247e+00
1.551262010800556146e+00
1.554331837943699668e+00
1.548821396875106560e+00
1.541106139704611078e+00
1.533294309258810495e+00
1.538597183496422938e+00
1.546886055690978257e+00
1.544859500164747601e+00
