2.250000000000000056e-01
0.000000000000000000e+00
0.000000000000000000e+00
7.459920194316115027e-02
2.610250366113008313e-01
7.223023295405239796e-01
9.126393004997110925e-01
9.982501711668857469e-01
1.015199399577688677e+00
1.014207453503873868e+00
1.012712050626239924e+00
9.883425000293669660e-01
9.693900824494142698e-01
9.613103808457602595e-01
9.324241258153916911e-01
9.025955729555875662e-01
8.620862832875173520e-01
8.261003105424206128e-01
7.993603635598958146e-01
7.739103795127558749e-01
7.829934563500282607e-01
7.981525792611601222e-01
8.079431103903815803e-01
8.207128502692526695e-01
8.247289592185551577e-01
8.320422517060993561e-01
8.487167793569151408e-01
8.607473087175466775e-01
8.744767042714555183e-01
8.912152319049270188e-01
8.888547403358797450e-01
8.839713287685491139e-01
8.826300958161494847e-01
8.716800365389082428e-01
8.641974884171619298e-01
8.557883313726114549e-01
8.473653389316878615e-01
8.420672831872684228e-01
8.385303682633094002e-01
8.363431916648962350e-01
8.379425938077265101e-01
8.436054692840608826e-01
8.458466016146278799e-01
8.450653513736869904e-01
8.298038309784272482e-01
7.916762232302082536e-01
7.767662515018921576e-01
7.712302361006976303e-01
7.667596957804918567e-01
7.760655958870732452e-01
7.488948912382220602e-01
7.744728275187983124e-01
7.811323400036339626e-01
7.769341959451949720e-01
7.799674317362310649e-01
8.160288331679687035e-01
8.678042653820304819e-01
9.078278744218207796e-01
9.436516552001377178e-01
9.624647474705745331e-01
9.842331945851732211e-01
9.921499386313060720e-01
9.918399744068164825e-01
9.970129828422533702e-01
9.862267733379179724e-01
9.742102783388091325e-01
9.554854101065171079e-01
9.311760796569006349e-01
9.088347710792052947e-01
8.716798371824020508e-01
8.384834181612743631e-01
8.073782155057943610e-01
7.781355999456190942e-01
7.620355240640707128e-01
7.630358445228482278e-01
7.645494752415741280e-01
7.612592546852130493e-01
7.586664724799956350e-01
7.581821506115862253e-01
7.796548638599453129e-01
8.023692074547911224e-01
8.292563871223903593e-01
8.572528154783702892e-01
8.674413236554086026e-01
8.735799914007309486e-01
8.884837921974920727e-01
8.955842436736319856e-01
9.001329020866792874e-01
9.030153011239164806e-01
9.054696518458601462e-01
9.075158435679233637e-01
9.123056378047174064e-01
9.228388148142154801e-01
9.308262604069988955e-01
9.365630498614192501e-01
9.424948218900073282e-01
9.499493703467637440e-01
9.558839579332436553e-01
9.592441861278060422e-01
9.585890697489837242e-01
