2.250000000000000056e-01
0.000000000000000000e+00
0.000000000000000000e+00
9.302666428207062577e-02
1.103159107942747463e-01
1.769068639383908348e-01
1.997423887098921658e-01
2.388546973705422127e-01
2.537464196561343144e-01
3.095791286788045493e-01
3.549167106793095217e-01
3.983106130654215926e-01
4.086493138772943623e-01
4.359136762323087000e-01
4.451636332543633112e-01
4.908434766665281113e-01
5.199841926386649105e-01
7.651379852314842411e-01
8.458623474489106453e-01
8.578721233787661715e-01
9.773991179876323487e-01
9.925202199711040674e-01
9.785964137599127977e-01
9.606365731550842169e-01
9.446147739230438267e-01
9.281679808954346189e-01
9.279053636476335409e-01
9.009551153287920222e-01
8.975402491459220089e-01
8.768546290676244581e-01
8.787875903377997400e-01
8.630451034886487127e-01
8.697519478816094773e-01
8.869465225479079562e-01
9.179548954111694803e-01
9.336461902974854121e-01
9.398283787139816159e-01
9.415105956836645751e-01
9.588750735976306894e-01
9.548455486020520633e-01
9.822023804346214915e-01
9.731001660201523684e-01
9.770164960246866537e-01
9.628081702740929337e-01
9.883210887971364267e-01
1.041717986694483455e+00
1.046846028971853082e+00
1.035265891153279494e+00
1.020750484693574212e+00
1.005545925059481371e+00
1.013872963215367795e+00
1.015335987017811803e+00
1.045951149264596092e+00
1.047765150996295969e+00
1.043583919182140329e+00
1.055862879583496117e+00
1.049521002151061033e+00
1.033830641223177915e+00
1.019654153056828161e+00
9.967952607367798201e-01
9.862086511371180864e-01
9.838122917049879623e-01
9.950643034042010449e-01
1.009117295497754085e+00
1.020639093265389263e+00
1.019619696107902262e+00
1.016577923248913162e+00
1.014052679772574628e+00
1.007130627190157668e+00
1.010708457220314660e+00
1.002181550292547296e+00
9.969743266907201695e-01
9.993813012318963906e-01
1.002148015782839519e+00
9.955083402824497218e-01
1.017347142890731915e+00
1.033526950201064443e+00
1.039793296861333260e+00
1.032771699112373875e+00
1.040909368725753126e+00
1.047305811903196826e+00
1.056478883828930959e+00
1.060223187023595193e+00
1.062882011518691661e+00
1.062504465512416063e+00
1.060616279666338979e+00
1.065764599600429019e+00
1.056511559827513880e+00
1.057600532288330619e+00
1.049712532721334801e+00
1.055170216098773928e+00
1.065703203492612605e+00
1.054902755945193560e+00
1.057628125455682078e+00
1.053595610453900377e+00
1.049118636328096210e+00
1.046122329986670652e+00
1.042136460347894422e+00
1.029941515910007821e+00
1.037420296378441353e+00
