2.250000000000000056e-01
0.000000000000000000e+00
0.000000000000000000e+00
0.000000000000000000e+00
0.000000000000000000e+00
0.000000000000000000e+00
0.000000000000000000e+00
0.000000000000000000e+00
0.000000000000000000e+00
0.000000000000000000e+00
0.000000000000000000e+00
0.000000000000000000e+00
2.379363281669747643e+00
2.385655305769422085e+00
2.392515324537332955e+00
2.400180821235603279e+00
2.400625523578373333e+00
1.980377926892064933e+00
1.358862380490536648e+00
1.196843452584773537e+00
1.161686716628390625e+00
1.102510684432094434e+00
1.181593640293931546e+00
1.243578347576124399e+00
1.262898206228678877e+00
1.273501182457947856e+00
1.285969150845678532e+00
1.274370962621524939e+00
1.266421859919446113e+00
1.280051120754121197e+00
1.281282834463701947e+00
1.321714062965635428e+00
1.314696102578464032e+00
1.330501995830087880e+00
1.249856759862970179e+00
1.273881247353760626e+00
1.228495262136395594e+00
1.272586807169133305e+00
1.225403190251074026e+00
1.142638441348571732e+00
1.111960280358351927e+00
1.273073784653746321e+00
1.412272985097053013e+00
1.539781692261117829e+00
1.548087574622499574e+00
1.570855208623983978e+00
1.596501723810735962e+00
1.658507261490425266e+00
1.700939863657740858e+00
1.719568994388497973e+00
1.719130641729467834e+00
1.683172497740288875e+00
1.644259714277306550e+00
1.633532819594507357e+00
1.601729953963900277e+00
1.573376517604886171e+00
1.559403451472173296e+00
1.568536981688209764e+00
1.585596097434172735e+00
1.593442260639695407e+00
1.594107740631969694e+00
1.592850338235174856e+00
1.601486410977176256e+00
1.590377236851729048e+00
1.603682182834756276e+00
1.620687451207187602e+00
1.593775182247834987e+00
1.588293886370306662e+00
1.555548503844696340e+00
1.570143276143121103e+00
1.580623722540396070e+00
1.581765901185871348e+00
1.555972168974369962e+00
1.540009205495945999e+00
1.525740857751254120e+00
1.519390291647692459e+00
1.526773974296952163e+00
1.532570862863898764e+00
1.557470835677879251e+00
1.576435259758248941e+00
1.565100683669714554e+00
1.572479442591346421e+00
1.572905950803089148e+00
1.586328846391610758e+00
1.587058946438977936e+00
1.597087745610541010e+00
1.568532589561375090e+00
1.544835035588959071e+00
1.565028738430403132e+00
1.575381558988749209e+00
1.622656195530163714e+00
1.630146961788969673e+00
1.633534730866689211e+00
1.642853362918166527e+00
1.641568039056721551e+00
1.629649529208287984e+00
1.599702565169149659e+00
1.566792702686814476e+00
1.540210307491061803e+00
1.525731505804303278e+00
