2.250000000000000056e-01
9.136718627088767641e-02
9.350386386303422004e-02
9.350685598166358359e-02
1.259874824943244265e-01
1.600201182142483858e-01
1.365074024923772222e-01
1.564747933867838836e-01
1.601348582490386696e-01
1.901731254854359121e-01
2.056181433436587158e-01
2.168923308939866568e-01
2.081278744964805971e-01
2.165973235653365081e-01
2.331108712223742829e-01
2.323355263903952583e-01
2.465955507686996007e-01
2.533972092912636365e-01
2.753093692643351909e-01
2.776132597670015190e-01
2.893061508311853269e-01
3.113777465993782245e-01
3.281149193694389288e-01
3.467234427222101179e-01
3.523046323786931389e-01
3.544835623207057140e-01
3.692412254350861400e-01
3.760462373448587026e-01
3.946799003978130327e-01
3.828731132030198658e-01
3.955439498192737102e-01
4.002602736502584024e-01
3.993424366486158505e-01
4.195234952499269365e-01
3.940824630193103251e-01
4.122809450388917885e-01
4.150824986771590730e-01
3.982236721154135406e-01
3.941274250041336691e-01
3.974560133321774491e-01
4.231599507762410228e-01
4.154985167973027638e-01
4.056810673296640246e-01
4.131000732684354526e-01
4.403605245613668173e-01
4.414124518419161314e-01
4.388542011885197547e-01
4.515044043647475913e-01
4.630816608720351724e-01
4.614874795174391808e-01
4.999906482144418352e-01
5.222346400801903821e-01
5.539567525061137587e-01
5.817299159957727284e-01
7.649858223071194230e-01
8.274550052359267438e-01
8.512048126148139549e-01
8.473890899165928969e-01
9.326857987662576788e-01
9.161065660191184401e-01
9.186689985899383348e-01
8.975500032071939138e-01
8.814404497400283311e-01
8.778438058574757896e-01
8.648035589797838929e-01
8.493191134355496663e-01
8.541877060588342063e-01
8.538756053478194774e-01
9.165716983567390175e-01
1.110318820557047781e+00
1.098657276201278510e+00
1.067508118725256416e+00
1.050128857680539429e+00
1.019553973816795578e+00
1.040649344324585224e+00
1.000911903710591133e+00
1.030830529404102691e+00
1.082473187044605156e+00
1.097027522802386024e+00
1.079672520330266838e+00
1.071595149073452324e+00
1.068120400309896301e+00
1.052322860679610894e+00
1.065708703654539624e+00
1.184582279650702175e+00
1.184884513804282502e+00
1.242940871026158689e+00
1.253682288426619884e+00
1.314002091452506127e+00
1.301408919761616101e+00
1.282737520684624322e+00
1.267760722407790697e+00
1.254269348750744806e+00
1.277469292710196935e+00
1.279327906647830915e+00
1.290266261648363111e+00
1.301900778882453036e+00
1.330587548068198567e+00
1.324809511693920694e+00
1.356779129996553257e+00
