2.250000000000000056e-01
0.000000000000000000e+00
0.000000000000000000e+00
0.000000000000000000e+00
0.000000000000000000e+00
1.578707199485732959e-01
1.478368898007822729e-01
1.581687763918964429e-01
1.477427181513578658e-01
1.634334055153359999e-01
1.673116877906543620e-01
1.783115422809552486e-01
1.802009739026442237e-01
2.026035576406181593e-01
2.090653878673806865e-01
2.152371075498062669e-01
2.322349666063563411e-01
2.349046211654123584e-01
2.606980642286629846e-01
2.697373332091756448e-01
2.728052649428661658e-01
2.846680947642358239e-01
2.904751867281101241e-01
3.173064864528388207e-01
3.101483256366872610e-01
2.821295572092485937e-01
2.851783470726340086e-01
2.875177405325592406e-01
2.965920712091629774e-01
3.176354120795263358e-01
3.097589583026744697e-01
2.976271853948089796e-01
3.169640796399287308e-01
3.196131819596193524e-01
3.352375563190538310e-01
3.385745806363028021e-01
3.415483611823348920e-01
3.491202704396823564e-01
3.678236994167263796e-01
3.715107927419517009e-01
3.887104860269893769e-01
3.882599696951058443e-01
3.912032696997706505e-01
3.892832679978622812e-01
4.005768867402453304e-01
4.314743984079908445e-01
4.352711780149279841e-01
4.395117861688144223e-01
4.393563277126578681e-01
4.582141203339238911e-01
4.745401265404631808e-01
4.694929158635107735e-01
4.839578848264429745e-01
5.109636291858298263e-01
5.401400407194051345e-01
5.924057257018496836e-01
6.295081159097050127e-01
6.518176281191288002e-01
6.789627355905458739e-01
7.047270362823352396e-01
7.287908085208505415e-01
7.537963715260462827e-01
7.629658569191943851e-01
7.750705440919674061e-01
7.849614005366319924e-01
8.218043344277853324e-01
8.399618608690966326e-01
8.429350303888150098e-01
8.464569516626443413e-01
8.559223706654902619e-01
8.455787179362768136e-01
8.361188546896937135e-01
8.211944918392981574e-01
8.126531223882398347e-01
8.056487070567633912e-01
8.200566763676391258e-01
8.195868911239528876e-01
8.213090603540956769e-01
8.097779599452293864e-01
8.137536083202943082e-01
8.206137391741171738e-01
8.151015087899002864e-01
8.185303487659456589e-01
8.207602325199465643e-01
8.274827235213410015e-01
8.260532228761241491e-01
8.294603122756081248e-01
8.182174991575517087e-01
8.039106450847314234e-01
8.119330519602162566e-01
8.070356028905789625e-01
7.958298820185739642e-01
7.933297298663124497e-01
7.886014198601214442e-01
7.943905826213775168e-01
7.853860802631887905e-01
7.770617063075812014e-01
7.882150790522574058e-01
7.883631837552462773e-01
7.886625268588642879e-01
