2.250000000000000056e-01
0.000000000000000000e+00
0.000000000000000000e+00
0.000000000000000000e+00
0.000000000000000000e+00
0.000000000000000000e+00
1.000164011613253967e+00
4.004903738480105613e-01
4.861252293550451520e-01
4.649610936259348515e-01
5.169827419794191803e-01
5.958547683332067191e-01
6.849983597146320768e-01
7.420033634122648047e-01
6.905003186794187453e-01
7.431400619065221536e-01
7.788346245360466824e-01
7.925419499695247616e-01
8.115338437137110672e-01
8.529589700072381930e-01
8.498169036649139141e-01
8.521809902593682207e-01
8.438816640319573015e-01
8.352949794882488233e-01
8.274032589305130303e-01
8.348826886851991036e-01
8.314048754738293523e-01
8.187750484662157380e-01
8.066964176214121984e-01
8.065438498195806050e-01
8.066211162936779422e-01
8.070565988170735894e-01
8.007315343517091843e-01
8.082790377181513497e-01
8.239486226962188242e-01
8.155877084469752569e-01
8.064610570986961990e-01
8.018763803848414362e-01
8.126102749580104145e-01
8.227387433807311634e-01
8.215633933182410198e-01
8.219068345115404517e-01
8.306083277912306162e-01
8.316546729435276841e-01
8.350259038312302096e-01
8.435886983393507954e-01
8.526389631969727434e-01
8.486090621339205109e-01
8.483418937595400555e-01
8.468218909139234585e-01
8.439340063343573339e-01
8.447957024275997151e-01
8.446887362892562257e-01
8.405326016263421351e-01
8.344655281482499243e-01
8.390141282351459839e-01
8.346349921141242856e-01
8.381935632792419932e-01
8.390186557820397129e-01
8.335473143208665947e-01
8.331326024078122838e-01
8.307002741709341720e-01
8.272333565334383243e-01
8.338913977261428467e-01
8.393670814201039665e-01
8.414090763257797700e-01
8.361090287381296449e-01
8.384524684139861295e-01
8.412160402485945321e-01
8.476937412150786777e-01
8.482162194170324021e-01
8.483361470740685695e-01
8.466700376533791150e-01
8.388907518155384047e-01
8.367781198850020585e-01
8.342302300783875912e-01
8.325608090408930240e-01
8.334442450310595163e-01
8.348193651950028826e-01
8.367814410396245961e-01
8.374790252860087048e-01
8.420468021839151440e-01
8.492547916015655840e-01
8.457689017751294225e-01
8.494237977413254814e-01
8.494990422683234010e-01
8.459217579639587425e-01
8.423273159369250029e-01
8.442714190640405736e-01
8.476008482996969517e-01
8.466509820894568827e-01
8.488707881195640681e-01
8.459871869829866942e-01
8.437044763317841367e-01
8.488469958917727043e-01
8.490211800681517484e-01
8.441437841705480283e-01
8.439332244197231825e-01
8.420057396460567389e-01
8.385972458394843621e-01
