2.250000000000000056e-01
0.000000000000000000e+00
0.000000000000000000e+00
0.000000000000000000e+00
0.000000000000000000e+00
0.000000000000000000e+00
0.000000000000000000e+00
0.000000000000000000e+00
0.000000000000000000e+00
0.000000000000000000e+00
0.000000000000000000e+00
0.000000000000000000e+00
0.000000000000000000e+00
0.000000000000000000e+00
0.000000000000000000e+00
1.329339045385233176e+00
1.325069664007735959e+00
1.343122336434124042e+00
1.328712475754132427e+00
1.110828240103195919e+00
1.084764808022472105e+00
9.958108231958286982e-01
1.006950404685542866e+00
9.011955475111074199e-01
8.442154157992644015e-01
8.215806140023470538e-01
7.783743926720517736e-01
6.985026900074479128e-01
6.060016004247079646e-01
6.059639660589559718e-01
6.390681316533091127e-01
7.485261073958907607e-01
7.811805907780230429e-01
7.863984847952780743e-01
7.959566063833116711e-01
8.001957820199865346e-01
8.155600533690625653e-01
8.096321310417101680e-01
8.261606289494418665e-01
8.296331799896343728e-01
8.188615674117787346e-01
8.337591601763763016e-01
8.427417027920780512e-01
8.293929583225405633e-01
8.397418085531052068e-01
8.583733848241936748e-01
8.539803684449828181e-01
8.684656280504916559e-01
8.802557161860687929e-01
8.980425291745186556e-01
9.227508850014047859e-01
9.242015892897751383e-01
9.506305638739760422e-01
9.420908421175749892e-01
9.431088736931088068e-01
9.286059957704305701e-01
9.287587703649502480e-01
9.258508434194158143e-01
9.027264427276611158e-01
8.838791422135297005e-01
8.399741303770056344e-01
8.427101762997301071e-01
8.374192117607127672e-01
8.380752879999154858e-01
8.499564958086306410e-01
8.695450351678689627e-01
8.662684201606356549e-01
8.665947053398163069e-01
8.579206605901196214e-01
8.539051621408617621e-01
8.584315546531584573e-01
8.529885227961473415e-01
8.456022288438128642e-01
8.546885022169710133e-01
8.540458912626249788e-01
8.662631859842335746e-01
8.683985980257625803e-01
8.834637046390284576e-01
9.009198640064058905e-01
9.222932015299697417e-01
9.324856806895087669e-01
9.261988416408518665e-01
9.243071473555461992e-01
9.213805099424851042e-01
9.132586069580638233e-01
9.022583127075853859e-01
9.006179291525597819e-01
8.996279925232756325e-01
8.973601698044483266e-01
8.997632804053814493e-01
9.070726521124137243e-01
9.172109200022996456e-01
9.207543827066229092e-01
9.321812379345292277e-01
9.357881912894514542e-01
9.333216883839126066e-01
9.272111024160335502e-01
9.412566056209402676e-01
9.441400525979334324e-01
9.508950364196047111e-01
