2.250000000000000056e-01
0.000000000000000000e+00
0.000000000000000000e+00
0.000000000000000000e+00
0.000000000000000000e+00
0.000000000000000000e+00
0.000000000000000000e+00
0.000000000000000000e+00
0.000000000000000000e+00
0.000000000000000000e+00
0.000000000000000000e+00
0.000000000000000000e+00
0.000000000000000000e+00
0.000000000000000000e+00
0.000000000000000000e+00
0.000000000000000000e+00
0.000000000000000000e+00
0.000000000000000000e+00
0.000000000000000000e+00
0.000000000000000000e+00
0.000000000000000000e+00
0.000000000000000000e+00
0.000000000000000000e+00
0.000000000000000000e+00
0.000000000000000000e+00
0.000000000000000000e+00
0.000000000000000000e+00
0.000000000000000000e+00
9.751688862089771259e-01
8.148375959788429768e-01
7.954337981610903885e-01
8.095884746008850108e-01
7.683080707996507996e-01
7.536664313348231392e-01
8.110124759614379952e-01
8.098318594659025260e-01
8.068075448561642382e-01
8.047041047269285485e-01
8.380638554623798253e-01
8.539707041897509621e-01
8.503998360944853285e-01
8.524301177405315677e-01
8.551397345983423603e-01
8.698888520625344123e-01
8.801888456344288958e-01
8.894530847288535380e-01
9.140199830262808467e-01
9.479151742418380211e-01
9.635890457977481782e-01
1.008106523115256614e+00
9.923702722557206091e-01
9.890075148049695120e-01
9.901799447941151966e-01
1.012702280523758880e+00
1.022459898180464011e+00
1.011516370440484369e+00
1.014132577237186084e+00
1.014949418329592401e+00
1.016851798505109761e+00
1.029999712441311166e+00
1.043196156404347263e+00
1.048121607874357375e+00
1.037456015941988108e+00
1.049362721055622671e+00
1.064528890113735526e+00
1.061502187192654434e+00
1.054553642189210549e+00
1.055458297832013947e+00
1.057857671170383984e+00
1.060258780132957934e+00
1.052795596766814779e+00
1.064463304660250076e+00
1.074942185737976175e+00
1.078533868473840807e+00
1.076559610808836887e+00
1.074508969723224849e+00
1.082825047553507058e+00
1.095146053481920623e+00
1.093169441031719202e+00
1.089324114071230198e+00
1.098913512305847773e+00
1.101937709794709397e+00
1.101575184049424561e+00
1.093757975475672550e+00
1.094980846251258022e+00
1.101499023372877639e+00
1.087754314183841275e+00
1.084644358590056035e+00
1.075611568838223731e+00
1.067881443518291062e+00
1.061903787926484100e+00
1.059063870974504384e+00
1.053058643696217711e+00
1.043481926250714675e+00
1.032806007538512816e+00
1.028822384439571858e+00
1.033854286334220385e+00
1.029484360571921941e+00
1.024713869400825317e+00
1.012539338076581918e+00
