2.250000000000000056e-01
0.000000000000000000e+00
0.000000000000000000e+00
0.000000000000000000e+00
0.000000000000000000e+00
0.000000000000000000e+00
0.000000000000000000e+00
0.000000000000000000e+00
0.000000000000000000e+00
0.000000000000000000e+00
0.000000000000000000e+00
0.000000000000000000e+00
0.000000000000000000e+00
0.000000000000000000e+00
0.000000000000000000e+00
0.000000000000000000e+00
0.000000000000000000e+00
0.000000000000000000e+00
0.000000000000000000e+00
0.000000000000000000e+00
0.000000000000000000e+00
0.000000000000000000e+00
0.000000000000000000e+00
0.000000000000000000e+00
0.000000000000000000e+00
0.000000000000000000e+00
0.000000000000000000e+00
0.000000000000000000e+00
0.000000000000000000e+00
0.000000000000000000e+00
0.000000000000000000e+00
0.000000000000000000e+00
0.000000000000000000e+00
0.000000000000000000e+00
0.000000000000000000e+00
0.000000000000000000e+00
0.000000000000000000e+00
0.000000000000000000e+00
0.000000000000000000e+00
0.000000000000000000e+00
0.000000000000000000e+00
0.000000000000000000e+00
0.000000000000000000e+00
0.000000000000000000e+00
0.000000000000000000e+00
0.000000000000000000e+00
0.000000000000000000e+00
0.000000000000000000e+00
0.000000000000000000e+00
0.000000000000000000e+00
0.000000000000000000e+00
0.000000000000000000e+00
9.740706034607828079e-02
2.038378625411219613e-01
3.138434618293554634e-01
4.868860330679188331e-01
4.704369069366970413e-01
4.710873616600728675e-01
4.272020671571187256e-01
4.492263917046641630e-01
4.464898326329463374e-01
4.727720128633953189e-01
5.695580134531752492e-01
6.109789971690169352e-01
6.211502030230182658e-01
6.110485961982949910e-01
6.139525063025880192e-01
6.330142945740447891e-01
6.567382202920148959e-01
6.896534779149742223e-01
7.198268685681815660e-01
7.325045666323760640e-01
7.343366250961871344e-01
7.329896664573652965e-01
7.211139473749368367e-01
7.138524054526937945e-01
7.109065435648693754e-01
7.047375356573895022e-01
6.930545432033691222e-01
6.966556731233186639e-01
6.994666203958899153e-01
6.935622533955128066e-01
6.651757469036380099e-01
6.435820825651262789e-01
6.311322989570673503e-01
6.108595038667337107e-01
5.895980188878741091e-01
5.684067534361277874e-01
5.607462440120324354e-01
5.518670469128788003e-01
5.469612835549128027e-01
5.327468259974638132e-01
5.264492351387005664e-01
5.303135288766431810e-01
5.289326145021664427e-01
5.209627901221363100e-01
5.256262157816530278e-01
5.284675873984919781e-01
5.502418518445617579e-01
5.744155183449595192e-01
