2.250000000000000056e-01
0.000000000000000000e+00
0.000000000000000000e+00
1.495129572048950584e+00
1.558248816223567701e+00
1.591377874943872728e+00
1.537738976856123818e+00
1.631321029609675177e+00
1.669781846300412376e+00
1.636743678768135757e+00
1.573990076072128375e+00
1.552204992854230747e+00
1.517277706674663884e+00
1.498026117176550098e+00
1.455291819130417830e+00
1.431558008419377526e+00
1.398025764272186056e+00
1.345695575521228537e+00
1.327362853878184312e+00
1.302131012620044270e+00
1.269363944064225924e+00
1.268045059342985059e+00
1.238367927849092887e+00
1.226919929192248127e+00
1.221460533525877024e+00
1.237431044721637230e+00
1.255920551133236529e+00
1.276592460539016205e+00
1.300034731079218853e+00
1.332671952830799977e+00
1.355633723378324884e+00
1.368492566919281561e+00
1.355873041444410010e+00
1.348964510640001446e+00
1.341712858258155450e+00
1.323238100758592495e+00
1.303614500410567034e+00
1.296499926751840004e+00
1.289017800063896102e+00
1.272634306526112313e+00
1.267231405295042856e+00
1.254746266786292752e+00
1.243558981432696164e+00
1.240734751845822714e+00
1.235767066050528662e+00
1.240706065987839946e+00
1.224906879307039231e+00
1.219105370007460554e+00
1.217761537124739224e+00
1.229686185978744017e+00
1.232610353454540064e+00
1.231117626563270839e+00
1.245858316654439690e+00
1.259436202267378624e+00
1.267088899690852477e+00
1.263405249773862371e+00
1.256415215578956079e+00
1.243140371115813991e+00
1.233012384009841256e+00
1.233098066491701728e+00
1.232356998074857435e+00
1.229682762257429562e+00
1.218653450059891119e+00
1.212929638359728557e+00
1.206086727857422991e+00
1.199181421248894930e+00
1.191291379313179188e+00
1.182998025779286255e+00
1.187338341773705119e+00
1.177829402176459483e+00
1.167964035106410448e+00
1.170914217835565152e+00
1.166417240223574403e+00
1.158767797435074520e+00
1.152407272328347609e+00
1.151540984445368343e+00
1.153845867653201740e+00
1.159490771753200145e+00
1.159678789534416943e+00
1.155903028839868396e+00
1.150898356143647883e+00
1.147280936783419580e+00
1.137415502714294924e+00
1.132151827423422574e+00
1.143502348743871355e+00
1.145705679255878184e+00
1.155237890356154207e+00
1.165461647392189493e+00
1.157901095131951497e+00
1.178842063981798916e+00
1.199722576614452585e+00
1.211916128106017787e+00
1.212659812300725726e+00
1.202864017243462591e+00
1.160260971961968535e+00
1.169518849979246600e+00
1.169105769870301570e+00
1.171241897626930761e+00
1.177176737079753677e+00
1.184016773055131200e+00
