2.250000000000000056e-01
0.000000000000000000e+00
0.000000000000000000e+00
2.474636576192861259e-01
2.477462713908922531e-01
2.480155147315325492e-01
2.707904433466667982e-01
2.629147103441787370e-01
3.024353118625913717e-01
2.830437598827279522e-01
2.809058501481770942e-01
2.800710793409543764e-01
3.227784892336957312e-01
3.130604497015322951e-01
3.315761109318556277e-01
3.531725156422488299e-01
3.604608146584446504e-01
3.846105351108225490e-01
3.878720356691154891e-01
4.166800151912598005e-01
4.214326407576488021e-01
4.376589188158548915e-01
4.406728078683833094e-01
4.802462539641825234e-01
4.404767835863449554e-01
4.108111228974618001e-01
4.086181706783399981e-01
4.068667539207103667e-01
5.973904169815170695e-01
6.216323760630293460e-01
6.157661799983045192e-01
6.004287853967187338e-01
5.776657017118015380e-01
5.661858969175228573e-01
6.553412232759593392e-01
6.861609214233352905e-01
6.815951192841270823e-01
7.056729613629187936e-01
7.283563129045235174e-01
7.382463308750430997e-01
7.457468552359775016e-01
7.499879893513372586e-01
7.569918855860939821e-01
7.628007154189802019e-01
7.757000665284946583e-01
7.832218523019729428e-01
8.087111908782039782e-01
8.126916031088939896e-01
8.068394758082730878e-01
8.171168128660398766e-01
8.165155346257800817e-01
8.130907399196580787e-01
8.054953416615617812e-01
8.275052926009851539e-01
8.314443377558229376e-01
8.374278080182254724e-01
8.322856509864013930e-01
8.448823164652428108e-01
8.525144153194805785e-01
8.610521876481218584e-01
8.599241625130051858e-01
8.584588845038355620e-01
8.725301280809174553e-01
8.847237413121114002e-01
8.987811480647285300e-01
9.068881432835299572e-01
9.564671592830361613e-01
9.614084791410346664e-01
9.663890271099411233e-01
9.773829451614133301e-01
9.671985518860408693e-01
9.583045432128565189e-01
9.460135977540522489e-01
9.397705348348175391e-01
9.285868007739837005e-01
9.099464005123953925e-01
8.979321566671778498e-01
8.813597131864562284e-01
8.818967256194091275e-01
8.796479298625969889e-01
8.812200509492285061e-01
8.922060698267760825e-01
8.917508496319698219e-01
9.036806535247903227e-01
9.171355314457440011e-01
9.214722061296761746e-01
9.253875729605938183e-01
9.346173604394321099e-01
9.478083354571469332e-01
9.438212801280451147e-01
9.398239442178033531e-01
9.511318128332484356e-01
9.470729007544779199e-01
9.385188686528598279e-01
9.204956076090788919e-01
9.072620842556043952e-01
8.911918698837807407e-01
8.830735506963711678e-01
8.777973473874339794e-01
8.656666519653831715e-01
