2.250000000000000056e-01
0.000000000000000000e+00
0.000000000000000000e+00
0.000000000000000000e+00
0.000000000000000000e+00
2.023649473433325741e-01
5.896874385217515391e-01
6.866910725692988438e-01
8.260476472114099966e-01
9.701730707212021798e-01
8.965810865433050392e-01
1.014315556804777918e+00
1.069692314961286916e+00
1.099238661177150966e+00
1.133008642047931058e+00
1.258227234833279695e+00
1.276184932359777591e+00
1.315223767316062498e+00
1.332208383934760487e+00
1.337198872320610521e+00
1.342037138379606365e+00
1.327512269385214827e+00
1.307312204446483328e+00
1.289645846702540233e+00
1.271549766812777760e+00
1.246034443151903703e+00
1.228932598889448613e+00
1.202994678095089309e+00
1.191743316042122025e+00
1.176715886906514186e+00
1.162462045486865714e+00
1.144008454997964108e+00
1.145036592134927700e+00
1.139765994321393583e+00
1.130406134085691017e+00
1.133383431541368225e+00
1.126070414452259527e+00
1.129835316173254611e+00
1.133450513474325572e+00
1.194743177460465100e+00
1.263349230769831966e+00
1.276059397903476667e+00
1.272492263162600556e+00
1.273579371569629082e+00
1.276549152678675636e+00
1.274365110241132637e+00
1.284145694267382121e+00
1.293613953040418929e+00
1.294829396099233421e+00
1.294350568436495763e+00
1.296199564807017701e+00
1.301819862753978985e+00
1.293571731326256691e+00
1.290539714197741272e+00
1.266299679574671488e+00
1.252524189172329105e+00
1.231159865808151954e+00
1.211338418521635374e+00
1.191616451057888160e+00
1.169079381022759767e+00
1.151629698211067865e+00
1.137721492580759719e+00
1.128375493636443849e+00
1.129160313542820981e+00
1.140530269454209211e+00
1.155017324277848312e+00
1.179985119891951095e+00
1.213415731541291454e+00
1.225491207891697742e+00
1.239064656799078401e+00
1.235215199961304355e+00
1.228229380604158649e+00
1.252491512784999150e+00
1.257702972943335551e+00
1.258109476220128808e+00
1.260886807756751216e+00
1.255011114795002491e+00
1.244875677356407140e+00
1.249196560750176710e+00
1.247027738733013758e+00
1.247050659941281614e+00
1.240223141537055929e+00
1.239449902734268916e+00
1.230740131120956038e+00
1.224339403748365251e+00
1.222231507452978594e+00
1.198578152253247708e+00
1.189628436423735280e+00
1.179789671413686625e+00
1.177235895750593508e+00
1.181470859364671888e+00
1.171958257233212564e+00
1.188420621629658225e+00
1.191083566486267120e+00
1.194146755552795591e+00
1.188545117590053657e+00
1.185357191711399194e+00
1.192273910991322072e+00
1.200767766407974557e+00
1.198773642629594072e+00
