2.250000000000000056e-01
0.000000000000000000e+00
0.000000000000000000e+00
1.072590323952195279e-01
1.512457860181992964e-01
1.686617465327673593e-01
4.642311968883504614e-01
5.820989262483884374e-01
5.427576769586744954e-01
6.059839900732577611e-01
6.699311873361334380e-01
6.765473087511362227e-01
7.487222896681098305e-01
7.762072632719919651e-01
9.897464703967897570e-01
1.020922669850974573e+00
1.024444990947273482e+00
1.030767813152999812e+00
1.096962347726583298e+00
1.124327069995377792e+00
1.107395072106788003e+00
1.049909335567295710e+00
1.004327497547270243e+00
9.828512727738799581e-01
9.304586177886108311e-01
9.015396096994862107e-01
8.954195779040762249e-01
8.593641186793322673e-01
8.133007606352575802e-01
8.062304350323646895e-01
8.215655901304647069e-01
8.659705305906880701e-01
9.217648788216421529e-01
9.395394388754292336e-01
9.563762384011746942e-01
9.714282481242644263e-01
1.036837672414430367e+00
1.069804336657636190e+00
1.113067935590287050e+00
1.113162241683791631e+00
1.117889324615479296e+00
1.096580098494780886e+00
1.088986595152636294e+00
1.094931151926399782e+00
1.074163958885697268e+00
1.050595490804925758e+00
1.027613899645544615e+00
1.018846205863820575e+00
1.026423442877554271e+00
1.072968950307326752e+00
1.082650920151965845e+00
1.087335736965213018e+00
1.079877231366350498e+00
1.082442981460684850e+00
1.078351030378339237e+00
1.081997018404637911e+00
1.075712364177328295e+00
1.063131149406920217e+00
1.064048350340095261e+00
1.057563013397858853e+00
1.051418344978013453e+00
1.040655810984180363e+00
1.063025678579152089e+00
1.087567593386488785e+00
1.090489530212781943e+00
1.094727853835119502e+00
1.091636787174443457e+00
1.105610472387152932e+00
1.103743045794345790e+00
1.111980141508114528e+00
1.116373060645154069e+00
1.114848843612768148e+00
1.105363980275573033e+00
1.104116752925211387e+00
1.119261907232970144e+00
1.116967075889473859e+00
1.117466360537045178e+00
1.121215726915265165e+00
1.127258800325221522e+00
1.142504108988829703e+00
1.149312088230367346e+00
1.143735558630885718e+00
1.138882191687644152e+00
1.144114124560441370e+00
1.133355889875833356e+00
1.136971941500162009e+00
1.127474086760221317e+00
1.122654413370907989e+00
1.117205403018643350e+00
1.114179244435656413e+00
1.115025820846522908e+00
1.128295936698052282e+00
1.137135394726981996e+00
1.134678631772462420e+00
1.140193234025411284e+00
1.132687199694966562e+00
1.122770150783080512e+00
1.109223666220172433e+00
1.095247178190853266e+00
1.084348105704825649e+00
