2.250000000000000056e-01
0.000000000000000000e+00
0.000000000000000000e+00
0.000000000000000000e+00
0.000000000000000000e+00
0.000000000000000000e+00
0.000000000000000000e+00
0.000000000000000000e+00
1.484666493985014324e-01
1.606335544419322248e-01
1.606597111786475518e-01
1.916630328206353762e-01
2.029459919085306041e-01
2.304614385211423699e-01
2.431343760646498264e-01
2.725373263158806791e-01
3.154587309041132492e-01
3.422161454118660684e-01
3.644048997584360960e-01
3.936000258688245879e-01
4.231474507074355906e-01
4.243209707524282503e-01
4.299954473178897452e-01
4.176544853883325525e-01
3.978088075112686250e-01
6.110424132769834982e-01
6.024109265899751930e-01
6.310546304104931448e-01
6.236203264538895397e-01
6.344096371856803307e-01
6.243014100108907893e-01
6.210779852262530154e-01
6.384758413230950946e-01
6.598873265028255553e-01
6.675930088898864856e-01
6.647078370020363947e-01
6.627352460233393305e-01
6.499076526332352444e-01
6.899400234639773144e-01
7.797289124023464302e-01
8.022204075609062901e-01
7.885593148131456731e-01
7.769024701752428319e-01
7.670063951437321448e-01
7.589745392058608875e-01
7.676069616653610206e-01
7.827241756370907355e-01
7.757072926288660630e-01
7.687350644080991335e-01
7.567176678916280874e-01
7.460601231334172967e-01
7.373843625199834051e-01
7.284778990759518402e-01
7.074488029003201950e-01
6.931393413463013964e-01
7.048287889353687108e-01
7.077748377589466733e-01
7.095416420864217866e-01
7.200496970033581912e-01
7.557916562430204710e-01
7.780393620155754419e-01
7.811595939201241290e-01
7.871292216106887674e-01
8.023794452983009640e-01
8.043192730556838477e-01
8.101478047516209591e-01
8.305474879210037464e-01
8.375376194693943122e-01
8.412627170039763680e-01
8.497836741569487762e-01
8.479313076717539532e-01
8.485755582587007906e-01
8.514772677515805022e-01
8.463624946401452354e-01
8.389846745752289614e-01
8.348851330269837501e-01
8.264542659672871050e-01
8.378344198776130902e-01
8.359613565617287634e-01
8.329707614430712503e-01
8.324936183400496459e-01
8.375767873979921285e-01
8.565911587376400238e-01
8.597831322620183014e-01
8.623387282529005882e-01
8.616840431023770064e-01
8.537877138974792057e-01
8.414216053434173670e-01
8.368053746272544613e-01
8.394783973725491455e-01
8.424214010254511553e-01
8.515261307685185743e-01
8.608018984679470798e-01
8.513036494743937421e-01
8.365621635712831017e-01
8.299975750503358896e-01
8.165685430755323937e-01
8.040592998233261346e-01
7.963434065830993225e-01
8.212667824919013260e-01
