2.250000000000000056e-01
8.451212047478163791e-01
7.855532237825989528e-01
7.943634646665678201e-01
8.017173153561212295e-01
8.019754421759014429e-01
8.022205871324072923e-01
8.024466284126895443e-01
8.026495326356456461e-01
8.028273642109490238e-01
8.029799989770014523e-01
8.031086787137313721e-01
8.032155320777600860e-01
8.033031488408578502e-01
8.033742503348054731e-01
8.034314641057120898e-01
8.034771898520229882e-01
8.035135351293895001e-01
8.035422988350285900e-01
8.035649840533577448e-01
8.035828266206226367e-01
8.035968302162170840e-01
8.036078023092284583e-01
8.036163878013792283e-01
8.036230988646597684e-01
8.036283404888873161e-01
8.036324318303200709e-01
8.036356237435644534e-01
8.036381129966921888e-01
8.036400536881459500e-01
8.036415663509567375e-01
8.036427451734493577e-01
8.036436637024074736e-01
8.036443793333328811e-01
8.036449368370883750e-01
8.036453711245011844e-01
8.036457094104029197e-01
8.036459729056613099e-01
8.036461781389855341e-01
8.036463379888196812e-01
8.036464624884638308e-01
8.036465594540200819e-01
8.036466349739875836e-01
8.036466937908871566e-01
8.788164624254249380e-02
1.003147664810751516e-01
1.129540931286901750e-01
1.408590366055504084e-01
1.716559847984924503e-01
1.858002144475615625e-01
2.081605455423432283e-01
2.238948465268790766e-01
2.492013308221283641e-01
2.661990864475998753e-01
2.941555231494021871e-01
2.996537873589926182e-01
3.420307079511060167e-01
3.483675261104801635e-01
7.500838192655218117e-01
7.798391727198868972e-01
7.838349554504605576e-01
7.224431792415022535e-01
6.947464267140577299e-01
7.114062485894151466e-01
7.224390720245718045e-01
7.211136599124353674e-01
7.333963758824210144e-01
7.353006535085746531e-01
7.346905202598670304e-01
7.362909636411604231e-01
7.268450443089142787e-01
6.872843158883206183e-01
6.898598870026316776e-01
6.877877108805662276e-01
6.938536432911520668e-01
6.915569083294927921e-01
6.932018978036290635e-01
6.752778429737729127e-01
6.507207444306537525e-01
6.819715316066995436e-01
6.825411128476338574e-01
6.947328305518900571e-01
7.030130314402205371e-01
7.082152902807070660e-01
7.093563612504711902e-01
7.070514557719542736e-01
6.990884746179752973e-01
6.909776980661050949e-01
7.021622693500106926e-01
7.378882349037081401e-01
7.481140971893860403e-01
7.496793648519975983e-01
7.512358644802775709e-01
7.502906009579405344e-01
7.331849413897195689e-01
7.320904243798364019e-01
7.177356805947084917e-01
7.226003979034888447e-01
7.012974899650974425e-01
6.915360888856477706e-01
