2.250000000000000056e-01
0.000000000000000000e+00
0.000000000000000000e+00
1.672147851487671144e-01
1.671591608383699856e-01
1.671777333299774848e-01
2.344538162382139856e-01
2.244630842600616738e-01
2.255019822681925690e-01
2.263962896758399401e-01
2.810055738014475835e-01
2.827894631644419232e-01
2.848997489641817427e-01
2.866503694733406604e-01
2.880746519261058181e-01
3.559773825403974579e-01
3.544304133474103224e-01
3.461938275536039500e-01
3.549482118246463092e-01
4.184514370199168831e-01
4.248787057392527933e-01
4.306553314240721408e-01
4.258694643728839213e-01
4.207446753501813963e-01
4.937836153400831929e-01
4.932166331440292484e-01
4.970170712129011181e-01
5.001282097019348338e-01
5.716117271159355528e-01
5.696805823742657759e-01
5.703573412518667674e-01
6.438182743810335618e-01
6.510390465146826955e-01
1.015234110748071128e+00
1.059392224651194869e+00
1.078183223816828074e+00
1.332342815509410805e+00
1.396435969046932124e+00
1.380047996507756336e+00
1.401905439679149490e+00
1.427009095139836425e+00
1.364619422785811276e+00
1.360494719246388984e+00
1.361841920827387753e+00
1.412621637264296348e+00
1.422210094622561316e+00
1.432900771977589693e+00
1.445999050504275463e+00
1.432129709916789784e+00
1.446134472869905263e+00
1.469409951594185637e+00
1.467464529012148855e+00
1.475940804330726941e+00
1.484050604909535220e+00
1.465329674928490089e+00
1.439000907369381022e+00
1.387842066178557543e+00
1.351408625744442205e+00
1.323014134227708638e+00
1.336049826668722407e+00
1.332193240737836293e+00
1.353105299264477868e+00
1.374674103136915404e+00
1.388837752626478794e+00
1.398795114420472885e+00
1.398739915368898190e+00
1.413472714648247974e+00
1.394798215779204265e+00
1.413206185318150787e+00
1.409007791222783190e+00
1.414850741672311729e+00
1.424302855724283168e+00
1.421260868220608264e+00
1.459158537751390039e+00
1.383570316181973681e+00
1.297244587348215461e+00
1.264908921994658320e+00
1.250666773688986044e+00
1.253770642031171612e+00
1.297654942731644390e+00
1.290533621535766340e+00
1.299749809218052166e+00
1.302664517486546769e+00
1.368997624766428389e+00
1.362626959473325794e+00
1.369675415280164454e+00
1.362636456428619525e+00
1.353409406522547265e+00
1.306550804122205367e+00
1.247444732165965853e+00
1.229420584900770885e+00
1.205381274923162938e+00
1.187720150294963917e+00
1.162261259362098675e+00
1.167518902268317449e+00
1.155248351301591869e+00
1.174915344433952180e+00
1.165095724303366387e+00
1.172390289236290961e+00
1.195497470107821814e+00
