2.250000000000000056e-01
0.000000000000000000e+00
0.000000000000000000e+00
1.681668953044898718e+00
1.641311807978372395e+00
1.641285541498457956e+00
1.641259403903317704e+00
1.626481356551108703e+00
1.618662105486833758e+00
1.613702223636896971e+00
1.617661669454076856e+00
1.605769303284257044e+00
1.596840300743356256e+00
1.583929450206341016e+00
1.588736230825569251e+00
1.444503470007018509e+00
1.108131356274795420e+00
8.143858082363615303e-01
7.735032506320136392e-01
7.091331940954500590e-01
7.717283073118909043e-01
7.740506847043538974e-01
8.451819837476739483e-01
9.385571384471290690e-01
9.873205927465602549e-01
1.019643567556775210e+00
1.068188089444048083e+00
1.080148528921736073e+00
1.096461411675683228e+00
1.093434597307380685e+00
1.117428755413993224e+00
1.139119186262760541e+00
1.125310517560344392e+00
1.089441946806738226e+00
1.082815710337917903e+00
1.105855142934404123e+00
1.089919920335260306e+00
1.092422285483698241e+00
1.089728067217768492e+00
1.065363839710371074e+00
1.030225264150743891e+00
1.010546796884813636e+00
9.817036410380631795e-01
9.684836748772280846e-01
9.473301922834379551e-01
9.570244523474628062e-01
9.371434206249622534e-01
9.381290240395289137e-01
9.547943935404057392e-01
9.778855430234885127e-01
9.889476641859228367e-01
1.001933635694870040e+00
1.022422675685493054e+00
1.056012298385516246e+00
1.067816324942565620e+00
1.097511489543820495e+00
1.119421126154791502e+00
1.121081189187214111e+00
1.122679960721713721e+00
1.100603356802501320e+00
1.077540047496172937e+00
1.026091611024792849e+00
9.721075808450114764e-01
9.665254567745461545e-01
9.619144044055732978e-01
9.691112912681468794e-01
9.690400938937412390e-01
9.787502990051430984e-01
9.717392692866682058e-01
9.761385657026364626e-01
9.863591725693633405e-01
1.005797175877557459e+00
1.013195346767442828e+00
1.031761790548918922e+00
1.036776567295393248e+00
1.048412442437506753e+00
1.038843515430764919e+00
1.023219535007145575e+00
1.008023758728592734e+00
1.001664988433860204e+00
1.003080393225636469e+00
1.027190546735654797e+00
1.040068988980758613e+00
1.037134789134318558e+00
1.045452972434229189e+00
1.046782094490636750e+00
1.059658535065087337e+00
1.061404887238893480e+00
1.077090790628221217e+00
1.094086554189955818e+00
1.118511460285118275e+00
1.122686985013368055e+00
1.137628090774690515e+00
1.142683667248278967e+00
1.156029652292505094e+00
1.172033582323525058e+00
1.183969389978875464e+00
1.191512019788544485e+00
1.203654980606262637e+00
1.207039513991615687e+00
