2.250000000000000056e-01
0.000000000000000000e+00
0.000000000000000000e+00
0.000000000000000000e+00
1.552607882251547666e+00
1.568561303509912852e+00
1.533006814200888135e+00
1.525816042262614580e+00
1.528726191554059977e+00
1.524088894938999461e+00
1.518606704841539479e+00
1.553789020435214052e+00
1.599629603762497743e+00
1.604932214159451087e+00
1.614491811684953149e+00
1.601852512770750359e+00
1.617653172378524351e+00
1.609937366464067487e+00
1.614907492872978523e+00
1.600939114019396259e+00
1.588628833841655652e+00
1.576748137745749068e+00
1.591653014498677132e+00
1.601281741820175686e+00
1.610393971479675557e+00
1.624447365634521523e+00
1.628393946161094563e+00
1.642927195356608250e+00
1.636199443934528430e+00
1.626569245433763022e+00
1.601247312154703506e+00
1.568427589194484106e+00
1.534579282136285139e+00
1.509220236850006280e+00
1.513926901885369825e+00
1.523158472068371294e+00
1.522229298605281889e+00
1.543822070557394621e+00
1.549487379125766839e+00
1.581950496206010026e+00
1.586405047114544997e+00
1.609229200405617233e+00
1.598423986924466300e+00
1.580304342825452846e+00
1.580629418149044119e+00
1.569918822406236592e+00
1.548939946130538647e+00
1.527409589507291887e+00
1.505686567499163742e+00
1.485748947409989418e+00
1.470261297871319872e+00
1.470972197123991299e+00
1.482097572014193787e+00
1.493306138812178663e+00
1.509981414527275190e+00
1.512892163784679056e+00
1.520587809113815636e+00
1.542065589904877854e+00
1.540470422031310349e+00
1.544899999336941443e+00
1.544455831452692163e+00
1.539127241835003046e+00
1.543777526754741114e+00
1.552798733700063050e+00
1.565636881365912281e+00
1.574162251886515262e+00
1.581950309954683220e+00
1.598141359729011723e+00
1.602761931325684008e+00
1.607949928623217728e+00
1.607743912373075235e+00
1.602144280773696305e+00
1.596867493235882840e+00
1.589908260115777683e+00
1.604921826959760267e+00
1.611982998827551805e+00
1.626576566210638397e+00
1.612140761193343819e+00
1.586993785631727549e+00
1.555990856308132386e+00
1.534163087477660836e+00
1.523430001333779815e+00
1.521731552638091456e+00
1.522117723665499245e+00
1.521819496549758455e+00
1.536442582635119125e+00
1.548417461394450800e+00
1.568026567452098785e+00
1.557616755736306535e+00
1.552919024916018964e+00
1.552762193116464129e+00
1.552262600221702149e+00
1.552780988970336784e+00
1.565504114944772374e+00
1.586264761495170150e+00
1.594486484437344087e+00
1.594606727182091399e+00
1.588416522010915211e+00
1.583758372753170995e+00
1.583247320977055672e+00
