2.250000000000000056e-01
0.000000000000000000e+00
1.221348792750873713e+00
1.230122060908815262e+00
1.179741443138310641e+00
1.157022206358593985e+00
1.131641537642813056e+00
1.126751669024727898e+00
1.089905196001376586e+00
1.073684841979921201e+00
1.066960119830698606e+00
1.042271214049119932e+00
1.016616702457189270e+00
1.004820844300816418e+00
9.883506134194792736e-01
9.541641802589091448e-01
9.358218496387405994e-01
9.226427791195520589e-01
8.904934873473967505e-01
8.690573568427680806e-01
8.542915345357064982e-01
8.293894983652903008e-01
8.106951844813252706e-01
7.848299238389140342e-01
7.627742203499019435e-01
7.083412831174471513e-01
6.590466784581461290e-01
6.161275320087649110e-01
6.120648199796423494e-01
5.993382374432584259e-01
5.855953317730815399e-01
5.916661376972349728e-01
5.571524673414417483e-01
5.478712942003838293e-01
5.278899358423511101e-01
4.956164839576898129e-01
4.844518590073744746e-01
4.795956017660489290e-01
5.051214645503285805e-01
5.547815177454056279e-01
6.221328293371830576e-01
9.915095096351264070e-01
9.779634002389104852e-01
9.312355795673049608e-01
8.924794143722963868e-01
8.655851138469066175e-01
8.354178510596018681e-01
8.031282164336037699e-01
7.807077191303164465e-01
7.555651653998749495e-01
7.334197272482597674e-01
7.103782659738242522e-01
6.964978155883825295e-01
6.792396985266024867e-01
6.631097218378855240e-01
6.451563826991272288e-01
6.218133727318064796e-01
6.000338137479769296e-01
5.700380684599355430e-01
5.470111934109985752e-01
5.377935132063403900e-01
5.528145944004093648e-01
5.489077015364046686e-01
5.514055206068722015e-01
5.645673351732886092e-01
5.747797168315165184e-01
6.042520201702141769e-01
7.212547035917713512e-01
7.166392223040384257e-01
7.077358163843998629e-01
7.047577700514205956e-01
7.021461818647547481e-01
6.867234990734725208e-01
6.859098090267868875e-01
6.709820794407483913e-01
6.646268721357371234e-01
6.632391549726226465e-01
6.561761550867603043e-01
6.635181650001258369e-01
6.695668369581462276e-01
6.949671563196986313e-01
7.543069241040920581e-01
7.888922080340742271e-01
7.688775766016181512e-01
7.406466040906170001e-01
7.129395336425499163e-01
7.138968056738218548e-01
8.126965479084010680e-01
8.229729620388505085e-01
8.110103512990705088e-01
8.068421957412860168e-01
7.975503349649296636e-01
7.738212476757139191e-01
7.594220655433218115e-01
7.319018497642478804e-01
7.168215529555818089e-01
8.138337789563786506e-01
8.221498802925254479e-01
8.293372580992381948e-01
8.341768812347728490e-01
