2.250000000000000056e-01
0.000000000000000000e+00
0.000000000000000000e+00
0.000000000000000000e+00
4.268982315911231118e-01
1.165048236546134319e+00
1.105844113749207658e+00
1.259148250722462725e+00
1.421052448289903625e+00
1.313711552640453029e+00
1.295517175960120060e+00
1.309014783519407032e+00
1.414859597611332287e+00
1.312485991062606328e+00
1.245579025101968718e+00
1.239158962154398358e+00
1.221141581023307943e+00
1.223625484693178667e+00
1.232973727611741843e+00
1.236272573048351697e+00
1.224654338692969802e+00
1.227996718855914660e+00
1.246245471506009839e+00
1.239387359412214673e+00
1.225235523594965237e+00
1.195735548031211737e+00
1.181684235666831340e+00
1.140428010712590812e+00
1.153604136236888289e+00
1.152748311562408867e+00
1.174272828001721614e+00
1.204229011163809426e+00
1.204362920795772895e+00
1.206073635006707834e+00
1.215318100261267409e+00
1.214249652054206763e+00
1.191346786410141023e+00
1.188466875390419730e+00
1.200785807519154424e+00
1.193102779395958102e+00
1.191799957915984587e+00
1.196249034450318716e+00
1.188743979103152881e+00
1.181487237281235947e+00
1.186861208796789802e+00
1.176594794920323706e+00
1.162923083561083537e+00
1.164567129568945703e+00
1.177389239339859506e+00
1.170534823538978753e+00
1.179841986993749092e+00
1.177180812551212652e+00
1.171324218236056369e+00
1.167921076002541581e+00
1.170026729509498375e+00
1.173548696005789260e+00
1.170406358671267855e+00
1.171614700261874198e+00
1.169030730732621981e+00
1.159516240622548544e+00
1.143307731603102839e+00
1.136975027101354563e+00
1.141688324428678403e+00
1.136309396876799882e+00
1.140252101007291241e+00
1.140713243645087971e+00
1.147626535344316911e+00
1.154291854968748643e+00
1.152434927500350703e+00
1.145290920433396975e+00
1.150088085222086942e+00
1.158862894265204169e+00
1.165261625386980748e+00
1.171624025681008874e+00
1.173926549179095558e+00
1.171306211244648621e+00
1.173292643219878695e+00
1.173794573100519267e+00
1.186914281368123936e+00
1.190353491346962889e+00
1.186080564197672382e+00
1.187846944439642671e+00
1.182813034180494771e+00
1.175296403840897508e+00
1.167952789486617293e+00
1.164957831020285051e+00
1.155945408238566063e+00
1.151257111914814502e+00
1.155607035187881104e+00
1.162083193201322473e+00
1.156368534817764360e+00
1.165827940161234810e+00
1.153820000693611902e+00
1.156154612310869689e+00
1.156517049871178981e+00
1.152344203125211575e+00
1.158700218677387150e+00
1.162222277529795011e+00
1.164363314794980120e+00
1.162903608684392021e+00
