2.250000000000000056e-01
0.000000000000000000e+00
0.000000000000000000e+00
0.000000000000000000e+00
1.604691594998936266e-01
1.605489823726353737e-01
2.099749865134345195e-01
2.114681604309130714e-01
2.128453524586876866e-01
2.656734133342435467e-01
2.692360103481633571e-01
2.724416725267570505e-01
2.848517688369334167e-01
3.342621737881035227e-01
3.020630626262496565e-01
3.043053717805458414e-01
2.808600854884029108e-01
3.193506642580347665e-01
3.028102874334812622e-01
3.094900508886155310e-01
3.083869201398740656e-01
3.434247639403360530e-01
3.460956589691958074e-01
3.648500172262196251e-01
3.601211518968679415e-01
3.896855411493247989e-01
3.977061087869058764e-01
4.146225850282957426e-01
4.062291131746895712e-01
4.300015060679734935e-01
4.467586197092962563e-01
4.625406335743412756e-01
4.631148251966172857e-01
4.561923932460156261e-01
4.702441362390648583e-01
4.729119491107975359e-01
4.848119765047645968e-01
4.674302391781551824e-01
5.034796930632285950e-01
5.068574708295290332e-01
5.140130994755951477e-01
5.129874857369571828e-01
5.226192732602532587e-01
5.728259085058782230e-01
5.609216406999121274e-01
5.671580901820234555e-01
5.938193452541837836e-01
6.181345685868755435e-01
6.119494559905946929e-01
5.925062559833152998e-01
5.763347944541528101e-01
6.105272946579443083e-01
5.767961886162855656e-01
5.878586262442891952e-01
6.139474799677037131e-01
6.294866965092283939e-01
6.280484762632202456e-01
6.384471368963904325e-01
6.515154391565356473e-01
6.939098229115047145e-01
6.895068191070896635e-01
7.299856940390609950e-01
7.466984450510154581e-01
7.556152485049268952e-01
7.550453502697297425e-01
7.398848061390017605e-01
8.843254725939289074e-01
1.004817499201833497e+00
1.092509002140481522e+00
1.114526460091942450e+00
1.118680392340543506e+00
1.116756941125715663e+00
1.123217082216140916e+00
1.171981944514768559e+00
1.280977803241918123e+00
1.355389836378223301e+00
1.475698281497359154e+00
1.674493267602969349e+00
1.756303819495994567e+00
1.771483958848067308e+00
1.768693531785288986e+00
1.810298499478471879e+00
1.776710866011087742e+00
1.744345907981618593e+00
1.716789888056932556e+00
1.691335308407994287e+00
1.647497150949496225e+00
1.631481194043248539e+00
1.616476084557092241e+00
1.653123245282020370e+00
1.715250828025407737e+00
1.734504020493682352e+00
1.768128697234839120e+00
1.795624827214035157e+00
1.781936741397802892e+00
1.767615675880134685e+00
1.736591551046629878e+00
1.689859272435232151e+00
1.652672296760209436e+00
1.618423898587764365e+00
