2.250000000000000056e-01
0.000000000000000000e+00
0.000000000000000000e+00
0.000000000000000000e+00
0.000000000000000000e+00
0.000000000000000000e+00
2.719711859955896149e-01
2.401320931969265771e-01
2.817174124069000141e-01
2.837539739587366938e-01
2.882431288238780920e-01
3.356734078879773375e-01
3.406829976900278001e-01
3.739129193882457791e-01
3.823402850904430439e-01
4.059415263747458980e-01
4.386228264831322776e-01
4.387970834083785299e-01
4.325182490373823407e-01
4.700501128138949158e-01
4.633534644931991964e-01
4.548584935054754697e-01
4.508676046268465520e-01
4.697367661092043956e-01
4.782078031468022794e-01
4.755985711721544273e-01
4.924644546209394069e-01
4.949131860292138585e-01
5.133057908238944922e-01
5.468099466873941328e-01
5.265736628176693745e-01
5.444959539960501083e-01
5.474088763135014357e-01
5.334630256646594182e-01
5.501813663560647383e-01
5.633767744755387996e-01
5.491439842598526688e-01
6.167140660962502352e-01
5.869212223053533739e-01
5.757202530712058897e-01
5.871816155335549681e-01
6.058036093439435055e-01
6.199272294985944676e-01
6.559183096982791339e-01
6.763573213447372501e-01
7.399879395158692752e-01
7.450261415671832754e-01
7.664818474747707722e-01
7.712892397432914438e-01
7.553415619982466467e-01
7.642219944918204888e-01
7.564490937635063306e-01
7.632546541409491736e-01
7.681740511012742356e-01
7.650414734511384873e-01
7.717073448616755815e-01
7.844028242002437645e-01
7.824695292676774327e-01
7.757301268378139492e-01
7.821343865554363228e-01
7.797687830981927526e-01
7.727025015880426562e-01
7.710649840237817632e-01
7.767329059385974510e-01
7.926724783290888254e-01
7.883196066018433035e-01
7.933731829676380354e-01
7.933100913361834650e-01
7.982579479985351112e-01
7.979448778509623530e-01
7.969072781062894739e-01
7.896395664971214146e-01
7.778431875802573892e-01
7.797335064937525040e-01
7.758342088055868446e-01
7.797128640249680886e-01
7.778710027157772489e-01
7.795890537542164989e-01
7.704141637462316172e-01
7.739435168336386006e-01
7.734414844408100675e-01
7.715514010618295115e-01
7.757016132676437525e-01
7.730263212183883237e-01
7.810184277523046781e-01
7.911826723970536435e-01
7.936833150163783435e-01
7.932188797686736681e-01
7.916118709424269095e-01
7.897101637485960390e-01
7.757872404928649601e-01
7.678567164538078194e-01
7.720046836430949355e-01
7.763951770697221644e-01
7.794212375038137575e-01
7.805931344660828053e-01
7.806195282105545807e-01
7.800957395132621652e-01
7.781846571811154023e-01
7.851426193258109754e-01
