2.250000000000000056e-01
0.000000000000000000e+00
0.000000000000000000e+00
0.000000000000000000e+00
0.000000000000000000e+00
0.000000000000000000e+00
0.000000000000000000e+00
0.000000000000000000e+00
0.000000000000000000e+00
0.000000000000000000e+00
0.000000000000000000e+00
0.000000000000000000e+00
0.000000000000000000e+00
0.000000000000000000e+00
0.000000000000000000e+00
0.000000000000000000e+00
0.000000000000000000e+00
0.000000000000000000e+00
0.000000000000000000e+00
0.000000000000000000e+00
0.000000000000000000e+00
0.000000000000000000e+00
0.000000000000000000e+00
0.000000000000000000e+00
0.000000000000000000e+00
0.000000000000000000e+00
0.000000000000000000e+00
0.000000000000000000e+00
0.000000000000000000e+00
0.000000000000000000e+00
0.000000000000000000e+00
0.000000000000000000e+00
0.000000000000000000e+00
0.000000000000000000e+00
0.000000000000000000e+00
0.000000000000000000e+00
9.226256240953226717e-01
8.144957210036974926e-01
8.141907658913306589e-01
8.356239584631834916e-01
8.282124556865935183e-01
8.163772301463220193e-01
8.389490190070283404e-01
8.291106083924664194e-01
7.877887877718623422e-01
7.769329731505353331e-01
7.839118853750196569e-01
7.855717371829941120e-01
8.132707218614132483e-01
8.303164898151921269e-01
8.358658463533237271e-01
8.626024678820339853e-01
8.922237757054214402e-01
9.084318151742841740e-01
9.222042338201862366e-01
9.315980350988193326e-01
9.327982572142498041e-01
9.378912691243839195e-01
9.511291632788485551e-01
9.488162319052108051e-01
9.535767637366414640e-01
9.631465401963802409e-01
9.792693018641626113e-01
9.811655431189306720e-01
9.804719132793426883e-01
9.978447879945266941e-01
1.000473811249852796e+00
9.943516635578494300e-01
9.970008232903706524e-01
9.998797714141545168e-01
1.002902475640503832e+00
9.960307799820067309e-01
9.912495973740955701e-01
9.911744059910840843e-01
9.942789647519626461e-01
1.008127465967940006e+00
1.011161969605597122e+00
1.010280747438461857e+00
1.021030984896299065e+00
1.022170025025920026e+00
1.023007770223565371e+00
1.023880220752939385e+00
1.015077746611156462e+00
1.012567989807801494e+00
1.024322163315516621e+00
1.027947607387771134e+00
1.023436419084325477e+00
1.019924259637223996e+00
1.017543204712299199e+00
1.013867677451874449e+00
1.016100219622202205e+00
1.018753606255061506e+00
1.024093721049281980e+00
1.014346939740874420e+00
1.015470044673926653e+00
1.032816188889348119e+00
1.024483443052174092e+00
1.016388975378746951e+00
1.010412577143540380e+00
1.018262487543088568e+00
