2.250000000000000056e-01
0.000000000000000000e+00
0.000000000000000000e+00
3.000453635497289939e-01
2.289438328338775641e-01
2.491085713089302989e-01
3.026494432260048995e-01
2.792060260533208993e-01
3.069749929173635206e-01
3.551585623391322333e-01
3.529756729753558142e-01
3.644676442811922157e-01
4.011328361531981690e-01
4.347820725234988193e-01
4.319842081710810744e-01
4.725839987926833130e-01
4.906428150298696722e-01
5.007075796299089721e-01
5.308902515657283327e-01
5.708091186657502369e-01
5.782669300987279826e-01
5.909916426284003155e-01
6.144153190298710099e-01
5.477515520371535329e-01
5.346305226271215183e-01
5.149409154061480587e-01
5.186023678049925811e-01
6.452843945329311826e-01
7.931916498624103085e-01
8.552792397146988801e-01
9.013261364127449493e-01
9.227831532993313601e-01
9.318964944874580381e-01
9.273514559691670156e-01
9.196405083401768543e-01
9.046473672331302174e-01
9.021936650239441580e-01
9.538312112080296057e-01
9.817128844759066553e-01
9.910412021839122287e-01
1.030625466996299977e+00
1.069322481222311438e+00
1.091526451570841605e+00
1.100311367882061964e+00
1.113305912560304423e+00
1.166794383138441082e+00
1.209596519758550759e+00
1.212768988243098089e+00
1.211193845593896201e+00
1.194543210962579094e+00
1.172690880372948774e+00
1.189993159952824842e+00
1.203360196229662726e+00
1.205685207923415270e+00
1.208871847213538686e+00
1.210332209291889338e+00
1.244346254701018673e+00
1.238787350502826623e+00
1.222450506202214404e+00
1.207231778391552268e+00
1.194313117677421099e+00
1.196729674427876144e+00
1.198999186448668208e+00
1.193488819910075271e+00
1.198792032800631180e+00
1.187825623017131127e+00
1.180612690028419065e+00
1.169453563160238962e+00
1.162461850131978558e+00
1.160310073290649724e+00
1.157192152577858124e+00
1.163004209369675745e+00
1.159048575778873325e+00
1.149779385090277772e+00
1.146605684913326817e+00
1.140038649791771386e+00
1.145648842472985596e+00
1.168687843115649105e+00
1.188568338966027538e+00
1.215815259051871600e+00
1.225656912757138173e+00
1.241929322046337880e+00
1.245716211539370954e+00
1.234473074849417928e+00
1.220458102919810939e+00
1.202843620322403773e+00
1.186339843550807238e+00
1.189320566397359169e+00
1.187126408213981854e+00
1.178380383133595499e+00
1.171610822682084052e+00
1.193179553120955472e+00
1.203777318488914005e+00
1.195975500989502560e+00
1.193373642633526188e+00
1.183909744656137297e+00
1.177188517999026018e+00
1.179474039380326467e+00
1.184228779535999365e+00
1.178768218390801259e+00
