2.250000000000000056e-01
0.000000000000000000e+00
1.739163818092387848e+00
1.722796576613281117e+00
1.714294010304327376e+00
1.714864704701523523e+00
1.699974615929048083e+00
1.689367085476527919e+00
1.680984046186818848e+00
1.678245707646551121e+00
1.664153688629684602e+00
1.651674887677037074e+00
1.641513754671820813e+00
1.638881893537659451e+00
1.638484727724689227e+00
1.623784171712002733e+00
1.607654575945454356e+00
1.597666496318939977e+00
1.245008483907102947e+00
1.004513157433357673e+00
9.960154614168761356e-01
1.043202457428168639e+00
1.071218913630320513e+00
1.057343181294106316e+00
1.049702084922066181e+00
1.049676128610267378e+00
1.052506461542071392e+00
1.075323076925210231e+00
1.073554205253538063e+00
1.102909494992989847e+00
1.062432243231125728e+00
1.036297519608492479e+00
1.020371581486940959e+00
1.014123282223830413e+00
1.011018820466999868e+00
1.001631276443187835e+00
9.833603422390634341e-01
9.529301931296615402e-01
9.555671970578706320e-01
9.438995737938645769e-01
9.200006239403706321e-01
9.256562546889898213e-01
9.194102958895677968e-01
9.217821617521365640e-01
9.290999687683263453e-01
9.855107246728379566e-01
1.027517818505155001e+00
1.025791287729280965e+00
1.017357293693680109e+00
9.968975056807835022e-01
1.000620626152319170e+00
1.004184773596123126e+00
1.013361539861416860e+00
1.021359526268329709e+00
1.048205900667986024e+00
1.068066690882300218e+00
1.086869989672805570e+00
1.100984314367082550e+00
1.091207133495173620e+00
1.050661486412134416e+00
1.032713130045913141e+00
1.009613881011496295e+00
9.999359683861342996e-01
9.765739180245982531e-01
9.685752206244286899e-01
9.358354798537606989e-01
9.273780572131706812e-01
9.307607654330138924e-01
9.390007680744634211e-01
9.563777230019105957e-01
9.757597269355141600e-01
1.001081820119260613e+00
1.014695985104508980e+00
1.028625467918378611e+00
1.031467888835586821e+00
1.033613924778528759e+00
1.011228117406104188e+00
1.006048928771372974e+00
1.005229411661553218e+00
1.011173369443309600e+00
1.020741837752159320e+00
1.038922345662797397e+00
1.043686433606726860e+00
1.042485891711172785e+00
1.040490523877545259e+00
1.045922516721917273e+00
1.060172526696402606e+00
1.082802582800624469e+00
1.105227474554885791e+00
1.120105813950573959e+00
1.137752910027637787e+00
1.143473509281696110e+00
1.150782690308636891e+00
1.163501674985067291e+00
1.165960928308560129e+00
1.181623392158577923e+00
1.192580525148388748e+00
1.198220834542468305e+00
1.191415282001659026e+00
1.195496126552346938e+00
