2.250000000000000056e-01
0.000000000000000000e+00
1.521077251461430517e-02
2.233031613415349670e-02
2.244818123551178130e-02
2.890172172005429571e-02
2.941466101605263658e-02
3.633316234036559900e-02
4.085249940325177270e-02
4.547409155278594323e-02
5.422102355914634048e-02
5.701441256233646948e-02
6.518636213309036975e-02
7.097883182914342670e-02
7.617910021662673004e-02
8.729681280059739534e-02
9.347013462017676744e-02
9.918115155746196066e-02
1.111107044464054033e-01
1.165515529890637086e-01
1.260396042030871855e-01
1.217536923307571267e-01
1.193033447336890457e-01
1.266283683903826340e-01
1.340560512012715644e-01
6.130710857050551965e-01
7.040197972459167897e-01
7.085498397558962491e-01
7.259071140465466199e-01
7.138101889260846100e-01
6.724490972017324042e-01
6.600639448229959072e-01
7.578625711863368197e-01
7.781536473604945270e-01
8.130857782039010440e-01
8.469958340850316514e-01
8.462852725609643079e-01
8.369672282245844697e-01
8.213800237731861964e-01
8.097793471691501210e-01
7.890874964458480800e-01
7.757422960613863383e-01
7.584363170510626251e-01
7.494972466594759242e-01
7.300991197194197646e-01
7.144651875427964205e-01
7.294928470092368888e-01
7.644476209370730801e-01
7.724555147326388482e-01
7.706471319039401857e-01
7.502862621271716437e-01
7.351443012158901391e-01
7.393013467536910799e-01
7.644227705264098338e-01
7.549551857428256074e-01
7.434980745331941643e-01
7.478994527085146560e-01
7.681283643060492494e-01
7.613636942902172189e-01
7.523661644766256318e-01
7.505184914059080947e-01
7.427425645595490122e-01
7.441308479713550916e-01
7.515760137960838527e-01
7.582547467609543901e-01
7.554049372138793572e-01
7.492475833166097887e-01
7.747856174106557692e-01
7.761359859352390256e-01
7.812951039047373314e-01
7.840873104746736155e-01
7.839601702398856231e-01
7.925131034450114687e-01
8.068387684268932825e-01
8.091793647311890103e-01
8.202898590774907461e-01
8.346486668213093374e-01
8.505684277886468303e-01
8.525422615741183874e-01
8.555890129043618453e-01
8.620829136245127255e-01
8.724727909155682859e-01
8.468783257030291223e-01
8.630493332526238959e-01
8.844412421512257705e-01
8.787419218381482544e-01
8.646888129189386207e-01
8.413278695941950325e-01
8.337355926367996384e-01
8.155911986862882657e-01
8.047320491983500634e-01
7.975228766262129065e-01
7.975837485374354108e-01
8.052115690224954658e-01
8.413808934135630357e-01
8.678429870705789417e-01
8.809127841424174710e-01
8.696143705027434834e-01
8.770625569834669122e-01
8.967947223371597332e-01
