2.250000000000000056e-01
0.000000000000000000e+00
0.000000000000000000e+00
0.000000000000000000e+00
0.000000000000000000e+00
4.054969648771265534e-01
4.212045524178905653e-01
4.265174429084468977e-01
3.905364072693403021e-01
4.220548326226997160e-01
4.042811746403683348e-01
4.695802337011884542e-01
5.340157964525820145e-01
5.675147185925055737e-01
6.250144912687478627e-01
6.214338265048920951e-01
6.374044887541908677e-01
6.716285809615817337e-01
7.057695584266034938e-01
7.429766882166339848e-01
7.534555118661344641e-01
8.073483412163920958e-01
8.430177648907545285e-01
8.533778132206988332e-01
8.728498963501911678e-01
8.850527320088938943e-01
8.894528386341445936e-01
8.897130705624797242e-01
8.892112701716105017e-01
8.878843823385290657e-01
8.916591509945962502e-01
8.987211796180235579e-01
9.030801158914081306e-01
9.078119530467165799e-01
9.098938738141858495e-01
9.094224274582278778e-01
9.067899439622016944e-01
9.045533454204077728e-01
9.080589306045944165e-01
9.169866641924060424e-01
9.184279311517472566e-01
9.186997265759380138e-01
9.137972461295871263e-01
9.070609572070482685e-01
9.049228355526094392e-01
9.111227129372223565e-01
9.216710816671890294e-01
9.241746497439735641e-01
9.228615966685546068e-01
9.219614353376892613e-01
9.165599926418677157e-01
9.118265674698895484e-01
9.053859803930826011e-01
9.048156785751616527e-01
9.024060930141549752e-01
8.984497228176777650e-01
8.986834111145575177e-01
9.030901272054234763e-01
9.133471187525712409e-01
9.188600740876985418e-01
9.170449171498222807e-01
9.177862132284440033e-01
9.131239306804223022e-01
9.130814721865117001e-01
9.129221110321471544e-01
9.101341547412261646e-01
9.098160154222408869e-01
9.046105715375634126e-01
9.022934273394810356e-01
9.019521499341447424e-01
9.016191202929177972e-01
8.987826924292101616e-01
8.980746172687088524e-01
9.060596229336425056e-01
9.073925551206720730e-01
9.053946669794803448e-01
9.040288608038251628e-01
9.044800588143359077e-01
9.034989920488679660e-01
9.027412643726187014e-01
8.994158309747601887e-01
8.920800550389652583e-01
8.801381432815698069e-01
8.698995718597967164e-01
8.596452018253802896e-01
8.639216283221535786e-01
8.686686840071524696e-01
8.722025700607622944e-01
8.699358194668923572e-01
8.613062759066421048e-01
8.604463874038058568e-01
8.629477611784177604e-01
8.637277134440405346e-01
8.679728257269874181e-01
8.728739704559257406e-01
8.829560585450149102e-01
8.910361278666378837e-01
8.995970892410650732e-01
9.000251796421153694e-01
9.004145778953290824e-01
