2.250000000000000056e-01
0.000000000000000000e+00
0.000000000000000000e+00
4.231796764930231824e-01
6.765622901399771516e-01
5.239067567680207871e-01
5.147584421461576243e-01
5.511384450533515222e-01
6.129016864427240252e-01
6.549426697448171852e-01
6.578500009861623088e-01
6.537822705014918467e-01
6.403273101076594198e-01
6.396417217532084365e-01
6.418953541279565078e-01
6.594413202839027877e-01
6.564192913683972730e-01
6.500647422998541147e-01
6.472129358235841901e-01
6.408795163206387757e-01
6.371171698189490584e-01
6.277719076346794935e-01
6.274251140005658867e-01
6.331229786728657105e-01
6.188284709178540899e-01
6.137287867296471466e-01
6.061277273204332960e-01
5.935098171348103246e-01
5.955890696941930074e-01
6.071686116621692886e-01
6.232947913880384494e-01
6.231618092688493427e-01
6.238969552641840943e-01
6.308326031329292150e-01
6.528833285038113665e-01
6.621630633454576031e-01
6.729932075778857214e-01
6.477086803776558321e-01
6.319581791733477338e-01
6.223952427920641517e-01
6.250742695456044107e-01
6.081611946230790489e-01
6.047501802875834276e-01
6.093695765304412149e-01
6.131027962998101266e-01
6.116650522473151552e-01
6.089108815718218271e-01
6.085584396463271650e-01
5.967690254442458153e-01
6.045816938910131277e-01
6.119121851224568198e-01
6.152215103677171060e-01
6.072753610671998148e-01
6.043612153411392907e-01
5.957435184424332286e-01
5.952290883838220470e-01
5.941834594768193867e-01
5.957898510324314278e-01
5.925802465547315157e-01
5.880292387638250684e-01
5.834540257769241789e-01
5.843917643776044279e-01
5.827098348319466048e-01
5.840378638344971840e-01
5.854411983729248536e-01
5.863709902541996977e-01
5.871436858466525521e-01
5.857485931024292158e-01
5.892396960841854714e-01
5.902808764852393031e-01
5.905492336337090364e-01
5.915497840814157859e-01
5.876984886940278541e-01
5.891790723727311496e-01
5.963525656497744576e-01
6.092131623103541616e-01
6.177995214949487668e-01
6.243075194706569908e-01
6.282615521199601538e-01
6.315463629880709862e-01
6.372389611959810019e-01
6.413416440404829943e-01
6.399023656553857187e-01
6.362890380820293013e-01
6.309647262801039158e-01
6.316559957973455486e-01
6.363958414253042539e-01
6.359483428396698335e-01
6.371234058810363310e-01
6.434886104635718640e-01
6.371681028767561816e-01
6.332166645041642505e-01
6.389020272651807497e-01
6.375267361269958410e-01
6.369407890834417607e-01
6.358020780068824873e-01
6.333101846628832465e-01
6.314010910616449923e-01
6.367871778418559003e-01
6.385925013956487151e-01
