2.250000000000000056e-01
0.000000000000000000e+00
0.000000000000000000e+00
0.000000000000000000e+00
0.000000000000000000e+00
0.000000000000000000e+00
0.000000000000000000e+00
0.000000000000000000e+00
0.000000000000000000e+00
0.000000000000000000e+00
1.117392520795257083e+00
1.097126223889145269e+00
1.075250341421509992e+00
1.044462621770661626e+00
1.027799488632532121e+00
1.053027277814770235e+00
9.848195467012902382e-01
1.014903110809890263e+00
1.239726300239337942e+00
1.210899463917739727e+00
1.264955177349310844e+00
1.272230277042591506e+00
1.247873359564174223e+00
1.283035552288413594e+00
1.266054058874113597e+00
1.275816854706493642e+00
1.275618175042915414e+00
1.275376663267846267e+00
1.273730594304381070e+00
1.285215635179290050e+00
1.247449970214821402e+00
1.270430492058056915e+00
1.233453832592008803e+00
1.192837965738555273e+00
1.161275189463353730e+00
1.153426365755035210e+00
1.141562548125414356e+00
1.135711855470510123e+00
1.169567593935190830e+00
1.181682398007043444e+00
1.186587077836773974e+00
1.190683053958038862e+00
1.198702126033437843e+00
1.185444410468171395e+00
1.190432554570253432e+00
1.172756248254434031e+00
1.167561660494929932e+00
1.150256180739618328e+00
1.197128179785847069e+00
1.233917354444544978e+00
1.232248273813645323e+00
1.220976617486237092e+00
1.207877626797141168e+00
1.214352084081606664e+00
1.215242421145589669e+00
1.210065644580559541e+00
1.196117826932975081e+00
1.171619870338371783e+00
1.157927418284175003e+00
1.136030729782739890e+00
1.132841854749975008e+00
1.100542272868465954e+00
1.086338823317747337e+00
1.080742583362399367e+00
1.076155393707892260e+00
1.084785740109079910e+00
1.089775586190200096e+00
1.108049142067757842e+00
1.101945103115399727e+00
1.092414660619019040e+00
1.091381006849538426e+00
1.125498126348316585e+00
1.132457394560686836e+00
1.123193703339591121e+00
1.134509570940597234e+00
1.137105241032063896e+00
1.125706454784501487e+00
1.122247029220529546e+00
1.145432787197091518e+00
1.139322721850219322e+00
1.128313601290180879e+00
1.117376928980007289e+00
1.111145486352108191e+00
1.108864086114166758e+00
1.124360522165147813e+00
1.159342168798801476e+00
1.153216170744463254e+00
1.147700089771112042e+00
1.130494839395202344e+00
1.138770036983113076e+00
1.135581158196931728e+00
1.122991498586813242e+00
1.120000722141592187e+00
1.107598105642448649e+00
1.089436043267780763e+00
1.083561915101063589e+00
1.096343864721639694e+00
1.096671747178281864e+00
1.091920410769789296e+00
1.083446180490890143e+00
