2.250000000000000056e-01
0.000000000000000000e+00
1.291640159362079876e+00
1.162353510248934851e+00
1.101951721539333295e+00
1.055839330226119310e+00
1.008522830118296243e+00
9.962144653390494486e-01
9.394931243060253845e-01
9.033631592247121089e-01
8.633497236714561263e-01
8.302567421011415316e-01
8.200166344569296273e-01
8.157207843615008613e-01
8.100723660802510162e-01
8.053129412305236601e-01
8.013698076564225170e-01
7.981489159507986209e-01
7.955479959848158478e-01
7.934665858068634670e-01
7.918124230118267493e-01
7.905046570668368133e-01
7.894747595761969494e-01
7.886660130404922198e-01
7.880322673668950229e-01
7.875364244060447660e-01
7.871489198640636564e-01
7.868463388038862139e-01
7.866102187573098536e-01
7.864260487693315316e-01
7.862824501361688201e-01
7.861705154550836516e-01
7.860832806305281251e-01
7.860153059812976517e-01
1.175412728048426558e+00
9.320545217374256453e-01
9.165330339980921615e-01
9.467245372208485943e-01
9.510821379107061713e-01
9.474520503674014327e-01
9.508946909134853298e-01
9.209166937463466596e-01
8.870368827728215555e-01
8.531178131155549016e-01
8.451014499025528703e-01
8.574143531152051967e-01
8.557606158310870903e-01
8.727719181740792864e-01
8.872768686826651985e-01
9.021448679846142404e-01
9.243092550769911320e-01
9.221196141724680162e-01
8.998554332181374349e-01
8.921006645889107967e-01
8.859698826958080087e-01
8.698825739229922860e-01
8.607335144713540442e-01
8.615813205384118545e-01
8.519641332601386452e-01
8.336350818351800918e-01
8.274262969134922319e-01
8.437109102184471299e-01
8.345005822740962920e-01
8.160674039448538863e-01
7.973267881696866066e-01
8.021917476566892136e-01
8.035642561797518013e-01
7.969521548159798074e-01
7.943131296430523403e-01
7.976321140106787944e-01
8.075621975642475192e-01
8.468799025150335336e-01
8.735172746435648783e-01
8.982478708743691920e-01
9.206080738077146997e-01
9.397718260510331545e-01
9.486024746410962605e-01
9.531312593196419325e-01
9.407260897530138610e-01
9.297589289443858318e-01
9.194401277164677699e-01
9.121906758698417050e-01
8.877055213000106804e-01
8.871269262786889431e-01
8.862716521288412919e-01
8.804668514643629873e-01
8.716764757557292631e-01
8.760040057813740511e-01
8.796095466180717803e-01
8.679745790896219448e-01
8.657319218477169676e-01
8.642137350009051477e-01
8.479622844794990622e-01
8.574266134047074939e-01
8.698807091344512576e-01
8.418883972456188136e-01
8.431434432205215934e-01
8.448867636022698857e-01
8.446119298348976345e-01
8.331515829561797482e-01
