2.250000000000000056e-01
0.000000000000000000e+00
1.227902764112117184e+00
1.255753463314709606e+00
1.270181294220771973e+00
1.331160169242526781e+00
1.367449907303499801e+00
1.534871947269475845e+00
1.542848775798014049e+00
1.530984334483273424e+00
1.519677430095963011e+00
1.466428935489041852e+00
1.389241718197101294e+00
1.312952788834599538e+00
1.239647945500882642e+00
1.214332661026053417e+00
1.203616609573180618e+00
1.194090880680050537e+00
1.185787858293503083e+00
1.178680030969078585e+00
1.172692845749388146e+00
1.167720294526181313e+00
1.163640000007182929e+00
1.160325668687236300e+00
1.157656042970417909e+00
1.155520445584212963e+00
1.153821533850881709e+00
1.158857204280162811e+00
1.166413948799957634e+00
1.173948617636601410e+00
1.146788467580047044e+00
1.140310700314770331e+00
1.123020584253944243e+00
1.149985279611646538e+00
1.096272021378519534e+00
1.127717854256818253e+00
1.246395418034437874e+00
1.232382184607111464e+00
1.212369876188678086e+00
1.169188629918387567e+00
1.152454530157305701e+00
1.148500207368697401e+00
1.182976338302434094e+00
1.249593697550080318e+00
1.253965957279085330e+00
1.248745211394922894e+00
1.228546890951661918e+00
1.207969506283332439e+00
1.181000555003770547e+00
1.190657636972952460e+00
1.200864339285512061e+00
1.213910966279919013e+00
1.259224623470779125e+00
1.281356671727028163e+00
1.297687413108467025e+00
1.328024032114986097e+00
1.327227675908970284e+00
1.328373520242233541e+00
1.327202236533771673e+00
1.325187419818510737e+00
1.317086806215425510e+00
1.313264408284277929e+00
1.304608728621428737e+00
1.290078313140265553e+00
1.269952626196548584e+00
1.246905586235987906e+00
1.141937437723419713e+00
1.033418031815752647e+00
1.004957037580818113e+00
9.929209447746126793e-01
9.759410128548553498e-01
9.655046785033664092e-01
9.744116096254727966e-01
9.915693622056477308e-01
9.921756585187304633e-01
1.011774223247128512e+00
1.011311921790990054e+00
1.029350136888911083e+00
1.028455753266730888e+00
1.073287192024384273e+00
1.084612110128454265e+00
1.099630180208137187e+00
1.136985600534470953e+00
1.145201295637808592e+00
1.247110629874562449e+00
1.363564325266383825e+00
1.391456243045555929e+00
1.418265596943018014e+00
1.435710709676796037e+00
1.422187223888968344e+00
1.403578152126890188e+00
1.369369775944776269e+00
1.322725708988637283e+00
1.295539145874628817e+00
1.246971226633585950e+00
1.213993696673980160e+00
1.183255280007954102e+00
1.152871831299949523e+00
1.126929220419814470e+00
1.107778862389509289e+00
