2.250000000000000056e-01
0.000000000000000000e+00
5.830253665485429782e-01
6.198705500787198286e-01
6.798280759422035135e-01
6.988893315064245160e-01
7.085666829616792395e-01
7.085755215459800249e-01
7.269246056850096060e-01
7.563389864668529361e-01
7.830313561835763325e-01
8.307622867915636089e-01
9.184685980569077257e-01
9.832112574971439978e-01
1.068591481339589810e+00
1.115502422887442835e+00
1.139374258751745250e+00
1.152254794962937146e+00
1.163130639567279134e+00
1.172185643329764382e+00
1.149931885892294670e+00
1.100877059130581426e+00
1.075326647688930937e+00
9.791324025487451177e-01
1.027622027860040532e+00
1.080787189798781300e+00
1.044935689924879618e+00
1.013878513278843929e+00
1.014864332161049765e+00
1.004749365159670393e+00
1.000717562061185451e+00
9.975196924974992774e-01
9.942658524725427327e-01
9.894843067234214695e-01
9.872560034988897559e-01
9.814279464431701072e-01
9.766888508196528429e-01
9.713415637528935997e-01
9.682912099806162409e-01
9.579110730105941940e-01
9.494541076852481831e-01
9.448054105012697601e-01
9.288545286660190303e-01
9.049991089956231916e-01
8.633038064085170049e-01
8.278927541255549638e-01
1.068496696212347663e+00
1.118854534070834017e+00
1.173468476880043632e+00
1.136597805513849480e+00
1.086999307814960902e+00
1.039164150171301593e+00
9.954893023911004502e-01
9.643595806706689588e-01
9.354104153993295645e-01
9.199764080774782693e-01
9.060828018459713418e-01
8.879552818444168549e-01
8.723524090369713102e-01
8.610838169387483587e-01
8.489414161192799790e-01
8.363434352396829086e-01
8.222456892624389058e-01
7.943196789847019046e-01
7.772444456107298061e-01
7.707100652703583465e-01
7.964921090310072005e-01
8.188514197707029707e-01
8.778990892016436121e-01
9.211131541361470276e-01
9.742135484107784515e-01
9.988666584659845471e-01
1.027700355120379383e+00
1.029063097833138762e+00
1.024798117540663078e+00
1.018163339087605479e+00
1.007424854820457849e+00
9.876137253511279024e-01
9.703352799323955447e-01
1.003438597789381381e+00
1.032135090362344076e+00
1.035832552141235707e+00
1.030507056268874289e+00
1.003917453803851334e+00
9.588625240512163028e-01
9.129918088934850795e-01
9.167657879056392289e-01
9.143825980942238418e-01
9.510503511524658338e-01
9.618678226542775045e-01
9.841919650339771009e-01
9.877047139563118749e-01
9.938836251531654176e-01
1.016620675491453518e+00
1.020750830546027332e+00
1.016491201222576857e+00
1.025192645454707785e+00
1.029289206667163503e+00
1.030667628711455563e+00
1.026498764183236601e+00
