2.250000000000000056e-01
0.000000000000000000e+00
0.000000000000000000e+00
0.000000000000000000e+00
0.000000000000000000e+00
0.000000000000000000e+00
0.000000000000000000e+00
0.000000000000000000e+00
0.000000000000000000e+00
0.000000000000000000e+00
0.000000000000000000e+00
0.000000000000000000e+00
0.000000000000000000e+00
0.000000000000000000e+00
0.000000000000000000e+00
0.000000000000000000e+00
0.000000000000000000e+00
0.000000000000000000e+00
0.000000000000000000e+00
0.000000000000000000e+00
0.000000000000000000e+00
0.000000000000000000e+00
0.000000000000000000e+00
0.000000000000000000e+00
0.000000000000000000e+00
0.000000000000000000e+00
0.000000000000000000e+00
0.000000000000000000e+00
0.000000000000000000e+00
0.000000000000000000e+00
0.000000000000000000e+00
6.626046029192514397e-02
6.872048129908352176e-02
1.095436069701335446e-01
1.201164420217221418e-01
1.497838352281470331e-01
1.553591535234938592e-01
1.730616779858113463e-01
1.979779302994063850e-01
2.091318811705298042e-01
1.985082610607337705e-01
1.961365684039750867e-01
2.133495629236729640e-01
2.272153408239484806e-01
2.096536248727418061e-01
1.926412731651055976e-01
2.086855014612441217e-01
2.235840736927925121e-01
2.372511748992931213e-01
2.282578530933219163e-01
2.328344588741959320e-01
2.618127026319944095e-01
2.734759738818391406e-01
2.822150328540155018e-01
2.886532903493238544e-01
3.067811498975505646e-01
3.347170435813022760e-01
3.357475927998131993e-01
3.358830417416827641e-01
3.321407969096192292e-01
3.399170455178219252e-01
3.527544233133280693e-01
3.670112886999960522e-01
3.749128274329500687e-01
3.721256615871190720e-01
3.818756680084310906e-01
3.870064660124356570e-01
4.019527852139776480e-01
4.211575003133357642e-01
4.295377466256473653e-01
4.199142501652512460e-01
4.166629323631315107e-01
4.257879418977391639e-01
4.472120545152080684e-01
4.335212680916371020e-01
4.320765415314862801e-01
4.302175446851261298e-01
4.274536502353490364e-01
4.530157613831682917e-01
4.732715210302206876e-01
4.596258311193824886e-01
4.549312404591964176e-01
4.612392729200532338e-01
4.699365826519725231e-01
4.916567209000415328e-01
4.972722133404892664e-01
4.917504521687701136e-01
4.925629641076464393e-01
4.893386453130667557e-01
5.057415344342014452e-01
5.070381075009776639e-01
4.877204300113332502e-01
4.888215336265232525e-01
5.047959003432235248e-01
4.942688876237641415e-01
4.894983577683413301e-01
4.966111004461202794e-01
4.910250771724467000e-01
4.929143856108367805e-01
4.932190248639700680e-01
