2.250000000000000056e-01
0.000000000000000000e+00
7.261651927367555048e-01
6.239954536967005083e-01
7.267141885335928198e-01
7.569281653632775608e-01
7.564059175220312348e-01
7.580708036939663996e-01
7.526177885876433882e-01
7.515176045737731458e-01
7.479271447155239061e-01
7.510292936447154899e-01
7.499977840550610120e-01
7.448029599502323794e-01
7.489180849346575020e-01
7.576159529185496622e-01
7.559911140595089174e-01
7.537026853516631819e-01
7.533499534424851207e-01
7.534078381168037852e-01
7.534190381362269040e-01
7.533945007158825424e-01
7.533462065522792406e-01
7.532849699286342515e-01
7.532192911235366939e-01
7.531550850518676787e-01
7.530959573456743605e-01
7.530437205381478316e-01
7.529989401766497004e-01
7.529614015994369192e-01
7.529304609603165721e-01
7.529052849959207983e-01
7.528850011336273296e-01
7.528687827355537987e-01
7.528558910552892725e-01
7.528456903068391215e-01
7.528376472747806414e-01
7.528313229217341584e-01
7.528263605791789548e-01
7.528224733711103012e-01
7.528194322816060824e-01
7.528170555220550231e-01
7.528151994172049832e-01
7.528137507918415405e-01
7.528126207242682444e-01
7.528117394867949175e-01
7.528110524862378083e-01
7.528105170295391613e-01
7.528100997604628697e-01
7.528097746362435450e-01
7.528095213353765969e-01
7.528093240074973380e-01
7.528091702938350949e-01
7.528090505605536942e-01
7.528432725359707200e-01
7.742635457868752846e-01
7.519311310893400657e-01
7.548383229357541468e-01
7.280448592438120148e-01
7.244065077239616457e-01
7.554288042546051241e-01
7.551909750485413797e-01
7.417235252331703110e-01
7.492175594434391517e-01
7.528347603329997861e-01
7.474512373979942392e-01
7.405884457423600464e-01
7.371559569357489794e-01
7.419326251942833794e-01
7.409380922264474645e-01
7.346762744286395863e-01
7.299735661523590879e-01
7.264554549389147242e-01
7.261342834403033963e-01
7.305456800214933377e-01
7.461114949482660075e-01
7.506862270770927603e-01
7.603881671332468617e-01
7.749181137429211885e-01
7.913220456897354094e-01
7.876643247384551572e-01
7.903013864911957453e-01
7.821852859148964443e-01
7.920973210138158027e-01
8.040206315289520900e-01
8.075914836065776203e-01
8.085623818107944283e-01
8.083663535449178150e-01
8.123195062253650844e-01
8.115522752162858122e-01
8.138261556817929510e-01
8.079292496872448881e-01
8.055747512480035954e-01
7.964515939889926788e-01
7.977170712539857211e-01
7.924094005641959537e-01
7.841524603878120558e-01
7.774638389655588178e-01
7.686714515972989936e-01
7.624802068634364272e-01
