2.250000000000000056e-01
0.000000000000000000e+00
0.000000000000000000e+00
0.000000000000000000e+00
0.000000000000000000e+00
0.000000000000000000e+00
0.000000000000000000e+00
0.000000000000000000e+00
0.000000000000000000e+00
0.000000000000000000e+00
0.000000000000000000e+00
0.000000000000000000e+00
0.000000000000000000e+00
0.000000000000000000e+00
0.000000000000000000e+00
0.000000000000000000e+00
0.000000000000000000e+00
0.000000000000000000e+00
0.000000000000000000e+00
0.000000000000000000e+00
1.731434517107813542e-01
1.414055108720524978e-01
1.397120081326255481e-01
1.605722865186862136e-01
1.552015760679193168e-01
1.684419850013594289e-01
1.652178225355673824e-01
1.917510244322856439e-01
2.505103409921594637e-01
3.892272990040084868e-01
4.778548571829330793e-01
1.198611673155965729e+00
1.264935516771062973e+00
1.295441098505899280e+00
1.303776619453255625e+00
1.280122127324067272e+00
1.301302332717541255e+00
1.302190595732372502e+00
1.289657887485074594e+00
1.270906110877969564e+00
1.244158656575121480e+00
1.238935381113194900e+00
1.208113971529440667e+00
1.208175937169139402e+00
1.190145003956907033e+00
1.212933766626353771e+00
1.195585942604911800e+00
1.183373409844276525e+00
1.210748804201066564e+00
1.177104167922962352e+00
1.181851864241740602e+00
1.179731108692000596e+00
1.163805245919848241e+00
1.174491285101085358e+00
1.171090864068215609e+00
1.161967557449822497e+00
1.139967511664020439e+00
1.139579875877555937e+00
1.162045524782120420e+00
1.160034175252934396e+00
1.158155088655355991e+00
1.169342075054806029e+00
1.158690706750982180e+00
1.155635007664129743e+00
1.154718024973204082e+00
1.184473984785277878e+00
1.182065956184865430e+00
1.186996353868545073e+00
1.188430062640531748e+00
1.201432009663639278e+00
1.203983074310980284e+00
1.204790087004352861e+00
1.216097819184521089e+00
1.218771924944791918e+00
1.232903274104365066e+00
1.254102668769054407e+00
1.260232586137918220e+00
1.255879759414822106e+00
1.258629885050866370e+00
1.256667760375906218e+00
1.271753554918227058e+00
1.281487636070618441e+00
1.283111675479546410e+00
1.290971819959334521e+00
1.289232017041028300e+00
1.291957524775446009e+00
1.330067281473011009e+00
1.336295829039709560e+00
1.344275383816271319e+00
1.353249397254119746e+00
1.354075688145110368e+00
1.378030279702326721e+00
1.376597582143612941e+00
1.377852078849433282e+00
1.373084637917793671e+00
1.355943081934698924e+00
1.340544386206882876e+00
1.322267365524198990e+00
1.320077760266628264e+00
1.315545292960359491e+00
