2.250000000000000056e-01
0.000000000000000000e+00
6.832552959921710245e-02
6.832552959921710245e-02
6.824890960191754008e-02
1.790716836263955836e-01
1.652003374137707981e-01
1.725809241113282766e-01
2.315684142173174420e-01
2.232173110755657497e-01
2.150984008345953602e-01
2.338148166011992934e-01
2.216461896978739188e-01
2.737543536763354379e-01
2.644889388401042707e-01
7.863565429912352522e-01
7.948322128677327569e-01
8.965363146995323218e-01
8.868207656850788378e-01
8.702179098412313740e-01
8.517904209315376729e-01
7.862414267577696458e-01
8.072645561353246624e-01
7.350085838135224092e-01
7.176871849130221914e-01
7.057278136212211672e-01
6.620151360064506774e-01
6.664630419101730263e-01
6.701530200487876288e-01
6.673693222594503371e-01
6.914843300431650075e-01
6.924576390019651084e-01
6.979576742604312045e-01
7.007730238686680213e-01
6.884640551049406865e-01
7.047883979598131843e-01
7.273051128616263572e-01
7.565621039307111051e-01
7.724328856210143091e-01
7.771346405735234386e-01
7.879632271739969163e-01
7.988859330992018615e-01
8.230801670011443916e-01
8.354177635598625251e-01
8.488333719175877867e-01
8.454254248054641208e-01
8.503969860866936736e-01
8.553797617535759956e-01
8.609007961507038065e-01
8.582379800506404477e-01
8.523286813923851568e-01
8.448554848125712224e-01
8.273253091533182557e-01
8.213210832948877327e-01
8.208843510108969621e-01
8.209387809234458544e-01
8.179831285419816300e-01
8.101898802033367097e-01
7.998885435358221718e-01
7.963792680738405183e-01
8.000751676319901584e-01
7.990785846280615834e-01
8.056737475647915980e-01
8.123181006806320381e-01
8.159273159106454898e-01
8.099444817426365573e-01
8.142510550138422065e-01
8.072828021741701443e-01
8.049315481065040245e-01
7.974136924501316059e-01
7.910455017220718865e-01
7.936310350658822843e-01
7.926228509707871073e-01
7.972733099283867420e-01
7.971510416848330838e-01
8.033710437700589679e-01
8.003980849957246235e-01
7.993465918731569309e-01
7.896980275847120812e-01
7.875089099829920558e-01
7.881928187178094403e-01
7.778907953165787870e-01
7.740862591892468947e-01
7.733475018075142149e-01
7.709468258024012588e-01
7.756988826084263433e-01
7.723069923709017237e-01
7.742589427808983515e-01
7.775531303125149396e-01
7.750874329202769308e-01
7.814921035603882293e-01
7.779285596034052341e-01
7.835287390065076574e-01
7.896188941945665452e-01
7.882295281902579331e-01
7.899226824743452724e-01
7.847999999649306613e-01
7.847253460402980885e-01
7.816734836042167345e-01
7.759917525300897845e-01
