2.250000000000000056e-01
0.000000000000000000e+00
7.556652744974499958e-02
7.557070811169686042e-02
7.391980502358162786e-02
7.557602257091329545e-02
7.558145427152455909e-02
1.090547534690008979e-01
1.107249710933411041e-01
1.253799209038439499e-01
1.270207439589932930e-01
1.284344260293655837e-01
1.296286680825575743e-01
1.667445149813887029e-01
1.737525154153913287e-01
1.866975707465257095e-01
1.888690265067476670e-01
1.906716408487942882e-01
1.921528660741588790e-01
2.143636720102990723e-01
2.004586048336895465e-01
2.261076029455104108e-01
2.278075067193278402e-01
2.261964695072092857e-01
2.011298635977599725e-01
2.109138848598217097e-01
2.092884485488434032e-01
2.230389989000387263e-01
2.239382382463025734e-01
2.178791786886419279e-01
2.179922899218618981e-01
2.451020902830373660e-01
2.456782126437734026e-01
2.662831210574936880e-01
2.772950925342058115e-01
2.832100055122648841e-01
2.819639585385852465e-01
3.102946250219519864e-01
3.115128276390716766e-01
3.302773916803577459e-01
3.506648255849798557e-01
2.753371241652871060e-01
2.633462313602641935e-01
2.660224043366491431e-01
2.499476049116443055e-01
2.722064870812231918e-01
2.603747282858853707e-01
2.922190554444203947e-01
3.002520139347933381e-01
2.921264698649550517e-01
3.196386649764477728e-01
3.530797994239397997e-01
3.567825807108892522e-01
3.698813613421881308e-01
4.714040621276870957e-01
6.060606764423230874e-01
7.727159606228024558e-01
8.584886179994734023e-01
8.741155842224032080e-01
8.833576557768800797e-01
9.159904432551728704e-01
8.678907577995296219e-01
9.160723565549445668e-01
9.494063387363457229e-01
1.081288185018430159e+00
1.146376817854519281e+00
1.205336481908617419e+00
1.184977291926524900e+00
1.166753371585262267e+00
1.146498925661233459e+00
1.140900263831908790e+00
1.168963205413434459e+00
1.155598727361737854e+00
1.165430917616044670e+00
1.165025013815264465e+00
1.144901038495892198e+00
1.174186572226480152e+00
1.164359273298204434e+00
1.171063097437392786e+00
1.155363888362262115e+00
1.171378805775578735e+00
1.142757348236705717e+00
1.118827099889146526e+00
1.119630661977310648e+00
1.105222626167893907e+00
1.064652729736069059e+00
1.041718099989078050e+00
1.033168497412946918e+00
1.005974297442580045e+00
1.001306557248170748e+00
1.004317434906619733e+00
9.828632749456056583e-01
9.304832945535650435e-01
9.417545223825108947e-01
9.448295574046853273e-01
9.226728959391995444e-01
9.014564102738694684e-01
9.134163705081470574e-01
8.882194948670001367e-01
8.771420848437480045e-01
