2.250000000000000056e-01
0.000000000000000000e+00
0.000000000000000000e+00
0.000000000000000000e+00
0.000000000000000000e+00
0.000000000000000000e+00
0.000000000000000000e+00
0.000000000000000000e+00
0.000000000000000000e+00
0.000000000000000000e+00
0.000000000000000000e+00
0.000000000000000000e+00
0.000000000000000000e+00
0.000000000000000000e+00
0.000000000000000000e+00
0.000000000000000000e+00
0.000000000000000000e+00
0.000000000000000000e+00
1.185787113819643190e+00
1.147949147339549114e+00
1.236410817330265033e+00
1.211147502815814292e+00
8.950441533657960136e-01
8.623966934138603824e-01
8.592086372041075615e-01
7.565033742920496129e-01
7.714511573997855365e-01
8.025875068984105187e-01
8.481368463345312358e-01
8.025611523575009176e-01
7.526041636764999598e-01
7.333236655485038114e-01
7.568538857143416454e-01
7.987008495456068280e-01
8.074233011698707108e-01
7.526031400464042731e-01
7.870366335178280437e-01
7.230618130226074136e-01
7.408843228909173240e-01
7.393455978336080925e-01
7.402902028825456560e-01
7.017450200102173241e-01
6.450010144766339382e-01
5.221360500963208029e-01
4.935850831977176556e-01
5.002065390873139394e-01
4.749735561394499150e-01
4.544854319938169129e-01
4.877954663900243570e-01
4.747599102649361913e-01
4.812776082048548787e-01
7.065264065852421282e-01
7.525986169433553918e-01
7.617463469923494435e-01
7.812499967006439894e-01
8.501199414643700880e-01
8.365796236227515115e-01
8.363951866118066736e-01
8.413000679089164269e-01
8.902007696141831516e-01
8.974670485425921829e-01
9.150906657156911983e-01
8.969409054168550055e-01
8.145765321726766706e-01
8.064604129026583523e-01
7.870543985141347232e-01
7.905130839013404520e-01
7.913610387375608068e-01
8.630717761130295429e-01
8.832820775679394165e-01
9.776304695333480899e-01
9.870817820651208718e-01
1.083042492083498010e+00
1.108126004305825640e+00
1.111113965358671241e+00
1.112720313161836616e+00
1.106374655713250332e+00
1.132195688045817938e+00
1.149847994341619994e+00
1.163481413373387507e+00
1.166284738927100495e+00
1.181463044695435505e+00
1.199264004199978473e+00
1.210694942696048271e+00
1.399490606105199930e+00
1.407437090386574718e+00
1.434051206946374002e+00
1.457355937320954142e+00
1.450894893533270391e+00
1.452257582638004418e+00
1.443645608922959678e+00
1.430441173092143803e+00
1.412043562528003449e+00
1.375549977952078340e+00
1.387847189076034216e+00
1.372391340141085880e+00
1.371823396972327913e+00
1.363293053319965198e+00
1.364956897408985848e+00
1.355959653240311757e+00
