2.250000000000000056e-01
0.000000000000000000e+00
0.000000000000000000e+00
0.000000000000000000e+00
1.523443083670547593e-01
1.523288743153624891e-01
2.247493981049074052e-01
2.254375345833604660e-01
2.308772498497861647e-01
2.797124865261395588e-01
2.772125549092736008e-01
2.787203169140565207e-01
2.800085391719294714e-01
3.349202887354650326e-01
3.377882921275655592e-01
3.401793637124961855e-01
3.974221399274091016e-01
4.032696270480661260e-01
4.090255433563000920e-01
4.077138437024794282e-01
4.658205411035484245e-01
7.824877064424492490e-01
8.162944431981146165e-01
8.562793878414308724e-01
8.762929064873177243e-01
8.766570590636862947e-01
8.892854984613692837e-01
9.647244613988782413e-01
1.012542363360002806e+00
1.023309539332345475e+00
1.026404721354432725e+00
1.045347524725084076e+00
1.080203667412243496e+00
1.089380992545491589e+00
1.106054950436328399e+00
1.117110253595885894e+00
1.170474005056412636e+00
1.182826906650033427e+00
1.194471503029848725e+00
1.192952900949685091e+00
1.198694855538257054e+00
1.202260242986540550e+00
1.210994312816427332e+00
1.214087762534346915e+00
1.197995987757187519e+00
1.202089943978902786e+00
1.200081115028747369e+00
1.193905988696370768e+00
1.184585573088342780e+00
1.187667598148159476e+00
1.214582839013516713e+00
1.215169547646778536e+00
1.206077547119666082e+00
1.192183951573386524e+00
1.174460998406787304e+00
1.167407984189365422e+00
1.131034743197796066e+00
1.098732010907369272e+00
1.013019600590724600e+00
1.010298687372784610e+00
1.026960840034466527e+00
1.019297369263049813e+00
1.027960367650258888e+00
1.040383371441802485e+00
1.044948601552614598e+00
1.051816856384216292e+00
1.059562062496948842e+00
1.066208900464245435e+00
1.070092950740542115e+00
1.064187295371809228e+00
1.064779401102394996e+00
1.105641543800643500e+00
1.116504719186289352e+00
1.125722377872907742e+00
1.134067583907559795e+00
1.132427027644830053e+00
1.135181377720857032e+00
1.131800218671395575e+00
1.123253426283923551e+00
1.128944990572238849e+00
1.124646434278090634e+00
1.098209494858165325e+00
1.091591484486809982e+00
1.074019582401941397e+00
1.067137434641693083e+00
1.054726290992986648e+00
1.014572325644194972e+00
9.812732913754985686e-01
9.800447637868607842e-01
1.017898817585076499e+00
1.035579730349492023e+00
1.021394493697728167e+00
1.010747249835438177e+00
1.029241478562862522e+00
1.028508919393151588e+00
1.047012066918756812e+00
1.032654369794621330e+00
9.976148644021693990e-01
9.780333182078723153e-01
9.757233160190924570e-01
