2.250000000000000056e-01
0.000000000000000000e+00
0.000000000000000000e+00
0.000000000000000000e+00
0.000000000000000000e+00
0.000000000000000000e+00
0.000000000000000000e+00
0.000000000000000000e+00
0.000000000000000000e+00
0.000000000000000000e+00
0.000000000000000000e+00
0.000000000000000000e+00
0.000000000000000000e+00
4.439125585028830812e-01
4.305179817708933432e-01
4.567360625692069021e-01
4.768778984858911274e-01
5.063369287637103922e-01
5.228090413036300399e-01
5.310133529956341247e-01
5.164878517785143064e-01
5.580556544356165549e-01
5.101632657824184403e-01
5.901037006131266693e-01
6.738909155173349319e-01
7.259812049916163357e-01
7.397968273672193007e-01
7.276162768581750928e-01
8.138321681083829917e-01
9.196269114581582249e-01
9.305456622980360359e-01
9.528450419887308787e-01
9.385281373364634527e-01
9.341096900423491167e-01
9.731203868417965808e-01
9.587686033048716805e-01
9.378967640527952065e-01
9.391785356828596942e-01
9.089789469608732242e-01
9.003744269670427292e-01
8.899325455595357148e-01
9.214658422486731171e-01
9.364897490623174114e-01
9.259002425553046756e-01
9.649117128401299981e-01
1.021923429204690592e+00
1.014101994059860568e+00
9.818046809397507069e-01
9.805843870677197760e-01
9.984527150217338276e-01
1.026700590943245617e+00
1.047959360665041473e+00
1.055209084455349222e+00
1.079871167845425362e+00
1.083175531522287960e+00
1.104065913757424466e+00
1.086339583687203847e+00
1.100812936444923729e+00
1.103174388383276971e+00
1.082827911574703261e+00
1.065537148220234265e+00
1.166592384970644103e+00
1.146164201740551558e+00
1.211804255790507989e+00
1.216725061838499489e+00
1.202448233313753834e+00
1.177970672266350771e+00
1.159984639716389099e+00
1.147744812236517697e+00
1.105561731422158633e+00
1.086201077213378996e+00
1.061405809178528559e+00
1.050650847766255502e+00
1.038697999027363705e+00
1.029989500807066305e+00
1.049299820881859802e+00
1.040642353177086754e+00
1.033371262038006666e+00
1.012225153400765354e+00
1.031801924662149039e+00
1.028747682473630354e+00
1.049677471897790815e+00
1.031102141343598122e+00
1.030634627459102726e+00
1.007196771533258373e+00
1.002548606458124825e+00
1.011756980601627331e+00
1.018321830967678254e+00
1.016765572820437669e+00
1.028800100844116328e+00
1.037214414821574060e+00
1.026670171282197286e+00
1.084808464188719457e+00
1.107437940558249068e+00
1.146768473913480690e+00
1.142171084466585551e+00
1.137641871681467354e+00
1.136189604123495345e+00
1.141493000571094374e+00
1.134237471679799825e+00
