2.250000000000000056e-01
0.000000000000000000e+00
0.000000000000000000e+00
0.000000000000000000e+00
0.000000000000000000e+00
0.000000000000000000e+00
0.000000000000000000e+00
1.187557879344391942e-01
1.854794685575440749e-01
1.975326936637583075e-01
6.628650999788778808e-01
7.955589982136634930e-01
8.713551303461878339e-01
9.063865701674878039e-01
8.851114157713074748e-01
8.910186537081317137e-01
8.938338641392928885e-01
8.843828850445460965e-01
8.865881780036342086e-01
8.643313213019693242e-01
8.656436094530552960e-01
8.704284183640267347e-01
8.668442839463880167e-01
8.666853390351855202e-01
8.706700475805451145e-01
8.738082798592177181e-01
8.784149228570528045e-01
8.762056250289770309e-01
8.832046069494507989e-01
8.941118752098939915e-01
9.053710038247613223e-01
9.145933143075783978e-01
9.387074813238696080e-01
9.572588496062763852e-01
9.903359436817570360e-01
9.879430249505084527e-01
9.843846938384116507e-01
9.835648388646021090e-01
9.921988058074742156e-01
1.017484496220242507e+00
1.035265312713860908e+00
1.037186507598046648e+00
1.040723766925478744e+00
1.039813827701605353e+00
1.033166551907499064e+00
1.023457327114326354e+00
1.020399334731479479e+00
1.025790686262581186e+00
1.015606355084323287e+00
1.012509115721471842e+00
9.990352596950964337e-01
9.936892960161851640e-01
9.881467200752510616e-01
9.815739911939074247e-01
9.776546754582616794e-01
9.728615611241658856e-01
9.674704629617194573e-01
9.594408102460749710e-01
9.504764109928605098e-01
9.514458369443571373e-01
9.623908474155988824e-01
9.730814826121643168e-01
9.816029259321127354e-01
9.810299567896616502e-01
9.967155971723534735e-01
9.986819143098248919e-01
1.006341807641010666e+00
1.006287965508063209e+00
1.017880697634750531e+00
1.029833404322123558e+00
1.030669550736124096e+00
1.030345821684045093e+00
1.031851252988156498e+00
1.040048487056490778e+00
1.041123717029708295e+00
1.042807402756674051e+00
1.044369512267588895e+00
1.042867357468324041e+00
1.040347453564586466e+00
1.035829028199977353e+00
1.029318140788712199e+00
1.030612877608881206e+00
1.035410601902043481e+00
1.035290329573404611e+00
1.036383476264135295e+00
1.032999182924314585e+00
1.026711958072951569e+00
1.019351982540563473e+00
1.016249275024097454e+00
1.015239810717337932e+00
1.022685217218286757e+00
1.026253889685440290e+00
1.023021286967793264e+00
1.022276464976178856e+00
1.027349315292899856e+00
1.030299812248568259e+00
1.027389405944975742e+00
1.029453835722329957e+00
1.027834931794381568e+00
1.032677062695856574e+00
