2.250000000000000056e-01
0.000000000000000000e+00
0.000000000000000000e+00
4.950827833954678930e-02
2.201018332851474857e-01
3.277861038671450178e-01
6.664848612947380513e-01
7.056174628503117940e-01
8.688800929683474505e-01
9.530804883128397575e-01
1.063805899639111985e+00
1.103480495362644476e+00
1.135597078313411723e+00
1.127111251582711304e+00
1.110921848773113174e+00
1.110691658543327742e+00
1.152338826556436713e+00
1.145064951031741440e+00
1.166730107961571505e+00
1.144357225258450184e+00
1.108224600336729093e+00
1.089608846747319948e+00
1.093989985970788670e+00
1.102937948018493985e+00
1.125439264216266944e+00
1.124498566203782524e+00
1.121034346698455586e+00
1.130620718898018406e+00
1.119812195479581218e+00
1.114147492830284580e+00
1.116189073497987572e+00
1.102313030958972151e+00
1.087702468207898177e+00
1.085211018139032646e+00
1.077118247163288745e+00
1.077523097965980226e+00
1.069724413497982418e+00
1.079138152057357081e+00
1.071685979066684835e+00
1.077745874427551209e+00
1.067416756911814479e+00
1.072408387811760067e+00
1.087135438444774671e+00
1.095285052100466450e+00
1.095856729950979380e+00
1.105655643554250389e+00
1.119596622978164202e+00
1.120286851482293455e+00
1.108725233691147949e+00
1.100159070754939128e+00
1.090472887629094778e+00
1.086589695354468921e+00
1.079697146059645618e+00
1.077973476965723210e+00
1.082113461696093681e+00
1.081928677555456852e+00
1.086425806100991265e+00
1.084485901865214208e+00
1.084058359880559541e+00
1.077330040503898800e+00
1.093224003593270321e+00
1.098013995659988140e+00
1.101522059905756912e+00
1.118552531318024013e+00
1.119655291599240599e+00
1.119960357267453244e+00
1.120552039253134957e+00
1.109937157982634703e+00
1.112414868994729300e+00
1.110823551123114372e+00
1.109730412816788192e+00
1.114008368800838644e+00
1.115822850920420217e+00
1.120404845080848144e+00
1.109847683317685130e+00
1.101652953160800363e+00
1.100403987759221325e+00
1.094822607253217672e+00
1.095909063065200861e+00
1.102647700481923954e+00
1.097017269529751315e+00
1.092626412934675884e+00
1.088871803813614481e+00
1.080550394183488416e+00
1.073422180330258158e+00
1.083452791839638607e+00
1.086071719184461992e+00
1.093436014071119899e+00
1.100552975559486280e+00
1.101387685417163587e+00
1.107044069755919624e+00
1.110668032379543479e+00
1.106229723127083009e+00
1.091601329957133881e+00
1.085792858641826619e+00
1.096736027605108355e+00
1.105111345216492236e+00
1.113441052793104458e+00
1.107906844453951045e+00
1.113633510373667423e+00
