2.250000000000000056e-01
0.000000000000000000e+00
1.408835142325483458e+00
1.386168381421802209e+00
1.371346307137864429e+00
1.362664685065040349e+00
1.329622332271090945e+00
1.347098547756997444e+00
1.380505483624277829e+00
1.373101674626299618e+00
1.363285900770912162e+00
1.348332803212158870e+00
1.326103887112718205e+00
1.285778082828677116e+00
1.233402289120915984e+00
1.161851569433016484e+00
1.105030481922686159e+00
1.056902504420666133e+00
1.018162641889541531e+00
9.816835524469934571e-01
9.312320658870547607e-01
9.278707487386199659e-01
9.553881810963701371e-01
9.769703779225387130e-01
9.814503743190924334e-01
9.876025932813038422e-01
9.977742571067910182e-01
1.005500162906318939e+00
1.012624493653767610e+00
1.026740228057429150e+00
1.042122306157883038e+00
1.062474946958839039e+00
1.111090493935861012e+00
1.089625214987420820e+00
1.097532200183896745e+00
1.100788565964172516e+00
1.096494166410106885e+00
1.087436586252001458e+00
1.085096005736220226e+00
1.077723736462470328e+00
1.080345321264337244e+00
1.104052857278011723e+00
1.128258868007642191e+00
1.140289258312944032e+00
1.151127674286086977e+00
1.157893973095296403e+00
1.156880387097077190e+00
1.160216874796837772e+00
1.165297595286581389e+00
1.151478342209310668e+00
1.139911477250195260e+00
1.125363794278644969e+00
1.100002587334277138e+00
1.077965561673353667e+00
1.067271967668508514e+00
1.070139490038810148e+00
1.080727705041407694e+00
1.078812908091636213e+00
1.099245401534015620e+00
1.114495506570265304e+00
1.152469939342098737e+00
1.169111501509306539e+00
1.179351521144307968e+00
1.176713993379702394e+00
1.155095624259744991e+00
1.141528628305578774e+00
1.115329544014455943e+00
1.090530909772451817e+00
1.071466567178348539e+00
1.056327892027374427e+00
1.050617348716764266e+00
1.031147610807951143e+00
1.020620155368054727e+00
1.025151603063568562e+00
1.041083941129878232e+00
1.062390611378849048e+00
1.074891099093228553e+00
1.092743428810221351e+00
1.095097394413188541e+00
1.102409692330871716e+00
1.107776419698625947e+00
1.111628511086431681e+00
1.108609320195765191e+00
1.101045107766178033e+00
1.071556509438298166e+00
1.053575884846349897e+00
1.048997825077288670e+00
1.042952902376889313e+00
1.036251251567308351e+00
1.034984960149343269e+00
1.031119541482119262e+00
1.028887856127123746e+00
1.034016281311438190e+00
1.057996867673306252e+00
1.073182058999469168e+00
1.089524985479693120e+00
1.097480993204859701e+00
1.108042428554508074e+00
1.118368511448508018e+00
1.129188696150534854e+00
