2.250000000000000056e-01
0.000000000000000000e+00
1.283556295171734751e+00
2.038695872115486640e+00
1.884234998408888195e+00
1.907414626025104143e+00
1.891978731067550212e+00
1.923455692981528298e+00
1.947369718646573267e+00
1.903138412689516112e+00
1.921577534754904226e+00
1.862984483979240213e+00
1.808152835245678380e+00
1.723163257606774357e+00
1.694387192752531135e+00
1.647383642227027600e+00
1.629751896387328536e+00
1.637399702880127705e+00
1.625483175329701879e+00
1.612064467763044906e+00
1.674607827494616563e+00
1.699960476619942762e+00
1.717026001982384864e+00
1.764820816845857454e+00
1.766637559265434199e+00
1.765116258319052278e+00
1.780217199190625266e+00
1.758300330671678680e+00
1.737523800393567353e+00
1.737687343204193047e+00
1.765895667638461397e+00
1.739521027544192577e+00
1.724696673288767190e+00
1.721208644877306515e+00
1.702799634924319738e+00
1.740952763489001187e+00
1.793726351916917539e+00
1.809873549821179317e+00
1.805274864926060818e+00
1.768910011213965516e+00
1.749681744419392171e+00
1.724388485312166486e+00
1.717375489436331337e+00
1.730763680735354804e+00
1.725259645668322683e+00
1.720228351534877298e+00
1.734168331536171115e+00
1.735057274682016759e+00
1.733128974470570682e+00
1.759241271867318712e+00
1.778729217641654925e+00
1.780631147541068104e+00
1.784847923368436229e+00
1.791128697197762243e+00
1.803518303013718516e+00
1.802262533543230960e+00
1.797299237510368020e+00
1.782587479796118313e+00
1.775506272898805360e+00
1.782962549736112345e+00
1.764936894210843210e+00
1.760722621182726266e+00
1.760832502133974353e+00
1.750035035894663249e+00
1.729273244991900826e+00
1.736954263181342162e+00
1.727528391668939456e+00
1.743979447084031298e+00
1.753372434063551033e+00
1.765081836843458207e+00
1.763697949976099633e+00
1.763412975330292731e+00
1.767667800324738803e+00
1.780394670269585422e+00
1.775668904385919733e+00
1.783157087955474340e+00
1.790716620590485864e+00
1.803341911167050782e+00
1.813088095272186173e+00
1.811282851568911889e+00
1.799606613356809159e+00
1.790918941916584961e+00
1.794779238908683627e+00
1.799685375501770990e+00
1.792021340480871583e+00
1.775884062172018885e+00
1.767700679041720013e+00
1.760032192040383414e+00
1.759521646251993143e+00
1.759676735027374761e+00
1.764784921170883703e+00
1.769100854071694595e+00
1.764529532235774578e+00
1.763511681571245271e+00
1.754571194946648927e+00
1.750521103658313038e+00
1.746369966561652776e+00
1.744276054579001922e+00
1.748756655570975926e+00
1.749629010009730257e+00
