2.250000000000000056e-01
0.000000000000000000e+00
0.000000000000000000e+00
0.000000000000000000e+00
0.000000000000000000e+00
0.000000000000000000e+00
0.000000000000000000e+00
0.000000000000000000e+00
0.000000000000000000e+00
0.000000000000000000e+00
0.000000000000000000e+00
0.000000000000000000e+00
0.000000000000000000e+00
0.000000000000000000e+00
0.000000000000000000e+00
0.000000000000000000e+00
0.000000000000000000e+00
0.000000000000000000e+00
0.000000000000000000e+00
0.000000000000000000e+00
0.000000000000000000e+00
0.000000000000000000e+00
0.000000000000000000e+00
0.000000000000000000e+00
0.000000000000000000e+00
0.000000000000000000e+00
0.000000000000000000e+00
0.000000000000000000e+00
0.000000000000000000e+00
0.000000000000000000e+00
0.000000000000000000e+00
0.000000000000000000e+00
0.000000000000000000e+00
0.000000000000000000e+00
0.000000000000000000e+00
0.000000000000000000e+00
0.000000000000000000e+00
0.000000000000000000e+00
0.000000000000000000e+00
0.000000000000000000e+00
0.000000000000000000e+00
1.319321398633503950e-01
1.451834752488631031e-01
1.931482442631719254e-01
2.364307369868998143e-01
2.711412633427658370e-01
2.867126735748998789e-01
2.805843567319806220e-01
2.917554879490231179e-01
3.419434674731650081e-01
3.738300784158375967e-01
4.182351494803984715e-01
4.448484102206335389e-01
5.536291719276438261e-01
6.756754218002629653e-01
6.738850080285205824e-01
6.553188214713489002e-01
6.451444233816228113e-01
6.260766794770680210e-01
6.186616456995629454e-01
6.056869111715539322e-01
6.086387341455407052e-01
6.284900558774026980e-01
6.803897653796685541e-01
7.332553050567991448e-01
7.491250172357384329e-01
7.549398566867983051e-01
7.353755998998394716e-01
7.497440187139791101e-01
7.679493648706640085e-01
7.643701638707401935e-01
7.468215301449644405e-01
7.418421785468953811e-01
7.706681683629389434e-01
7.777457187852874210e-01
7.904447043312301524e-01
8.065584092806326044e-01
8.051262044804625706e-01
8.135921164008300677e-01
8.273799127105497808e-01
8.383895517503108241e-01
8.628511356527708287e-01
8.881139300572358231e-01
8.801116987168231542e-01
8.796573983269654340e-01
8.648350230122254789e-01
8.403246613921716568e-01
8.456057178709166511e-01
8.479517440452329913e-01
8.471338234354311991e-01
8.305059084958752447e-01
8.315853339838572555e-01
8.293672221279330126e-01
8.237476795040026278e-01
8.241486842560636905e-01
8.277875555102216509e-01
8.333658311209409808e-01
8.524607803424836261e-01
8.689378705738907138e-01
8.867040647545773036e-01
