2.250000000000000056e-01
1.162551432561995224e+00
1.133580200914626301e+00
1.049008561316366661e+00
1.103901947266879624e+00
1.056470914386564264e+00
9.762091724645168833e-01
9.212629980644044814e-01
9.441916771325606916e-01
8.087539230802051060e-01
8.565632274776037169e-01
8.561953610138616222e-01
8.701453375023670000e-01
8.866939615901403560e-01
9.253820816451663323e-01
8.724353266994527845e-01
9.005976981132396419e-01
9.175009505976544633e-01
9.431333782041679825e-01
9.660585289299519207e-01
9.804664357622051574e-01
9.780601783141590344e-01
1.007405551303605762e+00
1.010877535646204972e+00
9.902065201599031807e-01
9.771772353609380346e-01
9.620684314801790649e-01
9.601728077906178660e-01
9.968447324210842897e-01
9.914428265966214182e-01
9.945399113071564656e-01
9.739440975061038896e-01
9.955180113471026049e-01
1.015402217469351109e+00
1.023678661080779984e+00
1.031008744559414270e+00
1.032042196762084973e+00
1.030390215077672034e+00
9.913249053202753958e-01
9.800817773571323110e-01
1.007931277021402838e+00
1.044442234347666254e+00
1.058281870950871006e+00
1.068351102148437537e+00
1.065804186940760623e+00
1.049539293459326617e+00
1.060170076918981019e+00
1.049723623875216116e+00
1.032853065236898571e+00
1.028610826963208380e+00
1.022009290213741428e+00
1.030979947220259207e+00
1.025284897592557476e+00
1.023155590391302328e+00
1.014062723270326538e+00
1.008458329118441466e+00
1.028128045333619678e+00
1.041078702099838882e+00
1.041664296322222238e+00
1.045611157903957977e+00
1.048761117347136951e+00
1.041271612381567735e+00
1.042517186219942049e+00
1.038969170984214818e+00
1.032245482498076239e+00
1.031949754355208526e+00
1.019491024134997037e+00
1.029331125311099493e+00
1.041335167054147970e+00
1.041794769501761087e+00
1.046721161690784552e+00
1.048159804827159647e+00
1.039416659959690792e+00
1.032440667947934321e+00
1.031413494709406242e+00
1.027820719867424959e+00
1.029864558749314041e+00
1.024469046364971270e+00
1.025800265719529758e+00
1.003411492123273074e+00
9.945635907050147662e-01
9.869273036861162529e-01
1.000305080058634610e+00
1.012146733505472573e+00
1.017704343624773911e+00
1.027554010882692825e+00
1.024034059824674880e+00
1.017781157481823184e+00
1.012204657624647730e+00
1.011411693415449120e+00
9.981849600045754611e-01
9.911347202825608882e-01
9.889782922625760531e-01
1.000828300941211557e+00
1.003506381809124104e+00
1.003685381678027122e+00
1.005838816242318190e+00
1.006239843211505169e+00
1.011858671693102618e+00
1.010617941259522201e+00
