2.250000000000000056e-01
0.000000000000000000e+00
0.000000000000000000e+00
0.000000000000000000e+00
1.952794350480064889e-01
1.952794350480064889e-01
2.805145773496484640e-01
2.801658443083085426e-01
3.112858583309938143e-01
3.192028973744202025e-01
3.203499189327204677e-01
3.516001545170783227e-01
3.516490070683789826e-01
3.088920248821055980e-01
2.664656327112093215e-01
2.822270905749316161e-01
2.920728279564020480e-01
2.901457645243374905e-01
2.950152171628189768e-01
3.087359127048581176e-01
2.961433907180740510e-01
3.156452830606488735e-01
3.323650665519290448e-01
3.533947792229677476e-01
3.475785376754189637e-01
3.567059687467402651e-01
3.720975105560651586e-01
3.857215299212282678e-01
4.012846677433964393e-01
4.237581559001030174e-01
4.393773315425090198e-01
4.574280918823201425e-01
4.531725746342072925e-01
4.715087554963995897e-01
4.787945157616226854e-01
4.934321532877493643e-01
5.065008320214458015e-01
5.060235137895880975e-01
5.317338371393569574e-01
5.974157606081104133e-01
6.224928609348380215e-01
6.565015310624099376e-01
7.066504389655553497e-01
7.512398798006977296e-01
7.763536488646800571e-01
8.214306143217244838e-01
8.442609607605433553e-01
8.730138424806739295e-01
8.735508786744983212e-01
8.827812604992737455e-01
8.787772254475471057e-01
8.730430670989904884e-01
8.638186861854121323e-01
8.591443776595453219e-01
8.417977167292033380e-01
8.281304230389474608e-01
8.270679180670792441e-01
8.241213109724634389e-01
8.181665388309662390e-01
8.255324107786216059e-01
8.335973024928358122e-01
8.479055415408283114e-01
8.563701015709214159e-01
8.599458369871775254e-01
8.618740140106077030e-01
8.643350842635593168e-01
8.654902275385900623e-01
8.707469231562571244e-01
8.737550457247615920e-01
8.784570959436858173e-01
8.873405977741940509e-01
8.976976917916177356e-01
9.020300299828200030e-01
9.065688714280333294e-01
9.091775397760261113e-01
9.063534261586283503e-01
9.081221204705542949e-01
9.094589906154894043e-01
9.123196382851496145e-01
9.186155049746477230e-01
9.244433072443478672e-01
9.284691367766108039e-01
9.285812252842867709e-01
9.321519444637156315e-01
9.429369729909905518e-01
9.460384783721771385e-01
9.455163106800907880e-01
9.421992030162260612e-01
9.345236027026549985e-01
9.270069153289617336e-01
9.213659136755181223e-01
9.125787107065255199e-01
9.083513012452819613e-01
9.032012997705093360e-01
8.960872349389037428e-01
8.935371718774017813e-01
8.938903226756281795e-01
8.964880025037288425e-01
8.969511981711327797e-01
8.998681213533696877e-01
