2.250000000000000056e-01
0.000000000000000000e+00
0.000000000000000000e+00
0.000000000000000000e+00
0.000000000000000000e+00
0.000000000000000000e+00
0.000000000000000000e+00
0.000000000000000000e+00
0.000000000000000000e+00
0.000000000000000000e+00
0.000000000000000000e+00
0.000000000000000000e+00
0.000000000000000000e+00
0.000000000000000000e+00
0.000000000000000000e+00
0.000000000000000000e+00
8.056926619546325719e-02
1.335269326086231667e-01
1.663845457826366725e-01
1.961305021098861678e-01
2.183018542723276501e-01
2.388530376909732966e-01
2.605743489000785784e-01
3.566677262148869043e-01
5.583079801388022290e-01
6.144543282216531344e-01
6.724493421988814168e-01
7.102106548624280702e-01
7.168177422601875737e-01
7.442913804026574098e-01
7.479568643617591217e-01
7.463226848866710839e-01
7.324291236346971434e-01
7.345054624735045667e-01
7.614144318046973670e-01
7.650449808464889756e-01
7.565021560697448022e-01
7.141225014492946777e-01
7.222770814915344673e-01
7.290142047629767363e-01
7.090564006259079122e-01
6.902093623346030604e-01
6.873499905366596829e-01
6.893464756518016268e-01
6.837295778311119898e-01
6.760727315094788858e-01
6.698115236630904912e-01
6.737768149323078992e-01
6.841117748922208586e-01
6.940672755312650155e-01
7.041217666993940805e-01
7.154066320002635537e-01
7.262284763733650728e-01
7.407887175513959699e-01
7.679886259297382667e-01
7.698210584290957614e-01
7.742189191023814976e-01
7.805864586310377051e-01
7.864035284479010679e-01
7.700978594781834330e-01
7.717849482916111503e-01
7.702565889415369238e-01
7.741367051340013461e-01
7.834694906535282222e-01
7.884494426268944256e-01
7.897662775566777205e-01
7.933452555059704592e-01
7.958326040934732282e-01
8.006827203803106308e-01
8.011200412541984450e-01
7.934489459147747725e-01
8.151894294068245950e-01
8.132252966494299962e-01
8.032339203465260757e-01
8.081000289462443309e-01
8.206984524396053748e-01
8.181157762581864334e-01
8.182037887318516223e-01
8.128576309652960630e-01
8.171123347662034853e-01
8.109762864364316037e-01
7.876912146109885660e-01
7.703902788801550994e-01
7.678434852344090400e-01
7.539485682439780456e-01
7.389305183483416695e-01
7.551526332027013177e-01
7.539977157963951848e-01
7.520212512875408262e-01
7.602668813529878111e-01
7.728705118366010485e-01
7.910659390832142090e-01
7.916370329928830163e-01
7.895978050898883049e-01
7.927830322001525598e-01
7.972183063863745867e-01
7.974817967580112299e-01
7.897094893748838329e-01
7.915622110472785300e-01
7.959085608454364857e-01
