2.250000000000000056e-01
0.000000000000000000e+00
0.000000000000000000e+00
1.795192350293427774e-01
1.104515701630238156e-01
1.095993216934938452e-01
1.062818051186600471e-01
7.241740476231877111e-01
7.449672434536556143e-01
7.371576508326184163e-01
6.384986531697541823e-01
5.925093703554240587e-01
5.881983635787124687e-01
6.235563090445743750e-01
6.671441576204349966e-01
6.573197961639783982e-01
6.461657309767345758e-01
6.726300403091990399e-01
6.738423368953481152e-01
6.676494015262754989e-01
6.646257144778525694e-01
6.683596402832865380e-01
6.739281456961395689e-01
6.906329678697110674e-01
6.897683463030906958e-01
7.022449852078747057e-01
7.012227852966239627e-01
7.145913657307949585e-01
7.217825574447769288e-01
7.307252708639326855e-01
7.618001828368240469e-01
7.638805573491039835e-01
7.663549712926164270e-01
7.649515408703460029e-01
7.717868458495653616e-01
7.879875363895072482e-01
7.835525339483239149e-01
7.984351026143269303e-01
8.198517514516450166e-01
8.170412079750272172e-01
8.104513211544625007e-01
8.045163700770427972e-01
7.962915723917509681e-01
7.898676107109311451e-01
7.906412127899659081e-01
7.997111271532513221e-01
8.160559107290302761e-01
8.110527507542185655e-01
8.233990405068477569e-01
8.314132374787865931e-01
8.240058310503425298e-01
8.192369272230941579e-01
8.186259945585718789e-01
8.145491680265751766e-01
8.083815159238266768e-01
8.065237261985792605e-01
7.938737382501079853e-01
7.822093489148396195e-01
7.739315996871638514e-01
7.693656186990064372e-01
7.770609854728648402e-01
7.816086981144934054e-01
7.803597814808524991e-01
7.880529187696526661e-01
7.946848254909493203e-01
8.094243088856718504e-01
8.050455177647536376e-01
8.052160681638829143e-01
8.015997500764246997e-01
7.981904655140368288e-01
8.033233242883975889e-01
8.003514303911345440e-01
8.182918370550036347e-01
8.297763768910623172e-01
8.272418239757728387e-01
8.231636200912877399e-01
8.260333452324722936e-01
8.177391447179827022e-01
8.126572679002087574e-01
8.085661742589350665e-01
8.125529645983812221e-01
8.161850246648330032e-01
8.258367144642588809e-01
8.199984930634548475e-01
8.124322743668793700e-01
8.050994165383698054e-01
7.948235884570878929e-01
7.829232052649970353e-01
7.728744602553082599e-01
7.666170643032653720e-01
7.926342142495170773e-01
7.881771593417596922e-01
7.811182466183659301e-01
7.745381765572468824e-01
7.630357059038461731e-01
7.528627287339360041e-01
7.466654612969796379e-01
7.371684327721418351e-01
7.353230948800064670e-01
7.550707271300521883e-01
