2.250000000000000056e-01
0.000000000000000000e+00
0.000000000000000000e+00
0.000000000000000000e+00
0.000000000000000000e+00
0.000000000000000000e+00
0.000000000000000000e+00
0.000000000000000000e+00
0.000000000000000000e+00
0.000000000000000000e+00
0.000000000000000000e+00
0.000000000000000000e+00
0.000000000000000000e+00
0.000000000000000000e+00
0.000000000000000000e+00
1.242569507646633875e+00
1.242569507646634319e+00
1.243544663178832277e+00
1.240501405981586647e+00
1.241152720258426712e+00
1.241932261323084985e+00
1.240105244584650324e+00
1.247186837844492580e+00
1.246719396507303790e+00
1.220462243979853145e+00
1.216081507964473341e+00
1.255554642862178660e+00
1.256426305831444656e+00
1.249105132304627164e+00
1.313218404936110417e+00
1.380626925917214365e+00
1.388067732650202446e+00
1.397573573803516211e+00
1.423893091448834136e+00
1.410924053394611466e+00
1.440912693968491753e+00
1.426447997094822506e+00
1.425800845171218967e+00
1.430714617740567185e+00
1.399757269193956155e+00
1.367487666945991664e+00
1.360231154776831319e+00
1.356078709072013222e+00
1.335134270590961680e+00
1.330982107174513818e+00
1.335614790402582130e+00
1.361880064765742526e+00
1.351181184914207023e+00
1.339607375760694552e+00
1.317245349462329518e+00
1.319312799405031100e+00
1.320297284797872006e+00
1.344839952833014163e+00
1.388762453315220524e+00
1.393991237621410528e+00
1.403695689669564262e+00
1.410362147633303920e+00
1.410520468329022670e+00
1.396859231867797257e+00
1.413161323227247523e+00
1.420027016061825575e+00
1.437076738281373833e+00
1.453896550777537655e+00
1.467093584420658958e+00
1.467290198743770757e+00
1.465560739788290157e+00
1.467945766373859762e+00
1.472367060386957860e+00
1.464639537417943727e+00
1.465608149515573944e+00
1.458469783822929688e+00
1.453324724985453731e+00
1.443188088199637731e+00
1.448239213664979763e+00
1.439481196326631629e+00
1.411169115608059021e+00
1.388801489791496868e+00
1.380728027686574544e+00
1.381673043926047395e+00
1.395039054866146211e+00
1.405906324800792140e+00
1.405248410422212269e+00
1.411957398482456938e+00
1.418919093277772436e+00
1.424478676093911211e+00
1.424160344262139111e+00
1.429810283906483015e+00
1.426885675560206401e+00
1.432744465692935565e+00
1.429431612710460708e+00
1.425094581242975167e+00
1.420087883632498826e+00
1.409402668565616690e+00
1.392398378027113415e+00
1.386645505248088162e+00
1.382628638192751946e+00
1.388567298025976005e+00
1.390717121250582222e+00
1.379984182055312036e+00
1.376902495688965944e+00
