2.250000000000000056e-01
0.000000000000000000e+00
0.000000000000000000e+00
0.000000000000000000e+00
0.000000000000000000e+00
2.661980693565121903e-01
3.402820128158084434e-01
4.251402171443569022e-01
4.365635743418880832e-01
5.041931215585171433e-01
6.307614002075987436e-01
1.043752394889292834e+00
1.023675765614972422e+00
1.171500815311358190e+00
1.283261796675203126e+00
1.272674409532167150e+00
1.311782937116164671e+00
1.406347506894287225e+00
1.481445409813557212e+00
1.523305673226436507e+00
1.581249805129419705e+00
1.623130892359757604e+00
1.655079543083026072e+00
1.647738480534806760e+00
1.666501593847907081e+00
1.679844864394809401e+00
1.697692523427601463e+00
1.702271543903335349e+00
1.703492561835373564e+00
1.712828557797288820e+00
1.716236762843025954e+00
1.715389775485294255e+00
1.717108602959029229e+00
1.720332836328381632e+00
1.726623257220763596e+00
1.740044239953906446e+00
1.755237274295191385e+00
1.761671385771885756e+00
1.752742268708007423e+00
1.769113812099097904e+00
1.776262803694478754e+00
1.791705448893212926e+00
1.795656921015100993e+00
1.796590957129072796e+00
1.777496834702142037e+00
1.744147828509513998e+00
1.745813568705055996e+00
1.734853090761360628e+00
1.723938710721247602e+00
1.702995484810079896e+00
1.686826391427244776e+00
1.702369839741786128e+00
1.705077272092753615e+00
1.715412476878531045e+00
1.719081816607348934e+00
1.721710035797564542e+00
1.727105387683972593e+00
1.733166016396882059e+00
1.720321333278649778e+00
1.726566146152382242e+00
1.728883652092290557e+00
1.753407056130793062e+00
1.763618944195979088e+00
1.779375996898018286e+00
1.774218695391512890e+00
1.770894584815971839e+00
1.772859898872292339e+00
1.771187734844747341e+00
1.761816085341576521e+00
1.745410620612853014e+00
1.741203067588876108e+00
1.747233524939763472e+00
1.745564665535570992e+00
1.755409432901960276e+00
1.765408039337498236e+00
1.746699696939896906e+00
1.722559134213859755e+00
1.721965645775607401e+00
1.725415512180894284e+00
1.736679809148994336e+00
1.736198202164963345e+00
1.751690682966117629e+00
1.747322433526081076e+00
1.750986157237021112e+00
1.755897516578215800e+00
1.751136485088555572e+00
1.751746920421036524e+00
1.746973593870993158e+00
1.744424271143113936e+00
1.746668361749976306e+00
1.742951466080417511e+00
1.760101689114890844e+00
1.760644514374438030e+00
1.754322670451864852e+00
1.743818562980339326e+00
1.725549135994333794e+00
1.712386638748297774e+00
1.713587580763999973e+00
1.729882846127924312e+00
1.748786716733416569e+00
