2.250000000000000056e-01
0.000000000000000000e+00
0.000000000000000000e+00
1.920554395663022773e-01
1.662050008724376970e-01
1.551805610283547854e-01
1.553115873924111323e-01
1.892755702682007712e-01
1.796609963198498305e-01
1.824786677542449831e-01
1.813700473672286151e-01
2.173119643510690868e-01
2.230517293944580259e-01
2.278070115999786260e-01
2.324079045989316250e-01
2.364854110041074431e-01
2.668659833402394765e-01
2.845679663383089975e-01
2.868736793323946599e-01
2.990028663846028834e-01
3.001303697710991369e-01
3.135445865566861001e-01
3.483934120631091980e-01
3.504205389226067724e-01
3.625344516878433732e-01
3.684543570424503867e-01
3.737272808839722238e-01
4.227975693613773567e-01
4.282017742313167230e-01
4.269108531432633247e-01
4.296214251827894515e-01
4.458017337850693762e-01
4.481738319145124883e-01
4.731799671964970755e-01
4.562120141183027555e-01
4.643583454154950330e-01
4.430036328729586859e-01
4.199160865050796665e-01
4.006841296659617302e-01
4.442403928171331784e-01
4.426734202564426846e-01
4.168010381497770367e-01
4.151849382911630970e-01
4.128515256332859762e-01
4.062087587926130339e-01
4.430766806103770272e-01
4.322907147322258559e-01
4.455228329023622202e-01
4.503782393735470402e-01
4.479767366768904191e-01
4.667818566589275742e-01
5.491260605185550592e-01
5.539935600975566254e-01
5.587746073842265737e-01
5.441051936188716631e-01
5.285699691027088143e-01
5.667269844414470903e-01
5.496129768558581929e-01
5.736748611298789768e-01
5.683813424368515665e-01
5.988014817806550649e-01
5.948564542541822098e-01
5.786740805431191959e-01
5.902444084795963608e-01
6.336653510018188662e-01
6.562575002077886133e-01
6.940835263429898649e-01
7.171033875315170336e-01
7.423803611513699607e-01
7.549903500171715187e-01
7.753406057204518254e-01
7.987673217097494005e-01
8.098476934135894201e-01
8.223965611862654734e-01
8.135017377296286378e-01
8.064353043260253928e-01
7.992794086221011174e-01
8.029026181489167246e-01
8.198121842557155592e-01
8.292500775347290132e-01
8.385157041682590462e-01
8.352530239617173002e-01
8.227707002078787912e-01
8.198644906009427968e-01
8.435954143408572747e-01
8.446651231109125746e-01
8.323400043342742416e-01
8.293078713916911537e-01
8.340414242596591032e-01
8.246696547598458826e-01
8.395795781044775863e-01
8.328878817555366298e-01
8.337908125484284616e-01
8.313165651403282563e-01
8.274760545211793383e-01
8.345186691682292546e-01
8.327921134789577629e-01
8.324878486694311519e-01
8.505128000396210419e-01
8.446896160121729613e-01
