2.250000000000000056e-01
0.000000000000000000e+00
0.000000000000000000e+00
2.818663859136553151e-01
2.511439307567729373e-01
2.507823914040723801e-01
3.557893472286289827e-01
3.447260342914854059e-01
3.276162363807547107e-01
3.277140016810691781e-01
4.119208018527831805e-01
3.913101779357051613e-01
3.960821128494261267e-01
3.971269509490347738e-01
4.810373730199969389e-01
4.687607407567179751e-01
4.586695735408009567e-01
4.891361177239935687e-01
4.862374078419237078e-01
5.044858830233839297e-01
5.231933443354649382e-01
6.588052120011780310e-01
6.654255092984492359e-01
6.820127550637863356e-01
6.385944292105547593e-01
5.998511964410963015e-01
5.450666716067045225e-01
5.635607056891247524e-01
5.836906657920500896e-01
6.562128421008251999e-01
7.148470326348151938e-01
7.994033755212787140e-01
8.470725801973476576e-01
8.458186167800255673e-01
8.513637234006047327e-01
8.565132639219227295e-01
8.668394382879454074e-01
8.658655125018991372e-01
8.647959961738821422e-01
8.862779701055096826e-01
9.130938655897521405e-01
9.598939653336129307e-01
9.958516701126234327e-01
1.017542140406798801e+00
1.029185944250586182e+00
1.040129356294136054e+00
1.040640309750276771e+00
1.039230713141965134e+00
1.033896735319075333e+00
1.038608696639526263e+00
1.037752667463869072e+00
1.042925680722933457e+00
1.049653708749342274e+00
1.055523376530342006e+00
1.055029162930162245e+00
1.060193449236586538e+00
1.068944248352812654e+00
1.070288480333252190e+00
1.071310314109434669e+00
1.071304360320799898e+00
1.076252699312051808e+00
1.086948707728541352e+00
1.089904543198864983e+00
1.085742267954428852e+00
1.092244382739832709e+00
1.100757694053689617e+00
1.107832781038284198e+00
1.106087152603366208e+00
1.098517247063595326e+00
1.088928503310035545e+00
1.091725638490919970e+00
1.093454511823114039e+00
1.092475648903161733e+00
1.090053978607789853e+00
1.089870820278222130e+00
1.094847678121329881e+00
1.096863554970831878e+00
1.101316952741644650e+00
1.101807135249371461e+00
1.101394396983932378e+00
1.098867177671499773e+00
1.101980042882729105e+00
1.102603663599921457e+00
1.099642351749215097e+00
1.094922965570613638e+00
1.093788427303685307e+00
1.095110142439634338e+00
1.095687528926406085e+00
1.092572479638998617e+00
1.089292924445191879e+00
1.085584416215323200e+00
1.082408667079686415e+00
1.083573302106187075e+00
1.085997396971169593e+00
1.087865607371312660e+00
1.087494133289900411e+00
1.092190057602592690e+00
1.095482334757465148e+00
1.100294915611808255e+00
1.103117980176971491e+00
