2.250000000000000056e-01
9.833714375729152302e-01
1.171747579877426837e+00
1.333422199215601900e+00
1.236377957040627917e+00
1.159874893749260227e+00
1.206165844986315516e+00
1.147793402357557113e+00
1.124743357395024956e+00
1.053304990204815494e+00
9.829778122089274373e-01
9.484278988049194004e-01
8.793778948002923812e-01
8.006999530724741021e-01
6.779822442562295493e-01
7.243449043614731409e-01
7.789354199524318734e-01
7.848968630629650223e-01
7.671761604429409021e-01
7.495275096593512210e-01
7.733339196719996034e-01
7.676443333120336332e-01
7.794176099182913431e-01
8.009123615183479927e-01
7.726510675053078758e-01
7.353033259061796389e-01
7.750159298451081424e-01
7.894355198644932292e-01
7.943656389646938099e-01
8.014254238771498784e-01
8.071044563140763461e-01
8.200375151281483754e-01
8.284117316580709156e-01
8.463248253388931941e-01
8.624056528967090074e-01
8.760548188398237235e-01
8.796148223158694046e-01
8.846065897709408654e-01
8.806021031712308877e-01
8.690952967164455867e-01
8.678804499164129993e-01
8.730105552076163899e-01
9.787939096833782049e-01
9.428159852215246550e-01
9.044531279170986426e-01
7.877692474522026700e-01
7.615024184001233376e-01
7.593405109455467761e-01
8.043190756158915544e-01
8.103925756112732026e-01
8.380509450906218349e-01
8.974988161732936343e-01
9.180719034984096139e-01
9.294586907605655313e-01
9.862773700143819822e-01
9.974772117826188333e-01
9.991464720873486360e-01
1.036270090866394655e+00
1.028380309922706681e+00
9.905371701133484086e-01
9.385491844969113817e-01
8.660335190834285157e-01
8.220381767068886125e-01
8.882843337786920923e-01
8.480122843770441232e-01
8.661617506027206037e-01
8.699572769041421516e-01
8.618082698405725717e-01
7.788646602977724598e-01
7.837316901319867357e-01
8.107912188148579391e-01
8.152929832127726595e-01
8.077695793875129260e-01
7.953144417970015034e-01
8.197076940336607276e-01
7.995526638850027901e-01
7.992838068846174204e-01
8.374829915654520285e-01
8.679020128593565309e-01
8.315915059017870981e-01
8.129718080782147860e-01
8.208184319662532591e-01
8.214383427022807771e-01
8.112152537574620625e-01
8.170243123077278735e-01
8.495257251682147848e-01
8.700192160818350784e-01
8.714600314860394548e-01
8.860510693561597373e-01
8.655262898607500865e-01
8.251448758147609253e-01
8.113134170303138992e-01
8.146266299613993400e-01
8.252322710922324056e-01
8.274148524535298588e-01
8.013155554596144148e-01
7.983110587222473908e-01
8.001696074800966896e-01
7.987304742840618532e-01
7.956109471328982607e-01
