2.250000000000000056e-01
0.000000000000000000e+00
0.000000000000000000e+00
0.000000000000000000e+00
0.000000000000000000e+00
0.000000000000000000e+00
0.000000000000000000e+00
0.000000000000000000e+00
0.000000000000000000e+00
0.000000000000000000e+00
0.000000000000000000e+00
0.000000000000000000e+00
0.000000000000000000e+00
0.000000000000000000e+00
0.000000000000000000e+00
0.000000000000000000e+00
0.000000000000000000e+00
0.000000000000000000e+00
0.000000000000000000e+00
0.000000000000000000e+00
8.870249075380826076e-02
8.869928728019760289e-02
1.415104900947979916e-01
1.396374711943476621e-01
1.762975409618680322e-01
1.774792007332812172e-01
2.037492517360440791e-01
2.037006978362262410e-01
2.114390602561049548e-01
2.428599437012619877e-01
2.530921254753332184e-01
2.701545110989760912e-01
3.028820092972280276e-01
3.232480942004839486e-01
3.302960721135997924e-01
3.484398070183319929e-01
3.552446549005667253e-01
3.497502836155747530e-01
3.673335819955346193e-01
3.815739368401720455e-01
3.895337355826616332e-01
4.059627108279589280e-01
4.259842847469028637e-01
4.496455084164368010e-01
4.783399863355061732e-01
4.895266216628774147e-01
5.207840246514230387e-01
5.285220759687699887e-01
5.610698913875591387e-01
5.793160419723837329e-01
6.159380567165497755e-01
6.275517493730994323e-01
6.431000110966809125e-01
6.591610287362225096e-01
6.830638874891826751e-01
7.118873287393653326e-01
7.312992765996980671e-01
7.699416962472638293e-01
7.921568144383692722e-01
7.980080280820349703e-01
8.061360067504151905e-01
8.326257506138557973e-01
8.425937320778870143e-01
8.527996130740330694e-01
8.517216879265724350e-01
8.659243531560685270e-01
8.917744501609445873e-01
8.651413596192347732e-01
8.785338993421331066e-01
8.565738708103094456e-01
8.604018967828619413e-01
8.712236652299090167e-01
8.501024284913819562e-01
8.355033812406155169e-01
8.261885596355919015e-01
8.091861275851360835e-01
8.159453469305960605e-01
8.360929024503123141e-01
8.476826681199507441e-01
8.523266757106278124e-01
8.598112258672927499e-01
8.542824378263521590e-01
8.423053965370822516e-01
8.258916669234726005e-01
8.223541768563854548e-01
8.205438060870730022e-01
8.112671452815063411e-01
8.069727846667648086e-01
8.192075048360014655e-01
8.193045719021322393e-01
8.111297574243883091e-01
8.099041558183457390e-01
8.074677882722625100e-01
8.133892118316948805e-01
8.130710172881560061e-01
8.110180471068363373e-01
8.154711585523508610e-01
8.088706848838531638e-01
7.955608163534384492e-01
7.980228762493589700e-01
