2.250000000000000056e-01
1.248680086722546934e+00
1.248680086722546934e+00
1.253069861559478415e+00
1.135902190481912655e+00
1.134783200416412452e+00
1.133757559802053061e+00
1.151971340774231134e+00
1.106856201514320848e+00
1.093899263348182771e+00
1.107322561994377619e+00
1.092087985728454669e+00
1.090369021355396928e+00
1.034755604034071297e+00
1.017187600111201018e+00
9.664950328423206338e-01
9.580068329516034931e-01
9.486574229237427769e-01
9.014712715898101081e-01
7.690900577448576136e-01
7.240808806704518430e-01
7.325280731437160409e-01
6.989753072440232362e-01
8.027209306712318471e-01
7.821377538962402953e-01
7.778669621224687525e-01
7.713052627634552350e-01
7.548181134714020413e-01
8.190672331074497770e-01
8.107452845783914563e-01
8.230883431536779593e-01
8.329909961412791386e-01
8.137734046623650297e-01
8.332718712116485849e-01
8.269601543355854512e-01
8.241047719442394781e-01
8.040891222367912983e-01
7.899005628511275301e-01
7.854379799963834285e-01
7.854970376290023593e-01
7.846895112881897560e-01
7.775457484758759863e-01
7.743675695120421087e-01
7.772091826640813439e-01
7.602516997694647172e-01
7.515531388909789667e-01
7.449073157835085501e-01
7.401199703873665436e-01
7.349455449524673334e-01
7.483178363898416174e-01
7.369178151020844281e-01
7.535181773024741680e-01
7.536661593607421050e-01
7.610924181754321616e-01
7.611926257761064685e-01
7.701363651092971718e-01
7.871389917707268813e-01
7.867244527626328088e-01
7.835168284689650875e-01
7.831093017690434754e-01
7.899662365941066966e-01
7.815131881466037544e-01
7.734917364638268511e-01
7.738299393999450437e-01
7.951095785530977178e-01
7.939702208171052211e-01
8.002941717961258306e-01
8.107315018603710177e-01
8.016056646740660208e-01
8.050568168506462285e-01
8.138002449772181457e-01
8.131917347475376978e-01
8.185934873738016648e-01
8.147169527713955528e-01
8.034132571212420082e-01
8.025836671798279864e-01
8.008849519500669256e-01
8.112443375479546637e-01
8.107723607234880170e-01
8.115899479745996015e-01
8.062717454515775373e-01
8.048273950233201246e-01
8.021415075347477774e-01
7.950519623653062862e-01
8.006287996421667108e-01
7.940302143034796423e-01
8.026517553873334654e-01
8.145276832105767806e-01
8.225926164235201066e-01
8.261905364007452457e-01
8.177114447980182721e-01
8.106342677884160741e-01
8.130409928687584165e-01
8.266728688873149489e-01
8.357246624560283887e-01
8.435134814335603082e-01
8.490715857204852446e-01
8.462767751666460114e-01
8.439783599981799389e-01
8.364632145718898792e-01
