2.250000000000000056e-01
0.000000000000000000e+00
0.000000000000000000e+00
0.000000000000000000e+00
7.406659984906910354e-02
7.407021821245182713e-02
7.407371688282632372e-02
7.407700023937296985e-02
7.407999625935561550e-02
1.250451290422205930e-01
1.266872650888506147e-01
1.281031371328552881e-01
1.292979722932919850e-01
1.302887663626888515e-01
1.866372222007592896e-01
1.562929398098653611e-01
1.560392933041501451e-01
1.555908377868659709e-01
1.390072453481202008e-01
1.725696340595218037e-01
1.546713503649522758e-01
1.224629204443421632e-01
1.264276414873375387e-01
1.303484677114108981e-01
1.440075096980772407e-01
1.426057843163366923e-01
1.628077154749230371e-01
1.549954893950548918e-01
1.700468359015733233e-01
2.234944844576857992e-01
2.341840301802771696e-01
2.331369152484489560e-01
2.632001337222855675e-01
3.839488697472494549e-01
4.266923553064507768e-01
4.653589203592635171e-01
5.012030127039165395e-01
5.289167705803800024e-01
5.468837381707043477e-01
5.709421707366296728e-01
6.536909602390275076e-01
6.943281925594027015e-01
8.052155910421465723e-01
8.188082477118867608e-01
8.118166931286413535e-01
8.288427040516254118e-01
8.502957062931515431e-01
8.518121260459494692e-01
8.642430779928697016e-01
8.745883690882393369e-01
8.761992721963015596e-01
9.005415475882108112e-01
9.352580303073164680e-01
9.659636051995502681e-01
9.950311940276838074e-01
1.023147722941504911e+00
1.034492769598336581e+00
1.043839592152810747e+00
1.038668348519409701e+00
1.033329389170832613e+00
1.015556340407700819e+00
1.003415515402691582e+00
9.893142639825452944e-01
9.619256443374841758e-01
9.455941991684239101e-01
9.234399557513013335e-01
9.056350914745165959e-01
9.139445053747633496e-01
8.982771299693416145e-01
8.856435277090496383e-01
8.882527979545298269e-01
8.886707340142442346e-01
8.908880535790126842e-01
8.957902568135798216e-01
8.964561771888840402e-01
8.801944278895533769e-01
8.712434151543232419e-01
8.536590651149785769e-01
8.492734501939139813e-01
8.534847111121284247e-01
8.417715982025755217e-01
8.491452789062762241e-01
8.741731986742372618e-01
8.861122595939786573e-01
9.186838993917608720e-01
9.263241466288280046e-01
9.469961486996689715e-01
9.468073019056358897e-01
9.463235899674048435e-01
9.387431274868985875e-01
9.414190882746246158e-01
9.455604298812924080e-01
9.727538081925556357e-01
9.869265259697466153e-01
1.007207140646840582e+00
1.011012020641683717e+00
1.025482373267726954e+00
1.019132179919603587e+00
1.023459251747645071e+00
1.032018716408658943e+00
