2.250000000000000056e-01
0.000000000000000000e+00
0.000000000000000000e+00
0.000000000000000000e+00
0.000000000000000000e+00
0.000000000000000000e+00
0.000000000000000000e+00
0.000000000000000000e+00
0.000000000000000000e+00
0.000000000000000000e+00
0.000000000000000000e+00
0.000000000000000000e+00
0.000000000000000000e+00
0.000000000000000000e+00
0.000000000000000000e+00
0.000000000000000000e+00
0.000000000000000000e+00
0.000000000000000000e+00
0.000000000000000000e+00
0.000000000000000000e+00
0.000000000000000000e+00
0.000000000000000000e+00
0.000000000000000000e+00
0.000000000000000000e+00
0.000000000000000000e+00
0.000000000000000000e+00
0.000000000000000000e+00
0.000000000000000000e+00
0.000000000000000000e+00
0.000000000000000000e+00
0.000000000000000000e+00
0.000000000000000000e+00
0.000000000000000000e+00
0.000000000000000000e+00
8.882167091916542967e-02
1.415841497406938598e-01
1.424304847588118705e-01
1.931557975034329244e-01
2.008371977750919024e-01
2.033210005634948636e-01
2.593655381786285075e-01
2.703228054130352165e-01
2.748693769483674942e-01
3.056727890465597564e-01
3.428159417151537269e-01
3.558917201535213293e-01
3.616160450602169396e-01
3.310117336022347367e-01
3.261883693238700199e-01
3.457295642475684549e-01
3.311327341643616196e-01
3.111353750294003628e-01
3.267050910253320173e-01
3.200724622044027190e-01
3.046374287590738472e-01
3.174978913650674528e-01
3.245738783774097524e-01
3.459165103135443675e-01
3.667154127454216317e-01
3.701166824777961661e-01
3.808665899657292520e-01
3.852955185006502470e-01
4.152176813862000215e-01
4.289331500700719335e-01
4.544920975277422226e-01
4.784744344691546636e-01
4.963107041481077952e-01
5.116684772571180595e-01
5.283238477436783542e-01
5.474975325323401254e-01
5.728422465045540646e-01
5.870474798042044640e-01
5.927023598248658542e-01
6.004820058828902463e-01
6.105385158891378783e-01
6.201553426602384178e-01
6.132559458878236169e-01
6.027160880497568485e-01
6.006092161560718790e-01
5.935051342532969842e-01
6.102438149161353298e-01
6.198326717489912596e-01
6.267041815652749648e-01
6.412175415309313564e-01
6.422959735607001175e-01
6.518597953433903358e-01
6.616807812994285332e-01
6.656908791777534917e-01
6.964016612158746566e-01
7.101426420523540006e-01
7.025643187626118280e-01
6.951869991934285231e-01
7.076979670383914955e-01
7.230315007882986977e-01
7.382625408769403208e-01
7.469766916046419736e-01
7.558877857949088952e-01
7.532603958456046689e-01
7.547399297844252786e-01
7.493113018622037380e-01
