2.250000000000000056e-01
0.000000000000000000e+00
0.000000000000000000e+00
0.000000000000000000e+00
0.000000000000000000e+00
8.688826247532250857e-01
6.920688405999284587e-01
7.173589418591578282e-01
6.896908311080963694e-01
7.276397286165717793e-01
7.183291607946135082e-01
7.186133737125827148e-01
7.189020685678958467e-01
7.191772782348820892e-01
7.194274194228928998e-01
7.196466599934422392e-01
7.198335444732543165e-01
7.199894937269787354e-01
7.497095882649705834e-01
7.332792952617013249e-01
7.067908011735707374e-01
7.172143338529887169e-01
7.169534177182822487e-01
7.165420175590326846e-01
7.162102112720690750e-01
7.185818767816049002e-01
7.135776326359508648e-01
7.580688418111014570e-01
7.532863736486761219e-01
7.434806118318926238e-01
7.272050375075307382e-01
7.178435597206348495e-01
6.826919004807477931e-01
6.654325536149084952e-01
6.170719907035573382e-01
5.860049773368010140e-01
5.593608203838531523e-01
5.525517363145581173e-01
5.541222017345641682e-01
5.507991244650329854e-01
5.545877733821787947e-01
5.707584365659840175e-01
5.985595634172833357e-01
6.115689034322274731e-01
6.115095856521791662e-01
5.920655838217436795e-01
5.689030077372769778e-01
5.702371876478031787e-01
5.664907435147095160e-01
5.644331686227693767e-01
5.481115088612316111e-01
5.373115178444082263e-01
5.405313463443169875e-01
5.384797249603757718e-01
5.470088969462989503e-01
5.552316832517644185e-01
5.673532053786990437e-01
5.678706999159988111e-01
5.899261541105161877e-01
5.879651929049503067e-01
5.888372546960529696e-01
5.784046319932063529e-01
5.722693450597381437e-01
5.659734505862539233e-01
5.613958222603840920e-01
5.673566626833400628e-01
5.738697210198271392e-01
5.626402340237506294e-01
5.603137985736160731e-01
5.604967304149411911e-01
5.664073381901354454e-01
5.610556056806185188e-01
5.516228097069371117e-01
5.331125225807044066e-01
5.383902826794966234e-01
5.427149977280574245e-01
5.596723753933288137e-01
5.547165552642858710e-01
5.513774900141928947e-01
5.477916346468890696e-01
5.381566429352452330e-01
5.483048882704782967e-01
5.555302441041083394e-01
5.510915698600316048e-01
5.414353944623431225e-01
5.487548673865390025e-01
5.527533530700127207e-01
5.523541972335473949e-01
5.507632600501501940e-01
5.493999946397535306e-01
5.519345603903013098e-01
5.444878748304918803e-01
5.517709828836162567e-01
5.609769821426672243e-01
5.537482385040179977e-01
5.560961453409698496e-01
5.628418806930067797e-01
5.621090985929196870e-01
5.561168209843929677e-01
5.591346688622438332e-01
