2.250000000000000056e-01
0.000000000000000000e+00
0.000000000000000000e+00
0.000000000000000000e+00
1.867040804898950190e+00
1.845295399025567162e+00
1.823247380096010062e+00
1.807495688657574373e+00
1.795504523305915034e+00
1.703773651144631307e+00
1.691394732158206349e+00
1.528609978559930749e+00
1.435903954236240399e+00
1.343424154100946177e+00
1.252091225327519153e+00
1.148180549815241758e+00
1.175501337883350317e+00
1.281627817365948108e+00
1.270020367214882873e+00
1.243821588712068715e+00
1.284779026362437016e+00
1.266077032307990846e+00
1.246130969086751472e+00
1.256805450775860811e+00
1.244258640645939717e+00
1.245832124619085768e+00
1.258746031444416991e+00
1.278038645848827093e+00
1.285067360650615331e+00
1.313295392414834950e+00
1.328651786136581636e+00
1.325328195133937736e+00
1.312870786703722814e+00
1.321726543630114437e+00
1.335919585822832323e+00
1.341240407795386336e+00
1.342347875622549092e+00
1.344951637374546705e+00
1.347703428490336863e+00
1.334314698965255230e+00
1.332400317235255205e+00
1.335990116338287459e+00
1.324072722429967319e+00
1.322255615457760936e+00
1.320427905425948234e+00
1.312428503877259400e+00
1.319913983228894860e+00
1.326782667126279458e+00
1.331472052816363272e+00
1.327068928491088151e+00
1.325426750105499485e+00
1.330935758077544939e+00
1.321561497648395367e+00
1.317933617058080653e+00
1.317194218377519599e+00
1.320702282030987718e+00
1.323241095724035032e+00
1.320801750743613612e+00
1.322113140069447246e+00
1.316732375154307411e+00
1.313438438763291360e+00
1.312736366004721322e+00
1.301255699971578084e+00
1.292946216933198667e+00
1.287453605607243423e+00
1.273671881035505216e+00
1.267348151371708198e+00
1.261939971137855832e+00
1.258012688480639962e+00
1.251581972201919468e+00
1.265737904413401171e+00
1.270738703680534210e+00
1.285531553464549726e+00
1.289227864924287870e+00
1.295120323204499657e+00
1.302982900527810850e+00
1.305667211790689120e+00
1.310281682785187307e+00
1.306047505297978528e+00
1.302852743614580922e+00
1.300483750062617405e+00
1.301636889247369977e+00
1.301775520619784299e+00
1.299859752161563131e+00
1.298855762495763067e+00
1.291035072004902418e+00
1.287487880880696878e+00
1.290250776370165164e+00
1.278112324237364650e+00
1.273463517221479657e+00
1.274158294031501493e+00
1.276219137030560447e+00
1.279499746843066887e+00
1.274969149749674235e+00
1.290405712016809980e+00
1.294539327357479008e+00
1.295440360704166904e+00
1.296926726914717776e+00
1.291814963049586540e+00
1.296454459326248809e+00
