2.250000000000000056e-01
0.000000000000000000e+00
0.000000000000000000e+00
0.000000000000000000e+00
0.000000000000000000e+00
0.000000000000000000e+00
0.000000000000000000e+00
0.000000000000000000e+00
0.000000000000000000e+00
0.000000000000000000e+00
0.000000000000000000e+00
0.000000000000000000e+00
0.000000000000000000e+00
0.000000000000000000e+00
0.000000000000000000e+00
4.239860592611086054e-01
1.251234970128553003e+00
1.037216323300168774e+00
1.037187623944744619e+00
1.092690329709123276e+00
1.059645759309145507e+00
9.840687060275256082e-01
9.323145498364334705e-01
9.502013716849663227e-01
9.465207427367247073e-01
9.122313490959625959e-01
9.129737604871327461e-01
9.191129495753594947e-01
9.265353807575320566e-01
9.233937830716025807e-01
9.219905445647295084e-01
9.241055156414575977e-01
9.569750068315567848e-01
9.699267187664366574e-01
9.672944786993727950e-01
9.738525716602453031e-01
9.938782928291827190e-01
1.007580595030612036e+00
1.033122810347320897e+00
1.061519212475908747e+00
1.076648447545472731e+00
1.093938366503976134e+00
1.118078246086068317e+00
1.125393648236640454e+00
1.141717260656700317e+00
1.147782189907065042e+00
1.164136594876070685e+00
1.211657580925731059e+00
1.294476519670570758e+00
1.363512330311622112e+00
1.372277418865655907e+00
1.371648758238613208e+00
1.384545438954351670e+00
1.384888236397218142e+00
1.380685431971577115e+00
1.359590872820568785e+00
1.323976733267832495e+00
1.284400259101564412e+00
1.236625661955094602e+00
1.182961662249688128e+00
1.128190117981163310e+00
1.019574064585559547e+00
9.144316052711801701e-01
8.871074652011489148e-01
9.053556081670902644e-01
9.056253567489445100e-01
8.948089849849528710e-01
9.023917648487195242e-01
9.116623582838423445e-01
9.122337108018400142e-01
9.399862160722928239e-01
9.681651783534495070e-01
9.911649338073338367e-01
1.018547690759493696e+00
1.068329516483641273e+00
1.097580225639094298e+00
1.116630777830585952e+00
1.127074849422214031e+00
1.131973588768597994e+00
1.117201329661706710e+00
1.078102524416363561e+00
1.062030020158591714e+00
1.055270408468492738e+00
1.052581535929976830e+00
1.049013698738037625e+00
1.043664734574847097e+00
1.023232277268976587e+00
1.030364492554870948e+00
1.036433577180973842e+00
1.051556285762413445e+00
1.076627126190847328e+00
1.089520088039140910e+00
1.105262926113427246e+00
1.120959390409619116e+00
1.125235733790093340e+00
1.144979177260415426e+00
1.161901471259220830e+00
1.195129882468046967e+00
1.231661427717588353e+00
1.257608995632034432e+00
