2.250000000000000056e-01
0.000000000000000000e+00
0.000000000000000000e+00
0.000000000000000000e+00
0.000000000000000000e+00
4.813448064656870168e-02
1.268875216375668913e-01
1.851840500646083632e-01
2.230584316206189466e-01
2.468301390381044957e-01
2.999930813003738872e-01
2.839499769191274336e-01
3.817141997312509250e-01
4.284092918683347628e-01
5.493405463165161873e-01
6.377259500369151235e-01
7.562019769630234922e-01
9.196102730102383438e-01
1.000740545608050480e+00
1.010362986700340748e+00
1.006617352342525473e+00
1.055451262393187095e+00
1.085736323931176806e+00
1.087984220173137340e+00
1.094119048043485254e+00
1.097976145239289991e+00
1.106124265318908950e+00
1.115225902270046587e+00
1.119897303032014735e+00
1.105391248920637892e+00
1.115585168436762586e+00
1.127254438808291015e+00
1.135826064211170827e+00
1.150865638863757479e+00
1.155011333849654820e+00
1.151032670081124198e+00
1.147066457104112258e+00
1.141453104667262686e+00
1.106607288285658797e+00
1.096455894591288116e+00
1.111323188177158805e+00
1.125236939676584669e+00
1.133322312421515710e+00
1.082911291402072651e+00
1.066245260945857920e+00
1.073151348875505784e+00
1.082430649805091516e+00
1.079383706364653195e+00
1.094362839847460078e+00
1.116242542354746625e+00
1.115373416462773770e+00
1.096878655606909003e+00
1.076629197515826641e+00
1.068697961199131408e+00
1.080069294044571526e+00
1.084369298840200280e+00
1.080790353091629852e+00
1.083500849231978425e+00
1.099512879132869436e+00
1.107389535148339821e+00
1.112003215914700416e+00
1.118427171993823910e+00
1.122029748148062112e+00
1.108239308514174626e+00
1.106930019194838577e+00
1.102081611669372130e+00
1.109028632117284197e+00
1.116191442421986535e+00
1.128350728505667533e+00
1.111106224233038731e+00
1.108113348605893833e+00
1.116144500229432124e+00
1.121930098776289464e+00
1.115444076740498058e+00
1.099934947073333502e+00
1.091388647096486642e+00
1.085588546637699103e+00
1.070833053122109524e+00
1.067740913554182880e+00
1.063923078292402957e+00
1.060748656756398844e+00
1.066175837678234428e+00
1.053304788465774466e+00
1.020731781822207918e+00
1.009024909225157751e+00
1.009969501251558821e+00
1.016196766971126930e+00
1.020020002295553230e+00
1.019881223012109928e+00
1.024191342595772936e+00
1.028270219243246020e+00
1.041546249431546167e+00
1.045251163107529191e+00
1.037522009199553841e+00
1.035058772237937186e+00
1.026837979514288346e+00
1.024194709425312766e+00
1.028920621577913419e+00
1.030103798184211605e+00
1.030420906089622113e+00
