2.250000000000000056e-01
0.000000000000000000e+00
0.000000000000000000e+00
0.000000000000000000e+00
6.335222900833545889e-01
1.091005861670618637e+00
1.166189640060925292e+00
1.287276594817918562e+00
1.170604925581456568e+00
1.182766398239609051e+00
1.211457136705669901e+00
1.220210204154446698e+00
1.259706979824310569e+00
1.254676502711022046e+00
1.262500708861233667e+00
1.284477705570518102e+00
1.319118929465976198e+00
1.315687746171090078e+00
1.299567366720236761e+00
1.287049186403898204e+00
1.284151068455686273e+00
1.270066508246980863e+00
1.261699313346784201e+00
1.248622125972167707e+00
1.186567808724001916e+00
1.244695960969158355e+00
1.249714529303802557e+00
1.339970685658746330e+00
1.337212118387822501e+00
1.318929449067835158e+00
1.294382888404998155e+00
1.283623114783547292e+00
1.276661979617516707e+00
1.273759538265716751e+00
1.305546035716578235e+00
1.308598911291234845e+00
1.243521351842857170e+00
1.236097863816749021e+00
1.264946925847855841e+00
1.254754259593910959e+00
1.253778852551378220e+00
1.248614610898375776e+00
1.271203967843141047e+00
1.281582358941680599e+00
1.289139927359601590e+00
1.287728431752006353e+00
1.289806999253079844e+00
1.268106115032829662e+00
1.276255610710448352e+00
1.279200925725468840e+00
1.289263847186607581e+00
1.271321244240550374e+00
1.297624165391650708e+00
1.311070422048544293e+00
1.305297284762879206e+00
1.326122071737368735e+00
1.312476545874819545e+00
1.311480354776876300e+00
1.302681119691535105e+00
1.290521070973968953e+00
1.273812971524268978e+00
1.249511405308280310e+00
1.244404799937234074e+00
1.263016869693448063e+00
1.255419684657068879e+00
1.237241099441593883e+00
1.252133824502318360e+00
1.278301624243475487e+00
1.283640861822709978e+00
1.295296854550052279e+00
1.300487308511204532e+00
1.286706198123769296e+00
1.305557952541129163e+00
1.318633666401993532e+00
1.329975564254054499e+00
1.333084724153145606e+00
1.322696135798555828e+00
1.327579254555409261e+00
1.326620372547249627e+00
1.332626675975744801e+00
1.323316464632159128e+00
1.315984322567579357e+00
1.319653307774462547e+00
1.338171026725924140e+00
1.341738231239279378e+00
1.365401886947002819e+00
1.370120155869317902e+00
1.368976411185364173e+00
1.355051591212667494e+00
1.357980343534732626e+00
1.351962352021078617e+00
1.335176581028001630e+00
1.331815460860752864e+00
1.338718183972354758e+00
1.339388774407267224e+00
1.321773020523566933e+00
1.308644067888776741e+00
1.313064046593754641e+00
1.307584117052045691e+00
1.295637252516448124e+00
