2.250000000000000056e-01
0.000000000000000000e+00
0.000000000000000000e+00
0.000000000000000000e+00
2.440811880146768753e-01
1.739861870679200728e-01
2.366754203433841242e-01
2.381672599105017218e-01
2.121185631484259759e-01
3.027985574936870039e-01
2.616646216838151018e-01
2.609353868490831840e-01
3.293528771396119770e-01
3.088401701764347806e-01
2.966192048610910570e-01
2.872506998511344389e-01
3.536714562096756609e-01
3.404293032798497709e-01
3.223853903254571551e-01
4.154175336362023740e-01
4.220231999689834090e-01
3.992658868213184165e-01
4.700405897343865602e-01
4.642505851230007141e-01
4.608871027979182244e-01
5.531806317183924904e-01
5.521386658304379136e-01
5.479841557337613578e-01
6.324127700120075746e-01
6.940577627285993145e-01
9.365462018074663941e-01
1.001807377212024175e+00
1.009789330630510573e+00
1.076317132647827135e+00
1.060707738405798573e+00
1.035736271666338082e+00
1.110383965186560129e+00
1.042689730584191121e+00
1.040434234812170011e+00
1.083467848425416769e+00
1.062076272888212491e+00
1.081455208649665822e+00
1.152523138438766637e+00
1.191217594876976760e+00
1.244674737905317796e+00
1.215011812426736837e+00
1.216343818136120358e+00
1.234023578648051345e+00
1.192940975027360295e+00
1.223989167024934099e+00
1.221372632732496744e+00
1.241357149642151603e+00
1.259597602051939935e+00
1.195999188910360500e+00
1.189032729338313388e+00
1.166703774477491518e+00
1.228280617749869963e+00
1.240282642134539870e+00
1.229528812090611378e+00
1.253636932283859418e+00
1.266391707549783696e+00
1.282287468339418979e+00
1.279620978508229978e+00
1.276576304166177067e+00
1.287642568062687287e+00
1.337886266795114798e+00
1.350198426906538129e+00
1.357563658704960652e+00
1.360449059660064020e+00
1.341005248147269180e+00
1.315147871442999827e+00
1.371999950921394484e+00
1.355588291730820849e+00
1.317638507779014256e+00
1.314178956715124746e+00
1.347871151440860560e+00
1.343134563517284663e+00
1.343039324321001038e+00
1.341935019540495322e+00
1.376328376083447491e+00
1.326090837282498658e+00
1.341959119611435769e+00
1.327200222277201247e+00
1.343282104592550930e+00
1.333096414490773762e+00
1.330105022682615434e+00
1.286977375990830286e+00
1.242458508591110622e+00
1.237612982451224086e+00
1.205477543807618179e+00
1.178839046020210057e+00
1.188255400036877019e+00
1.174242138787658485e+00
1.186061649079685365e+00
1.205616577349938323e+00
1.237243332986069699e+00
1.274793181303855105e+00
1.287196143945971816e+00
1.290076308027966245e+00
1.337548343705371012e+00
