2.250000000000000056e-01
0.000000000000000000e+00
0.000000000000000000e+00
0.000000000000000000e+00
0.000000000000000000e+00
0.000000000000000000e+00
0.000000000000000000e+00
5.981922119930850323e-01
7.239842785182347695e-01
8.164634308565951182e-01
8.293554629786773491e-01
1.273687388213974314e+00
1.299213405986252790e+00
1.396420281051363288e+00
1.398952523060089881e+00
1.379493565294952484e+00
1.341840270711468497e+00
1.317416119619809312e+00
1.313692269223049935e+00
1.280473834538513156e+00
1.317132959409360149e+00
1.330702602665035705e+00
1.308102703630146690e+00
1.276697226017303510e+00
1.241882741248337085e+00
1.264775182535324394e+00
1.309799290890660606e+00
1.319263627160015329e+00
1.330255058414697489e+00
1.356857667426856207e+00
1.399987175617172008e+00
1.392463858236890673e+00
1.400147706991764940e+00
1.408823210094665379e+00
1.403141145868423978e+00
1.406175499935716555e+00
1.406593198350341911e+00
1.420091143639395259e+00
1.440416392912249988e+00
1.481923308992147525e+00
1.493111084561666191e+00
1.496923934135457657e+00
1.400382800915723536e+00
1.355952065736844903e+00
1.325768885999662361e+00
1.249645821672494828e+00
1.242383607675208612e+00
1.251443439575745886e+00
1.198113096770972330e+00
1.178060363215303274e+00
1.185829770683176410e+00
1.195572121557567868e+00
1.177876348369574444e+00
1.203717740132191238e+00
1.216454490250943765e+00
1.219022205175927853e+00
1.232394723022422145e+00
1.225015633398687465e+00
1.252976968907494992e+00
1.253991358885136576e+00
1.253026883691874538e+00
1.254045586222591213e+00
1.246847664882689166e+00
1.279463401468187378e+00
1.298365407149044914e+00
1.322619008647720307e+00
1.323558341903024571e+00
1.324730164715150371e+00
1.324470982799285990e+00
1.312392813486982224e+00
1.317266175145313634e+00
1.331069632063827557e+00
1.343976694295531571e+00
1.344944215390475373e+00
1.355103348319726564e+00
1.352719503680477109e+00
1.363607392371763982e+00
1.364485181238677791e+00
1.364398119237047124e+00
1.367689762684845878e+00
1.368184330901164980e+00
1.357483465773207554e+00
1.365877999601233350e+00
1.355068615976681601e+00
1.353371832849522782e+00
1.339911045521258171e+00
1.324206805970790990e+00
1.320273557751282745e+00
1.319092253913721091e+00
1.328099757542630543e+00
1.327110380159074010e+00
1.320809124623636643e+00
1.320083210616717739e+00
1.324312740495274809e+00
1.325072084098669167e+00
1.308900004575070497e+00
1.306446325643552564e+00
1.314050130852076670e+00
1.322054014868607075e+00
1.329738613339544795e+00
