2.250000000000000056e-01
0.000000000000000000e+00
0.000000000000000000e+00
0.000000000000000000e+00
0.000000000000000000e+00
4.127118422146464072e-01
4.535326034513494919e-01
4.469997918667171777e-01
4.884024578415316897e-01
5.991680408954215276e-01
7.072504143108775398e-01
7.315586794333619469e-01
7.738268171854379984e-01
8.065708331943797216e-01
8.304980068226618384e-01
8.930863309753661605e-01
9.255833092195819845e-01
9.400003958922580338e-01
9.418621400970457191e-01
9.594611734671263381e-01
9.838448837270590275e-01
1.050385677218188096e+00
1.041872698274566966e+00
1.027187477222673229e+00
1.026111132887381761e+00
1.037470799614776951e+00
1.061082151856832523e+00
1.060496532229785460e+00
1.061363601056386941e+00
1.057058518652058687e+00
1.056487841757390855e+00
1.061394044471510201e+00
1.081344195856742685e+00
1.072513853289987162e+00
1.059718347068552280e+00
1.056839242092495246e+00
1.056802829705149716e+00
1.063865782060247067e+00
1.059948347135147850e+00
1.079986253780383931e+00
1.078723959921449538e+00
1.070148384637836791e+00
1.066286817950912624e+00
1.060809577888778721e+00
1.055352345168117267e+00
1.052029548494115785e+00
1.042444626111803885e+00
1.040351468846025806e+00
1.037552968555501831e+00
1.039918222230502343e+00
1.025326432814893884e+00
1.051489339331122652e+00
1.064819918449757319e+00
1.049643150406123437e+00
1.051255730486227558e+00
1.039240155964214818e+00
1.034109891671620485e+00
1.034490205844128319e+00
1.040866889264545625e+00
1.034539230739795368e+00
1.025508858856137850e+00
1.015460423912625254e+00
1.004782607963112140e+00
9.978965625853117860e-01
9.916665071006696142e-01
9.844501467920544480e-01
9.924146020688701109e-01
9.825180455968239857e-01
9.786044131976420202e-01
9.888684078813820832e-01
9.988722835783760967e-01
9.968076758604641485e-01
9.951388397418743370e-01
9.839542907373016734e-01
9.855313956539623055e-01
9.897963227408620446e-01
9.963792129025051958e-01
9.942969293034952249e-01
9.860198513982727508e-01
9.913898155498674925e-01
9.941299253985753648e-01
9.901279622214134157e-01
9.850190833932868095e-01
9.865652911255184954e-01
9.890388282823496802e-01
9.905009535818619648e-01
9.885912980734641309e-01
9.932400550477522572e-01
9.984342761372921871e-01
1.002114398175914189e+00
1.000172194653607516e+00
9.955127286843488132e-01
9.956940948368183664e-01
9.966046201371214774e-01
9.957321824440485969e-01
9.901424013123497625e-01
9.818500126785292270e-01
9.792046264803861977e-01
9.828267140881378205e-01
9.824418144567077515e-01
