2.250000000000000056e-01
0.000000000000000000e+00
0.000000000000000000e+00
0.000000000000000000e+00
1.200849843398269057e+00
1.215933638288439145e+00
1.229472839359706082e+00
1.223680354977951579e+00
1.226640273187708852e+00
1.240800476818066933e+00
1.233339989538581927e+00
1.279464021059830037e+00
1.263142441484530698e+00
1.243414760335310065e+00
1.283183521313257414e+00
1.303170252379849181e+00
1.316661019651811815e+00
1.329189190244098429e+00
1.340330259146399028e+00
1.326296035985690347e+00
1.280717764403268566e+00
1.239616655679641299e+00
1.254306087212990306e+00
1.227909835007075179e+00
1.218209666896329590e+00
1.214335648552136382e+00
1.234135656150448845e+00
1.233870247122041519e+00
1.244548571483525601e+00
1.247659281120784724e+00
1.247482136097285199e+00
1.237916531444596568e+00
1.234014676362946705e+00
1.243079283330176255e+00
1.241288358792014268e+00
1.229206538100048540e+00
1.213778047026001339e+00
1.185377643679322635e+00
1.186637674165342160e+00
1.194868832723103402e+00
1.211746686057372457e+00
1.236299050612444272e+00
1.233734668198195106e+00
1.242312100019113519e+00
1.278335874794764182e+00
1.293102549076522223e+00
1.283942805278841304e+00
1.277404056225935891e+00
1.276487421311435222e+00
1.263895058722843245e+00
1.253394295759837629e+00
1.268174302887434379e+00
1.263778326424070730e+00
1.278004563677270555e+00
1.267943315231057078e+00
1.270666406215005040e+00
1.261831307444567729e+00
1.254399789974593782e+00
1.257716415683288069e+00
1.258971744899627154e+00
1.258680849623063480e+00
1.253833544642293019e+00
1.252978203034070370e+00
1.258044324660552160e+00
1.240270377159216952e+00
1.220557138848315848e+00
1.219317444051324584e+00
1.235828462911067405e+00
1.235232151216109520e+00
1.227468631214637007e+00
1.228607047491224291e+00
1.235961345393726152e+00
1.237485646425930508e+00
1.235708508000502581e+00
1.250195161125046805e+00
1.261123630575587296e+00
1.282780151108526834e+00
1.273980380203570295e+00
1.275415290691580772e+00
1.271384011034357941e+00
1.257481642857488646e+00
1.246079244061483182e+00
1.254104299499346098e+00
1.249995031887319419e+00
1.272381732045741787e+00
1.269220732791120243e+00
1.259868240432693520e+00
1.253402263414293838e+00
1.252391271471005485e+00
1.239907813937114467e+00
1.234250117022884785e+00
1.228681363364340529e+00
1.225486054759894694e+00
1.216307006546353708e+00
1.216483378238877755e+00
1.220646806846350962e+00
1.226136395179679317e+00
1.217221802218277693e+00
1.216384568467737015e+00
1.219037635619426796e+00
