2.250000000000000056e-01
0.000000000000000000e+00
0.000000000000000000e+00
1.331574847779096071e+00
6.944175015673639262e-01
8.118783731984294816e-01
7.158803387158614306e-01
7.020877732716137576e-01
8.303820039580038781e-01
8.827964286567866470e-01
8.459095749063982872e-01
8.559658487257881809e-01
8.595417708231811726e-01
8.534988143588421172e-01
8.702652116131524007e-01
8.725446823216753689e-01
8.936083719349019461e-01
8.884036411193823035e-01
8.752463831476727796e-01
9.044628230732019158e-01
9.129252260481273140e-01
9.110072639325038635e-01
9.188269263632672379e-01
9.178254213917723670e-01
9.291348977575366597e-01
9.177485612075956256e-01
9.347434624845487594e-01
9.402232691631755568e-01
9.339166063043314869e-01
9.200425544819903489e-01
9.172522392013110482e-01
9.336649960243768032e-01
9.366347946208585240e-01
9.420648342758574101e-01
9.443324150732792521e-01
9.395165654896072693e-01
9.335628032086307204e-01
9.386919577663762615e-01
9.299090435676101718e-01
9.340859976700650602e-01
9.291859309896821628e-01
9.261324437643738694e-01
9.341110749404066826e-01
9.341342800596609264e-01
9.338861254602315309e-01
9.394153271400560445e-01
9.441259144299186667e-01
9.509527810979698792e-01
9.495167374963283669e-01
9.518810596048175032e-01
9.451176601656113840e-01
9.449630702925930770e-01
9.497706319944558828e-01
9.416062523577194421e-01
9.428737474900452664e-01
9.346700531324664274e-01
9.360846678310134061e-01
9.397697971437580788e-01
9.395665927559350150e-01
9.363648876635243257e-01
9.308388272234433547e-01
9.340214373415713922e-01
9.305567733310944334e-01
9.299973955472382592e-01
9.327870373541906623e-01
9.298387610571171580e-01
9.304341990737172718e-01
9.305108881494431605e-01
9.329493239114060588e-01
9.307421838222201815e-01
9.328402001741198379e-01
9.344211332070485598e-01
9.374128150257090564e-01
9.413035846131155848e-01
9.461451184016654858e-01
9.422153435121054521e-01
9.432351156012249715e-01
9.413387579966162599e-01
9.443567254750596662e-01
9.471407936738470701e-01
9.493490062430856025e-01
9.447793694243555862e-01
9.342017267619592280e-01
9.288964759109410441e-01
9.297746504053411298e-01
9.294357896514688910e-01
9.279700734497897674e-01
9.277187540494292728e-01
9.269340222012462105e-01
9.279126826765754510e-01
9.309524246773472900e-01
9.286382788541663880e-01
9.238271204097788791e-01
9.252855019341943432e-01
9.279471437145603296e-01
9.345403948979754682e-01
9.416929681755785708e-01
9.390670990003920915e-01
9.353809202105672904e-01
9.382948660371626115e-01
