2.250000000000000056e-01
9.300031601712823726e-01
9.000227778513495425e-01
9.319344296702923858e-01
9.327356201716073825e-01
1.033048060700547888e+00
9.758835395259428669e-01
1.059377716831530813e+00
1.031827680109558942e+00
1.032360342280077559e+00
1.101965801582837967e+00
1.051606421630650878e+00
1.050196349110607885e+00
1.086337605268803408e+00
1.089511301749051642e+00
1.091306338024508715e+00
1.092096780716151017e+00
1.166908592334950256e+00
1.116154184801265048e+00
1.116487231340662190e+00
1.065049107371486281e+00
1.156454759119001752e+00
1.162596559256726003e+00
1.166659769544249547e+00
1.171235066374532785e+00
1.108244990503394201e+00
1.197526946947298887e+00
1.139672012134269385e+00
1.136717069925148094e+00
1.145019280604847145e+00
9.739070872543507118e-01
9.993122357417095758e-01
1.003979290643042921e+00
1.025700887864053890e+00
1.027875523461197815e+00
1.045432853522393124e+00
1.057655913468150022e+00
1.058620502104139938e+00
1.072024918542480165e+00
1.077996551928186442e+00
1.119093575829391840e+00
1.108753769091872066e+00
1.075193413222799155e+00
1.076400921018666690e+00
1.076192414306977208e+00
1.082890678215721714e+00
1.102612046978527882e+00
1.102062605578898458e+00
1.113976008366175163e+00
1.136092326193889335e+00
1.153763274396017779e+00
1.146747857252912173e+00
1.171340711119267075e+00
1.191889890564506782e+00
1.186672017581884342e+00
1.212928715583551753e+00
1.224572129891147165e+00
1.203770870628642964e+00
1.183415345729770252e+00
1.157719565990104060e+00
1.115943577049874014e+00
1.063801314794413200e+00
1.075277846182146835e+00
1.074745879579707353e+00
1.102649438320457698e+00
1.084834609730262356e+00
1.067848215490015296e+00
1.064897184362548099e+00
1.092353591065342355e+00
1.141044488044756111e+00
1.205161223567610795e+00
1.198590921753529326e+00
1.179284998614221758e+00
1.152076563337868675e+00
1.143629357783860323e+00
1.162105245586449120e+00
1.182441671038180875e+00
1.179633189154316142e+00
1.169310472107715437e+00
1.159520988572840805e+00
1.155392591381642964e+00
1.138606150578761689e+00
1.130667945743750513e+00
1.122062995801190954e+00
1.138563142062408495e+00
1.156852319629875225e+00
1.171540578492347384e+00
1.184351688327262231e+00
1.178967613273180559e+00
1.175643419311956261e+00
1.177411708467847040e+00
1.157424462285630451e+00
1.129693291338517147e+00
1.084323322446573590e+00
1.070517051567940747e+00
1.061940173798367359e+00
1.074426332932827854e+00
1.120480559881024352e+00
1.123534849160652493e+00
1.127979667603497882e+00
