2.250000000000000056e-01
0.000000000000000000e+00
0.000000000000000000e+00
0.000000000000000000e+00
0.000000000000000000e+00
0.000000000000000000e+00
0.000000000000000000e+00
0.000000000000000000e+00
0.000000000000000000e+00
0.000000000000000000e+00
0.000000000000000000e+00
1.184479145131451805e+00
1.095991365530162076e+00
1.133472269818149192e+00
1.088368526650651313e+00
1.051512342377583398e+00
1.003451491355530800e+00
9.572413354049300604e-01
9.498284373960493854e-01
9.033420969045825588e-01
8.647848788848540025e-01
8.331431531108193234e-01
8.180166365661681871e-01
8.166544810238280938e-01
8.176609630295496034e-01
8.033705799547620208e-01
8.059153862615184849e-01
8.315604781001811885e-01
8.476814055318874219e-01
8.643133795461144242e-01
8.553251467978261191e-01
8.492094613092160404e-01
8.350690386605227333e-01
8.395286303775812975e-01
8.338748273534276612e-01
8.302830632972515446e-01
8.191737162570769115e-01
8.254234574998441376e-01
8.274222785125077140e-01
8.342641806601466259e-01
8.337342511991465699e-01
8.209716775063587990e-01
8.206842565384768751e-01
8.246585610941752353e-01
8.271323666178493905e-01
8.393104912827367148e-01
8.462751311889779027e-01
8.621118539005310222e-01
8.649174992357704372e-01
8.629074227879002246e-01
8.638587397175571114e-01
8.647478248019306868e-01
8.704901479308273515e-01
8.605842137136489045e-01
8.594382009542528289e-01
8.718724991809083669e-01
8.738989708929347788e-01
8.725723015337896182e-01
8.807047814742954284e-01
8.950072189611387730e-01
8.964649736429554094e-01
9.011726764856827776e-01
9.013518681796910403e-01
8.991048985354199719e-01
8.967738615962651538e-01
8.905267122564778370e-01
8.830905507032008606e-01
8.826987241873427426e-01
8.877720423719019927e-01
8.862667715563741222e-01
8.789826530238615820e-01
8.723225279987681935e-01
8.678902349110155789e-01
8.631739327997528521e-01
8.570391324655539655e-01
8.621861214568287135e-01
8.629359897136658075e-01
8.644906542708601371e-01
8.615960400265576524e-01
8.609627152776107017e-01
8.685842333527070691e-01
8.710684176049637850e-01
8.599504675956500810e-01
8.519702899595386070e-01
8.493254435335556574e-01
8.468225480713207354e-01
8.584883526276132493e-01
8.656212599471866387e-01
8.643177484294971569e-01
8.639836443781053754e-01
8.664518153033293757e-01
8.728131855188874244e-01
8.794016210898013552e-01
8.837198186254278109e-01
8.813163161983570415e-01
8.808544652372427564e-01
8.880636408780686608e-01
8.932370412126792170e-01
8.910447178873057705e-01
8.921967379665401987e-01
