2.250000000000000056e-01
0.000000000000000000e+00
0.000000000000000000e+00
2.669608969057085668e-01
4.736215704073465371e-01
3.771550283526015068e-01
5.909008996760992671e-01
8.601065364920490453e-01
1.036685648230083467e+00
1.175468158142311204e+00
1.216056863286403944e+00
1.243271832993891879e+00
1.259801870258255407e+00
1.278379955290325665e+00
1.266684415889841375e+00
1.244577123875466373e+00
1.243569076859296851e+00
1.259965036325598087e+00
1.215244523996759529e+00
1.275006924698337762e+00
1.255207220102877885e+00
1.219446837734567302e+00
1.169363079339492240e+00
1.179420582634802539e+00
1.162132835398681729e+00
1.187772536152795100e+00
1.206660323757754005e+00
1.187432164077052654e+00
1.204306450225738123e+00
1.205828767977989324e+00
1.261552932845972474e+00
1.185311491811782192e+00
1.153910784621270835e+00
1.155855648487119858e+00
1.125583183125537179e+00
1.126939363012681827e+00
1.151440134827257378e+00
1.162378110375762219e+00
1.168478054487696927e+00
1.157076814635042750e+00
1.166659647770080577e+00
1.135496006722142237e+00
1.163390921688973512e+00
1.169971903517763367e+00
1.168322266380273255e+00
1.174533830252166622e+00
1.162963425069616141e+00
1.149420116774688472e+00
1.138018095727052925e+00
1.151244382316090276e+00
1.141966308191460389e+00
1.141063212032282781e+00
1.153455538340584230e+00
1.168801374047175434e+00
1.157165663119313015e+00
1.174285946427303440e+00
1.168304371915711570e+00
1.164633018121992603e+00
1.155800059816554093e+00
1.165461201086307019e+00
1.155342400287747262e+00
1.161639157370470521e+00
1.177760217113906771e+00
1.179483907967123990e+00
1.167773337494649288e+00
1.178308038135670310e+00
1.172026855113305954e+00
1.167938393845834533e+00
1.173380221823973280e+00
1.162314698792414891e+00
1.160467571442858725e+00
1.152000210875963271e+00
1.152006580598767371e+00
1.148429762273733834e+00
1.158254831073658231e+00
1.158788391381220029e+00
1.157241941512431316e+00
1.141157001834985474e+00
1.151531571531487552e+00
1.165651439651368637e+00
1.169000233020215607e+00
1.186308462301053357e+00
1.218701299560440932e+00
1.235215442587016987e+00
1.236773971290363150e+00
1.236473716302976200e+00
1.221620585656639557e+00
1.209220828270069825e+00
1.220394447618760259e+00
1.212783454931519955e+00
1.199585358957306003e+00
1.191076325377153688e+00
1.195773957219813832e+00
1.195798645881375410e+00
1.187068736077218301e+00
1.165543166709727352e+00
1.166599786105131376e+00
1.163087121629742038e+00
1.145061834576714510e+00
1.138871464280530432e+00
