2.250000000000000056e-01
0.000000000000000000e+00
0.000000000000000000e+00
0.000000000000000000e+00
0.000000000000000000e+00
1.310945576397345436e+00
1.328151759419133882e+00
1.328770922973838253e+00
1.350663989833211565e+00
1.413431153220205738e+00
1.406326918622660793e+00
1.380358781737141216e+00
1.385357854681696477e+00
1.369242749938171855e+00
1.304580325160112908e+00
1.306806372372751657e+00
1.337021153688442432e+00
1.315091042951251454e+00
1.313043311116473211e+00
1.283641500582945350e+00
1.264326706047377735e+00
1.251553333369004095e+00
1.259435052110323472e+00
1.256687794134313529e+00
1.255669995404375516e+00
1.250809539128742598e+00
1.256564191031645850e+00
1.293994440780772637e+00
1.294514181241088968e+00
1.284660331218893337e+00
1.264540737723158337e+00
1.266416138391313062e+00
1.264166206827846084e+00
1.253692455276005813e+00
1.257363089091791952e+00
1.263027976922646900e+00
1.278873178040764946e+00
1.270135175280628026e+00
1.263428605824870488e+00
1.269735212921684564e+00
1.278090572262392088e+00
1.284353396430475636e+00
1.285263625423640255e+00
1.290875974893224809e+00
1.290363573145470122e+00
1.296481733017171400e+00
1.313774523783459269e+00
1.312696756857163027e+00
1.311761607333786772e+00
1.301035847492330033e+00
1.294736503488904011e+00
1.301004801473477857e+00
1.311846603390395272e+00
1.312906309351219658e+00
1.314737221308727833e+00
1.310975070527461650e+00
1.317436480545213673e+00
1.330337851469432398e+00
1.331480774169653492e+00
1.342409227505656055e+00
1.351453489399851771e+00
1.349349516759990930e+00
1.348343673722867342e+00
1.352394554122375192e+00
1.349252741515623910e+00
1.348621340820619796e+00
1.347789869681493613e+00
1.347178386910543590e+00
1.335732718443331413e+00
1.331875162032730042e+00
1.326069885858347730e+00
1.329180441604305818e+00
1.334380712168965921e+00
1.335727092432650087e+00
1.346895223403060449e+00
1.358860339142968998e+00
1.357313821163077971e+00
1.362669897628065563e+00
1.362850846431580054e+00
1.360254770427576698e+00
1.358993259517380814e+00
1.361079285500168989e+00
1.367231334238104612e+00
1.371258565442957433e+00
1.367103325412775572e+00
1.363345965247107383e+00
1.362704417249221978e+00
1.358844909846480098e+00
1.356591137746734343e+00
1.351593178674591833e+00
1.343891825744545132e+00
1.349698664633431688e+00
1.360320964297109692e+00
1.362200024037093726e+00
1.361745140281373834e+00
1.368304275064309294e+00
1.367201992439934344e+00
1.364734790498162820e+00
1.365891913791705603e+00
1.364467524222590766e+00
