2.250000000000000056e-01
0.000000000000000000e+00
0.000000000000000000e+00
1.580024975524490782e-01
1.578799032862077401e-01
2.133937795635910406e-01
2.119659786326915929e-01
2.156541367216111005e-01
2.382805878676733657e-01
2.682299006815259124e-01
2.748524096424419527e-01
2.968962266125618754e-01
3.252389418775626373e-01
3.096411170580787853e-01
3.201574145206688149e-01
3.497573042391324827e-01
3.340360178465230367e-01
3.402649319312790466e-01
3.563063480932672222e-01
3.599398924902735830e-01
3.698084195759023807e-01
3.990181794412746008e-01
4.031982798789890410e-01
4.515678312838867225e-01
4.932519371835117905e-01
7.075651838274022998e-01
7.492601666697038532e-01
7.874961948753483876e-01
8.268866303506956505e-01
8.560566142691538039e-01
8.594438872660447037e-01
8.652125690381965439e-01
8.670449387661728347e-01
8.652062666585728090e-01
8.654507957883218472e-01
8.627903582258817927e-01
8.639156927507639638e-01
8.579940995799530956e-01
8.545255537458837924e-01
8.587839904386218581e-01
8.578413253644783243e-01
8.589161114451441259e-01
8.831590871761606509e-01
8.857531753904228644e-01
8.798478660924337058e-01
8.910663621169010451e-01
8.890817429501849389e-01
8.965465067950640909e-01
8.939337571397188986e-01
8.904134233924761999e-01
8.877206157347965476e-01
8.769486624317658352e-01
8.672056860681658375e-01
8.642669266779101633e-01
8.913962716890211357e-01
8.920787856369269964e-01
9.006732866016426975e-01
9.053046607742037954e-01
9.085952119983321529e-01
9.080934765985805290e-01
9.093472132289612819e-01
9.105838432596952137e-01
9.102937818883938270e-01
9.080724110834154095e-01
8.725886085187036789e-01
8.579722121579488325e-01
8.176138666210260864e-01
7.957216522512053913e-01
7.565510805300653674e-01
7.277324265676925474e-01
6.956224212628866477e-01
6.684155842688125349e-01
6.416746776393884577e-01
6.205185828413716242e-01
6.031999617633830857e-01
6.816024092261220302e-01
6.964352384159047116e-01
6.820102102622405127e-01
6.640243138358735697e-01
7.126360590903486614e-01
7.179197767898060079e-01
7.262691897667672425e-01
7.125164210650023477e-01
7.280230754167780205e-01
7.208877266135980122e-01
7.200204838396720985e-01
6.993167948958739499e-01
7.069589485891960567e-01
7.240089996404071027e-01
7.158359075942033467e-01
6.992894232350006511e-01
6.924891365417999989e-01
6.724978330574306051e-01
6.454829419807491808e-01
6.317364967305543200e-01
6.131289579109729937e-01
5.826165583829396866e-01
5.805425832238580997e-01
6.078363848741351605e-01
6.277062002251148076e-01
