2.250000000000000056e-01
0.000000000000000000e+00
1.771719727459130644e-01
1.794235899030098835e-01
1.794494210196349859e-01
2.329105899607352426e-01
2.383203420970831099e-01
2.438628961453210564e-01
2.961790114450698064e-01
2.814861749475683905e-01
2.599400597641406963e-01
3.034735090648340017e-01
3.129623906686054835e-01
3.085089947729297011e-01
3.150049036851007567e-01
3.513568727743003328e-01
3.730585316195853540e-01
3.767094986386054778e-01
3.892363396131611197e-01
4.173338263175677687e-01
4.444778591418857561e-01
4.632613047527043837e-01
4.699637053398574293e-01
4.953804409789671070e-01
4.424785981117596023e-01
4.275985768623198346e-01
4.124879776961082878e-01
4.260660468916466215e-01
4.382109305159878065e-01
4.614926800462874068e-01
4.651982193666469034e-01
4.508272550087643049e-01
4.188252436538468237e-01
4.210512987585843248e-01
4.335585417327137425e-01
4.279743709201497825e-01
5.699386723061922178e-01
6.243568545372100154e-01
6.775598272594790528e-01
8.403539148580314588e-01
9.482169416458443578e-01
1.015609921838082741e+00
1.277057220035461960e+00
1.329349505485185601e+00
1.328509682399452663e+00
1.282327002141987471e+00
1.264253323036446330e+00
1.241171424377829791e+00
1.239502473928122184e+00
1.207434138092850384e+00
1.225419467760397785e+00
1.225492019780232145e+00
1.250279891065166904e+00
1.251766979979724415e+00
1.251402380228191946e+00
1.248285939721050175e+00
1.261906309714767360e+00
1.254113010762809566e+00
1.260168138277316885e+00
1.252182141791321035e+00
1.284868632881711159e+00
1.290143186590713364e+00
1.294098376781207982e+00
1.289304066104451696e+00
1.300015713528734018e+00
1.302187278937615877e+00
1.319612909447070548e+00
1.317783115829095575e+00
1.322644099502911619e+00
1.328281896386554806e+00
1.371157449394785344e+00
1.407764427057577539e+00
1.408082991086635705e+00
1.405338945132472706e+00
1.394324723010509581e+00
1.392687949921986190e+00
1.393184408468802982e+00
1.384898564931775544e+00
1.384513843426810498e+00
1.406940658600805527e+00
1.417710376719025112e+00
1.419674772930888285e+00
1.423587707556240423e+00
1.431607057702927177e+00
1.440813005832139337e+00
1.440706703013153289e+00
1.436735915345766390e+00
1.430618695889954495e+00
1.425514480337581658e+00
1.417086531480376221e+00
1.412374485334867869e+00
1.428753859296815865e+00
1.425291777813178618e+00
1.426065102135734231e+00
1.467312806231945155e+00
1.463545621678142394e+00
1.459062393852258221e+00
1.458019376681444657e+00
1.454238182588649897e+00
1.449724103524731245e+00
