2.250000000000000056e-01
0.000000000000000000e+00
0.000000000000000000e+00
0.000000000000000000e+00
1.955977773159711941e-01
1.553844612924096535e-01
2.190484248201879369e-01
2.170572513174903462e-01
2.178530525200305379e-01
2.434057971393208675e-01
2.415398993563433738e-01
2.753533538012775672e-01
2.762260206727903400e-01
2.882334462638426742e-01
3.062273867237612079e-01
3.088913748865478870e-01
3.488936041622606177e-01
3.526163994156468751e-01
3.579386967786701290e-01
3.600061490404531384e-01
5.100580036957141905e-01
5.936382296682957138e-01
6.356667872182554246e-01
6.196446046599266566e-01
6.476352702370774539e-01
6.527247868698952127e-01
6.815523821808728844e-01
6.842953472846936558e-01
6.941964234940288803e-01
7.972419457659342124e-01
8.264757156458121257e-01
8.578197489407156651e-01
8.711578357247424798e-01
8.866787571948091529e-01
8.888338922241246776e-01
8.932313766706477809e-01
8.927177263972752019e-01
9.083516884980716855e-01
8.732086045273649288e-01
8.539720566397859258e-01
8.580701905839797083e-01
8.773571343970543168e-01
8.730728408047645495e-01
8.487502573992914412e-01
8.372983092661395732e-01
8.279941427547492516e-01
8.260697632232457677e-01
8.093757399089178683e-01
8.122465683330062358e-01
8.523695479412458642e-01
8.523369590303406795e-01
8.854095755248667654e-01
9.148090081225177528e-01
9.423669751318339838e-01
9.406096414197367972e-01
9.494944853375745231e-01
9.488830572795583507e-01
9.380594684752722179e-01
9.421983467858936478e-01
9.365641168017538876e-01
9.453924259928979668e-01
9.616990213068592475e-01
1.009094393010252722e+00
1.007419100880771579e+00
9.931212772760361629e-01
9.376704123525263501e-01
9.062364266050250139e-01
8.970586833943409166e-01
8.903913986596727614e-01
9.069108956809237565e-01
9.075450053883860058e-01
9.209574103589454053e-01
9.276539340575269410e-01
9.173379041338283191e-01
9.269312715679038917e-01
9.392427526172955066e-01
9.282829194872611600e-01
9.087905305607431039e-01
8.920471440283971321e-01
8.882895651379286717e-01
8.711748980994645786e-01
8.375030859256005211e-01
8.161871834111215085e-01
7.744329655148640690e-01
7.714821291355182797e-01
7.894588394974823009e-01
7.871890607971210319e-01
7.839216110358064871e-01
7.868768052025945092e-01
7.972197459434615663e-01
7.963188424105746011e-01
8.093641034971107429e-01
8.192375842382326745e-01
8.339451047293139352e-01
8.368205031179002384e-01
8.498337221722693791e-01
8.614535388813477912e-01
8.714459892357280246e-01
8.844155129663157089e-01
8.915518015721645151e-01
