2.250000000000000056e-01
0.000000000000000000e+00
0.000000000000000000e+00
0.000000000000000000e+00
0.000000000000000000e+00
0.000000000000000000e+00
0.000000000000000000e+00
0.000000000000000000e+00
0.000000000000000000e+00
0.000000000000000000e+00
0.000000000000000000e+00
0.000000000000000000e+00
0.000000000000000000e+00
0.000000000000000000e+00
0.000000000000000000e+00
0.000000000000000000e+00
0.000000000000000000e+00
0.000000000000000000e+00
0.000000000000000000e+00
0.000000000000000000e+00
0.000000000000000000e+00
0.000000000000000000e+00
0.000000000000000000e+00
9.342081909952046348e-02
8.280772618496330395e-01
9.725421303126634553e-01
8.323122283035673252e-01
9.517905724428564751e-01
7.920262252506296008e-01
7.584201708090825278e-01
7.766939679114438499e-01
8.453419312325410884e-01
8.438993927930608097e-01
8.416125979135744561e-01
8.072005693862714937e-01
7.925397296432625804e-01
7.873699417761338415e-01
8.319910408195746454e-01
8.447605998125071736e-01
8.702062576723845755e-01
8.559268274544226118e-01
8.854567058103958166e-01
8.969922087266359867e-01
9.205706656058642023e-01
9.337589230236975624e-01
9.314722522918998937e-01
9.479152092037058663e-01
9.397198044340276946e-01
9.445364262683255685e-01
9.651528294439620792e-01
9.808911904972436036e-01
9.851263012754496451e-01
1.010217777178066934e+00
1.066929872091399556e+00
1.069815612398903326e+00
1.058665125989780798e+00
1.039483825406704920e+00
1.035143002961131486e+00
1.024634419937285879e+00
1.011785829200319675e+00
1.016574893114371436e+00
1.033449976855662644e+00
1.031829764540995287e+00
1.029145911007079528e+00
1.021954357498742860e+00
1.035174123185599981e+00
1.040791544414078951e+00
1.040145739377032141e+00
1.054692791872907431e+00
1.049320739681076420e+00
1.045326757286476616e+00
1.041362259029879445e+00
1.042801877031364954e+00
1.045151253153112414e+00
1.045169595625073278e+00
1.050772924377723516e+00
1.063329850216274242e+00
1.060366329981889066e+00
1.058081957564333653e+00
1.058226703320165329e+00
1.063928711491199275e+00
1.059469109409174603e+00
1.059378301737350370e+00
1.059609289932839538e+00
1.052805929008755248e+00
1.050262697655950150e+00
1.048483732944943014e+00
1.049252169282893998e+00
1.056325396762842761e+00
1.057201956451758296e+00
1.053120206698547001e+00
1.048609095055645479e+00
1.046678869143772950e+00
1.039740479597437206e+00
1.039322825724587895e+00
1.035822945283073171e+00
1.030478405399227748e+00
1.031046414103965025e+00
1.039642681275281033e+00
1.040631000841327980e+00
