2.250000000000000056e-01
0.000000000000000000e+00
0.000000000000000000e+00
1.026526394669517339e+00
9.855524864012955577e-01
8.910787134655809849e-01
9.477577976468690713e-01
9.607226976427162279e-01
1.013234070887227389e+00
9.985653582860840594e-01
9.830820738019291349e-01
9.664316809219513082e-01
9.616713649534840425e-01
9.954917153857674172e-01
1.026074183952230490e+00
1.041550965183946964e+00
1.051244071244721301e+00
1.042239725401502337e+00
1.025564735854118448e+00
1.001409351748919985e+00
9.969483089511128604e-01
9.982389321648494906e-01
9.971599062377596301e-01
1.001966769639442312e+00
1.002439117589094764e+00
1.002542442737415218e+00
1.003163623247119940e+00
1.001771526650411470e+00
1.005914566736969995e+00
1.007630038872464162e+00
1.003757703619306163e+00
1.003970496612195618e+00
9.997169820961104847e-01
9.964580650674247364e-01
9.983037036365099981e-01
9.973565873458873909e-01
1.003534589177577541e+00
1.006569647126732248e+00
1.004826064348780523e+00
9.998562139576796515e-01
1.003974415454389479e+00
1.002941665619532019e+00
1.005564353179908776e+00
1.000420634308642587e+00
9.975630317554521342e-01
9.945615025051405267e-01
9.994339532616530741e-01
1.003535918139509153e+00
1.006053682074982358e+00
1.015444988058739284e+00
1.018131684713768026e+00
1.013489234229422831e+00
1.012823238000483350e+00
1.015264146544565316e+00
1.015577767720645008e+00
1.015577986494305307e+00
1.015829177697517016e+00
1.015628702234236069e+00
1.010736887132196893e+00
1.000502067067039036e+00
9.930191199560851611e-01
9.897940768592706773e-01
9.817831338793403528e-01
9.776456998408884491e-01
9.686734330016173455e-01
9.567008672073641362e-01
9.464660114713028261e-01
9.451455376775406148e-01
9.460113266090748319e-01
9.430118153395581349e-01
9.417390576143263026e-01
9.344811871584424168e-01
9.368629073937378982e-01
9.414536076671125020e-01
9.502696991769880031e-01
9.442070707126924978e-01
9.586855239981330046e-01
9.598282954360709551e-01
9.575861772241740510e-01
9.614196956056402232e-01
9.645951405628103714e-01
9.710965158036930500e-01
9.706601439416617794e-01
9.761602335538533959e-01
9.785764269605808918e-01
9.838251317851544053e-01
9.840549359820026654e-01
9.909004393501177343e-01
9.934822898298606431e-01
9.953871592254355249e-01
9.973544047212241637e-01
1.000361351672203858e+00
1.005253692312107594e+00
1.013731255328943481e+00
1.016677369172707346e+00
1.012863857048313942e+00
1.012695737883896774e+00
1.011831060359073886e+00
1.013341021846526413e+00
1.008496537059887732e+00
