2.250000000000000056e-01
0.000000000000000000e+00
0.000000000000000000e+00
0.000000000000000000e+00
2.028986526566584347e-01
2.196659437708790852e-01
2.664359296719845949e-01
2.928272475528205798e-01
3.290092121231408262e-01
3.495782228320025165e-01
3.291409381892459463e-01
3.523673972398387866e-01
3.532275583638712080e-01
3.845218231685152976e-01
4.330749971844404800e-01
5.123589182121558450e-01
5.121068280521150484e-01
5.294976177524998162e-01
5.878370176649464485e-01
5.868360807557226888e-01
6.184698449866279368e-01
6.269632651288375991e-01
7.465617737414965704e-01
1.014089969697279381e+00
1.032593153638809769e+00
1.124485739422428354e+00
9.539142660085749847e-01
9.138169767164173729e-01
8.800637531313604267e-01
8.379394737873446797e-01
9.627779371246211193e-01
9.722538865090850635e-01
9.625022582417432915e-01
1.012187979222231471e+00
1.040664492345253711e+00
1.078481773252412790e+00
1.087445521031445983e+00
1.113095405332301890e+00
1.108317936534023662e+00
1.137901889951303813e+00
1.158890554207384405e+00
1.238788360465509220e+00
1.182615645361507983e+00
1.162951924062339382e+00
1.148832450596623866e+00
1.126163465752854975e+00
1.105981617508472681e+00
1.094990887902434817e+00
1.095461458133769828e+00
1.086047568945293751e+00
1.080536465474524421e+00
1.068120814088719506e+00
1.056085943289259310e+00
1.024960186160014830e+00
1.007548671049383948e+00
1.004682071605375482e+00
1.049548788963047707e+00
1.093967820721509554e+00
1.105603825042096755e+00
1.133495435520428085e+00
1.173931298639853349e+00
1.177281298719912606e+00
1.165585955519784944e+00
1.197956531846535944e+00
1.203643422446522449e+00
1.213993481516616901e+00
1.216450363656462530e+00
1.193432078650711547e+00
1.175618230844955869e+00
1.167295837512290824e+00
1.160603746577366646e+00
1.216253424639296865e+00
1.199792794845782273e+00
1.158336946203225137e+00
1.156624024684954843e+00
1.147571564480152295e+00
1.146267841492812023e+00
1.149777293526619504e+00
1.154599337160123307e+00
1.162860145625479014e+00
1.169125056381531857e+00
1.173540139059093379e+00
1.164774839184804067e+00
1.150475357016180089e+00
1.129015792269206564e+00
1.123734652259984701e+00
1.114919302114173449e+00
1.113910035152345435e+00
1.095876235901316997e+00
1.097744667583323341e+00
1.103618279720503637e+00
1.092839257179926804e+00
1.099323511039715040e+00
1.097986992585136212e+00
1.109406761830685095e+00
1.094031286978217832e+00
1.110128443054926084e+00
1.129384290532303492e+00
1.127930321336377606e+00
1.123729218950276998e+00
