2.250000000000000056e-01
0.000000000000000000e+00
0.000000000000000000e+00
1.845362261237842638e+00
1.793359164019701080e+00
1.698394779751970729e+00
1.698798895904550132e+00
1.616001995763259647e+00
1.564751267723670569e+00
1.515459941497933283e+00
1.321782459143493238e+00
1.490363565672210289e+00
1.519882924117503809e+00
1.500215165807144757e+00
1.510394171372116068e+00
1.515612281331248479e+00
1.565059006669494712e+00
1.555214212117539629e+00
1.528756432445984359e+00
1.497556183759982229e+00
1.450682904566837461e+00
1.379771724196647620e+00
1.361203178087184495e+00
1.334579634297663242e+00
1.389920292889308850e+00
1.353788485661890917e+00
1.357908224715328682e+00
1.349983295283241347e+00
1.361028097920428781e+00
1.353269562956909811e+00
1.326103356276133960e+00
1.301801945523316739e+00
1.298482331919989408e+00
1.299486088702954900e+00
1.321704959568980264e+00
1.352757228571990211e+00
1.395500274119436224e+00
1.404294877619869597e+00
1.411152769063412027e+00
1.416730129662719495e+00
1.387038477602367426e+00
1.359705461384725034e+00
1.363801463948175030e+00
1.367656401167274938e+00
1.380965540202186315e+00
1.397398905634535282e+00
1.416847853058448292e+00
1.424149693286299589e+00
1.416668576522865930e+00
1.431722265986111520e+00
1.455421331656212791e+00
1.463080313333424254e+00
1.466859296105657240e+00
1.459345153426146124e+00
1.449827961050750291e+00
1.442137503314518954e+00
1.437719847562867637e+00
1.434879591771540674e+00
1.431792092667746097e+00
1.432996660083607932e+00
1.446340225882184027e+00
1.444271774705902844e+00
1.459295804179512102e+00
1.462057573804016686e+00
1.433332335483501030e+00
1.424887442387894554e+00
1.428561832903409989e+00
1.427431735692267445e+00
1.419312351986527831e+00
1.424733273452851723e+00
1.427138053938076467e+00
1.443189419809205898e+00
1.444279920411007057e+00
1.448898110139227757e+00
1.444680100432832237e+00
1.445428402946536961e+00
1.443159345067521970e+00
1.434292937876712193e+00
1.436015022487712178e+00
1.438145220186179074e+00
1.440746604835725808e+00
1.436186054072990714e+00
1.441604963191843281e+00
1.449698336433012491e+00
1.455788335810997314e+00
1.454812793383259084e+00
1.459552706238803621e+00
1.466768739968293600e+00
1.472945605664097268e+00
1.475458284571228074e+00
1.466849011952161552e+00
1.465474783854620933e+00
1.485105130016566743e+00
1.477424098096803862e+00
1.484180485958543461e+00
1.490475683398003293e+00
1.486132177373482799e+00
1.488910061218581493e+00
1.475218152408247718e+00
1.467623507297880936e+00
