2.250000000000000056e-01
0.000000000000000000e+00
1.739181587961167397e+00
1.720243476204539101e+00
1.727427398337462616e+00
1.724621973843225575e+00
1.709378867598101426e+00
1.700332901253173601e+00
1.692391141239326879e+00
1.690832046247780829e+00
1.677095078568506814e+00
1.664728959305633138e+00
1.653829965972805294e+00
1.650746088511331644e+00
1.648047855321324695e+00
1.621523642232135964e+00
1.620593879513609448e+00
1.606190493331237645e+00
1.379403487064051692e+00
1.325639196579756263e+00
1.127214290546612041e+00
1.114422435367035336e+00
1.127381113591518158e+00
1.083651665548938547e+00
1.123201166493506875e+00
1.138088945235601557e+00
1.112787463021834844e+00
1.074507651664392105e+00
1.088532257039897644e+00
1.103777125772142265e+00
1.095705163633431178e+00
1.067503531352355761e+00
1.014078919430945191e+00
9.875801818483170846e-01
9.702466310235707825e-01
9.511986725311815105e-01
9.463958689090403720e-01
9.348131711055008841e-01
9.164708896094115875e-01
9.039618140560945481e-01
9.093349128945396043e-01
9.062887504326531118e-01
9.089867074326309915e-01
9.163765852436075443e-01
9.393516668412514870e-01
9.945468352833997105e-01
1.047407461252563232e+00
1.090611418410204481e+00
1.076382554411063452e+00
1.064495167574051937e+00
1.056742047483121727e+00
1.063469092899818280e+00
1.065830397189221568e+00
1.073059141423370333e+00
1.089809457525872771e+00
1.105171904739004729e+00
1.116526882590975323e+00
1.118203323923593118e+00
1.093650195512592793e+00
1.037846157272753977e+00
9.745793741095041263e-01
9.524214755683988454e-01
9.381874716902744993e-01
9.424039605385562401e-01
9.388068808475320548e-01
9.422575592774573572e-01
9.332897440687213386e-01
9.324382688430253863e-01
9.425631365312315824e-01
9.636065095454249274e-01
9.778188925304630574e-01
9.969548799018806973e-01
1.021390080940347556e+00
1.038742464517937947e+00
1.046719094231964409e+00
1.062596704701423311e+00
1.037807560594340872e+00
1.026756378163110384e+00
1.024462118347754247e+00
1.025098150363299876e+00
1.029740364411225073e+00
1.038125844113620966e+00
1.039196535676694122e+00
1.038123698672656747e+00
1.048081153834671930e+00
1.051193101684893660e+00
1.073921081112945597e+00
1.091695120230765204e+00
1.100390613683095653e+00
1.107737781379973585e+00
1.128886413770648689e+00
1.148926859529337374e+00
1.153623319422530713e+00
1.164961954124192678e+00
1.177978032387217322e+00
1.196050424961530911e+00
1.196925763447471258e+00
1.206069843083611870e+00
1.208974637800603658e+00
1.204172922917253974e+00
