2.250000000000000056e-01
0.000000000000000000e+00
0.000000000000000000e+00
0.000000000000000000e+00
0.000000000000000000e+00
0.000000000000000000e+00
0.000000000000000000e+00
0.000000000000000000e+00
0.000000000000000000e+00
0.000000000000000000e+00
0.000000000000000000e+00
0.000000000000000000e+00
0.000000000000000000e+00
0.000000000000000000e+00
0.000000000000000000e+00
0.000000000000000000e+00
0.000000000000000000e+00
0.000000000000000000e+00
0.000000000000000000e+00
0.000000000000000000e+00
0.000000000000000000e+00
0.000000000000000000e+00
0.000000000000000000e+00
0.000000000000000000e+00
0.000000000000000000e+00
0.000000000000000000e+00
0.000000000000000000e+00
0.000000000000000000e+00
0.000000000000000000e+00
0.000000000000000000e+00
0.000000000000000000e+00
0.000000000000000000e+00
0.000000000000000000e+00
0.000000000000000000e+00
0.000000000000000000e+00
0.000000000000000000e+00
0.000000000000000000e+00
0.000000000000000000e+00
0.000000000000000000e+00
0.000000000000000000e+00
0.000000000000000000e+00
0.000000000000000000e+00
0.000000000000000000e+00
0.000000000000000000e+00
0.000000000000000000e+00
0.000000000000000000e+00
1.412351479414301891e-01
1.820372575777556845e-01
2.246262476113710105e-01
2.610360556523179110e-01
2.940243256287084495e-01
3.423907583465771731e-01
3.116025524842539474e-01
3.431558855593536128e-01
3.793151460793965368e-01
3.935075215900692980e-01
4.018938156791085348e-01
3.994767044541215339e-01
4.497278603226405602e-01
4.710014573554572315e-01
4.760803814849134952e-01
5.043941713351077771e-01
7.060663998506734318e-01
7.729647212277823698e-01
7.966965001557849702e-01
8.644047421772906858e-01
9.447634230506262165e-01
8.956390480414784250e-01
8.889349113695399485e-01
9.125870076892468319e-01
9.112327541971408928e-01
9.354000739307781753e-01
9.642859043780485084e-01
9.755879039309451883e-01
9.979139600839390667e-01
9.793357272318465867e-01
9.409347873662669004e-01
9.287229173251314585e-01
9.417710113198068944e-01
9.458971044102332248e-01
9.351470108264718917e-01
9.173544937953185263e-01
8.987382599273153749e-01
9.011065774929013505e-01
9.116638682123163751e-01
9.373587358127191127e-01
9.798065549470580393e-01
9.932768601684536236e-01
9.996573328662978764e-01
1.005001528702884839e+00
1.002882387557949562e+00
9.974305909525693625e-01
9.970622321855547865e-01
1.018598250823211648e+00
1.006769280901385288e+00
1.002424692513021576e+00
9.937406714151850728e-01
9.614358645934013570e-01
9.820520987495089393e-01
1.002702613530050302e+00
