2.250000000000000056e-01
0.000000000000000000e+00
0.000000000000000000e+00
0.000000000000000000e+00
0.000000000000000000e+00
0.000000000000000000e+00
9.585777918563092026e-01
1.041239944828782127e+00
1.045906095092563159e+00
1.036135030737185714e+00
1.019489407834030636e+00
9.962890469982224051e-01
1.008501422376729906e+00
9.983474978599209404e-01
9.647980344963208443e-01
9.620122967935584857e-01
9.408346551253364831e-01
9.803459294372663946e-01
9.677638538014403657e-01
8.963423354409643107e-01
9.113450993465727068e-01
8.864266491519280367e-01
8.628340512675981566e-01
8.821082375380748797e-01
9.014128219076593673e-01
9.142762733645297679e-01
9.344918293846304902e-01
9.237072132339206876e-01
9.083541513030997105e-01
8.635970444907787869e-01
8.460346922282152571e-01
9.124005773882379877e-01
9.064023856873828500e-01
9.298216906222614986e-01
9.713041504468085119e-01
1.103274881964893428e+00
1.098896058490049565e+00
1.090811734271507349e+00
1.089316678775490654e+00
1.164964270165570914e+00
1.155927033267387660e+00
1.128638731305083631e+00
1.119446525140004534e+00
1.104090235335178694e+00
1.086156683842867787e+00
1.068774746630869910e+00
1.050771815902696860e+00
1.059376103800660385e+00
1.059369353481258713e+00
1.057252837332899320e+00
1.055095798122720918e+00
1.046392743358755650e+00
1.039925769679883150e+00
1.027790446457079954e+00
1.021723109236232885e+00
1.009731355537944797e+00
1.013703893077773754e+00
1.006689326273656926e+00
1.043939638180805041e+00
1.070520766940751045e+00
1.061483128453338809e+00
1.058820000048484866e+00
1.043759081913860909e+00
1.056988567679621349e+00
1.053250430150642014e+00
1.068519666628403586e+00
1.071907729200575865e+00
1.065532134720671653e+00
1.082975974472110581e+00
1.078991569634659919e+00
1.090156786641709674e+00
1.084678875658735109e+00
1.111047476518552957e+00
1.120225872690402413e+00
1.118552339929366646e+00
1.110121999958178618e+00
1.108837592321235244e+00
1.100021750624195160e+00
1.100195161922031595e+00
1.098392706114689643e+00
1.100405582409625271e+00
1.094508685986755658e+00
1.085737757832378803e+00
1.078832550957943059e+00
1.068497357347914178e+00
1.054113844388251398e+00
1.048065541876019413e+00
1.032227662730817785e+00
1.021142581017214335e+00
1.007886229626498098e+00
1.004190002777536783e+00
1.008555687677821666e+00
9.994403169235092088e-01
1.019133999562217063e+00
1.019438627345314430e+00
1.036074656295204344e+00
1.069850945296154876e+00
1.089199346223479914e+00
1.106448167016705009e+00
1.112450952952882544e+00
