2.250000000000000056e-01
0.000000000000000000e+00
0.000000000000000000e+00
0.000000000000000000e+00
0.000000000000000000e+00
0.000000000000000000e+00
0.000000000000000000e+00
0.000000000000000000e+00
0.000000000000000000e+00
1.663573308034555776e-01
1.664579006258340432e-01
1.773558794791188498e-01
2.123053019219018345e-01
2.217959538075924553e-01
2.664597576383950783e-01
2.697234475198730386e-01
2.717356231199425931e-01
2.950897618605252681e-01
3.351095950791389000e-01
3.398594905763528962e-01
3.504282170469067426e-01
3.669737197270093176e-01
4.118924656366320658e-01
4.175320843094236789e-01
4.275637679340506536e-01
4.301592767785953342e-01
8.150945029175254986e-01
9.144745012769921466e-01
9.335619921985779390e-01
1.060465596087602380e+00
1.077962061006739303e+00
1.083852184169093791e+00
1.102491290152926684e+00
1.120677273856074185e+00
1.100449939281756606e+00
1.114709988919916794e+00
1.129019171543823141e+00
1.135501481550854841e+00
1.146799390996243284e+00
1.164546459614634655e+00
1.188272505882675967e+00
1.192856179421086127e+00
1.201772182198040495e+00
1.209628799785120723e+00
1.234467091542652328e+00
1.254640398200415952e+00
1.286237702904438507e+00
1.295077769924379840e+00
1.301531450764466413e+00
1.314899835352506985e+00
1.284120903867270291e+00
1.295624326536695348e+00
1.273473502803526225e+00
1.295128395959964429e+00
1.295098044127207526e+00
1.240921278313839027e+00
1.192911694165703862e+00
1.247265404293511848e+00
1.282152704982178815e+00
1.270582393638834295e+00
1.229222468128178924e+00
1.211957238821963934e+00
1.041351378082816082e+00
9.874708383881258822e-01
9.966234056800942209e-01
9.872162863708723313e-01
9.794976332320923795e-01
9.817922228645512561e-01
9.869652175510577052e-01
1.045294165112777396e+00
1.070047535600466171e+00
1.149499112659083888e+00
1.176676246610792509e+00
1.190480831671386408e+00
1.202488879368093899e+00
1.208280567630972913e+00
1.207148575635055954e+00
1.223698475301321809e+00
1.238507935277551431e+00
1.245831507644070468e+00
1.244482507640183977e+00
1.245691541383557199e+00
1.246458422546820710e+00
1.242276256133726831e+00
1.216978909878333903e+00
1.215595662220321893e+00
1.199909899882502184e+00
1.190993530128395594e+00
1.189077824073172751e+00
1.173647156046993434e+00
1.158224017679760465e+00
1.149245135665598827e+00
1.141496833910159658e+00
1.144974983493539211e+00
1.138939334504130985e+00
1.143477026716064548e+00
1.108506044914347344e+00
1.077171037567027811e+00
1.032945858713925080e+00
9.769007747784947959e-01
