2.250000000000000056e-01
0.000000000000000000e+00
0.000000000000000000e+00
0.000000000000000000e+00
1.504801595555817773e-01
1.469128998227852700e-01
1.505549042766402001e-01
1.527471822490462650e-01
1.870935754254724470e-01
1.856033848332040992e-01
1.814361023462238154e-01
1.939468619688917150e-01
2.004188160430449839e-01
2.179994348507069690e-01
2.214625742583028467e-01
2.300816515968182041e-01
2.389212613342575064e-01
2.504511928452148872e-01
2.529977838739950746e-01
2.666882664982153650e-01
2.840203511239168255e-01
2.938905200672516371e-01
2.968957022483169617e-01
2.917956047665311026e-01
3.001425422182513736e-01
3.267175914849201335e-01
3.430687360636801575e-01
3.436806303344568936e-01
3.398670465074474234e-01
3.479381314978358675e-01
3.750753478540927444e-01
3.958641874829677554e-01
3.942715179735684083e-01
3.903637220164053456e-01
3.907183051008569774e-01
4.063441367241226732e-01
4.227020894530199024e-01
4.388631628261043249e-01
4.410906754250464856e-01
4.525058652448706309e-01
4.610589134112975662e-01
4.752559565844476364e-01
4.943100904401454554e-01
4.948513081031993277e-01
5.024045333274317349e-01
5.147832847702853432e-01
5.323025008836187455e-01
5.366406497318021440e-01
5.352376622888042057e-01
5.849396242262331347e-01
6.050215556852520660e-01
6.989608480611451125e-01
7.209927766271713168e-01
7.401367426449411147e-01
7.552798637617769151e-01
7.688430235056457063e-01
7.859900255269892666e-01
7.898875485741965186e-01
7.860647654287561403e-01
7.976119344285620416e-01
8.030403553047963383e-01
8.188931024551963089e-01
8.296859290941104303e-01
8.302831104898577008e-01
8.159614998554782783e-01
8.014662952492720427e-01
8.121987498867573319e-01
8.175745809285432930e-01
8.524717826389436315e-01
8.666208639080144049e-01
8.840830481251853445e-01
8.818454720948905035e-01
8.842309661242279129e-01
8.827444626686733464e-01
8.877583581951865588e-01
8.772693907285818993e-01
8.663607593751525560e-01
8.584895132711513055e-01
8.461595339526482018e-01
8.404993723280718143e-01
8.410584999846785204e-01
8.353645522124047984e-01
8.413858199941520732e-01
8.341312314588936738e-01
8.347991212196622657e-01
8.356701734452606223e-01
8.353502181488090539e-01
8.321928714325292908e-01
8.396722447764694008e-01
8.346120963900349743e-01
8.261191674510952598e-01
8.272707252210681483e-01
8.238801781292953708e-01
8.227310349661611788e-01
8.260348376628345868e-01
8.284334106068980130e-01
8.318519790227245636e-01
8.340670710157301881e-01
8.393360323767102837e-01
8.403329615273370523e-01
