2.250000000000000056e-01
0.000000000000000000e+00
0.000000000000000000e+00
0.000000000000000000e+00
0.000000000000000000e+00
0.000000000000000000e+00
0.000000000000000000e+00
0.000000000000000000e+00
0.000000000000000000e+00
0.000000000000000000e+00
0.000000000000000000e+00
0.000000000000000000e+00
0.000000000000000000e+00
0.000000000000000000e+00
0.000000000000000000e+00
0.000000000000000000e+00
0.000000000000000000e+00
0.000000000000000000e+00
0.000000000000000000e+00
0.000000000000000000e+00
0.000000000000000000e+00
0.000000000000000000e+00
0.000000000000000000e+00
0.000000000000000000e+00
0.000000000000000000e+00
0.000000000000000000e+00
0.000000000000000000e+00
0.000000000000000000e+00
0.000000000000000000e+00
0.000000000000000000e+00
0.000000000000000000e+00
0.000000000000000000e+00
0.000000000000000000e+00
0.000000000000000000e+00
0.000000000000000000e+00
0.000000000000000000e+00
0.000000000000000000e+00
0.000000000000000000e+00
0.000000000000000000e+00
8.016371432360530624e-02
1.049054202778814254e-01
1.132932738475320722e-01
1.416915069820788853e-01
1.271968258889492331e-01
1.410255897852781826e-01
1.422840805161865729e-01
1.496318182400885599e-01
1.553319808995117790e-01
1.577893694449681583e-01
1.703111046882610780e-01
1.738317636345396433e-01
1.975549768601767842e-01
2.053754367478195786e-01
2.145402108258864238e-01
2.355490387038202960e-01
2.436900670056333373e-01
2.525740871436052415e-01
2.586926044507150690e-01
2.597683724923896542e-01
2.752370815714901831e-01
2.834114391448170345e-01
2.968471194367147126e-01
3.151938944935919751e-01
3.263210799171243903e-01
3.406197717485135446e-01
3.646470545235597771e-01
3.692294291783362881e-01
3.841812264866191762e-01
4.151592188411706852e-01
4.238104107985305458e-01
4.327584433168791267e-01
4.566842870824797673e-01
4.766815652989428997e-01
4.775276131063965757e-01
4.895342112174657645e-01
5.283120570085086953e-01
5.353610376315098840e-01
5.357810516152292646e-01
5.581539201828219499e-01
5.859645807835562881e-01
5.894646799799346804e-01
5.989668801166517786e-01
6.153860958950163607e-01
6.344861215960848622e-01
6.357367283462357355e-01
6.923031024213779361e-01
7.162359441861027021e-01
7.257504244962174056e-01
7.323028790417466238e-01
7.564566612317693561e-01
7.592968675175680859e-01
7.699368186725015217e-01
7.782004891446867578e-01
7.794139168772483695e-01
8.028150998431671237e-01
8.036108390899291409e-01
8.044547829810339001e-01
7.896690733484938995e-01
7.939131804272782089e-01
8.376416360374665526e-01
