2.250000000000000056e-01
0.000000000000000000e+00
0.000000000000000000e+00
5.644409701836531346e-01
5.085313082754122638e-01
6.490069262656600335e-01
6.172787328858753142e-01
5.824553056624957037e-01
6.129064415230065510e-01
9.010739847958345594e-01
8.841033379871232611e-01
9.093208272166309891e-01
8.930636596929599769e-01
8.489564137345011474e-01
8.609142835271279548e-01
8.459743541455677640e-01
8.387194289134781711e-01
8.410525557342019010e-01
8.423438139817196468e-01
8.302799431412212217e-01
8.534674392983734315e-01
7.403486072359968251e-01
6.897553470733434056e-01
7.357545839614838545e-01
7.314390937379406932e-01
7.938815102841557669e-01
7.507423571482028102e-01
7.145957974219984132e-01
7.315494957248592778e-01
7.521546105219050204e-01
7.433297650240716647e-01
7.843176268980263099e-01
8.222821542644138670e-01
8.408561003170388348e-01
8.644929974739178347e-01
9.008678634704895272e-01
9.414149240023736986e-01
9.859575571371710367e-01
1.040504953846144609e+00
1.075230865998693330e+00
1.219955635675156191e+00
1.258245763024866015e+00
1.288349157876675921e+00
1.292999438145075564e+00
1.318829557921801010e+00
1.317033438167376724e+00
1.324620095730488778e+00
1.319265013372247886e+00
1.339488290387370384e+00
1.397710531156883151e+00
1.412546977748929011e+00
1.438600057392933840e+00
1.435673175144668745e+00
1.428208015433947597e+00
1.444172184961947769e+00
1.434217260237443226e+00
1.437630706099991995e+00
1.443190424101548519e+00
1.449902042627173149e+00
1.450818671828137063e+00
1.443262551255200421e+00
1.438413000028811117e+00
1.440631372036980995e+00
1.487087386019950053e+00
1.482145273292569732e+00
1.483930915515339066e+00
1.494799070439704058e+00
1.502065857466042820e+00
1.483610205965858020e+00
1.464623812446862905e+00
1.443035616038032432e+00
1.411774603635875369e+00
1.379324275850281278e+00
1.347556642798390714e+00
1.298925762363261960e+00
1.246421072617738934e+00
1.344152903195626525e+00
1.355878104848031507e+00
1.369732678293200445e+00
1.375903973980587391e+00
1.376662645190473988e+00
1.472994912006806434e+00
1.447546459468536106e+00
1.410401361455108749e+00
1.402106605495815783e+00
1.375311439565377380e+00
1.358912174015764363e+00
1.320966504990592094e+00
1.300051648500057055e+00
1.279985512615155585e+00
1.259718556699243486e+00
1.231647114364807338e+00
1.204547429519128743e+00
1.141274139198017012e+00
1.101344464592225236e+00
1.081995748402965196e+00
1.077365436584871494e+00
1.059286257089199434e+00
1.018359557227997092e+00
9.850423877805903894e-01
