2.250000000000000056e-01
0.000000000000000000e+00
7.938090296599207285e-01
8.297159230998699675e-01
8.739224879029336979e-01
8.306500468868027731e-01
7.980027391803220516e-01
7.847316193060676071e-01
8.095834874776930423e-01
9.028570138501389453e-01
9.790012417499746045e-01
1.002343328848618320e+00
1.006326719461300812e+00
9.906366531744180692e-01
9.713643966466257718e-01
1.000485831153584915e+00
1.000367352906684548e+00
9.863826921974638839e-01
9.846122185108907576e-01
9.711590708579447284e-01
9.658393319853777470e-01
9.607355555016571236e-01
9.567619098591800819e-01
9.518096433780025567e-01
9.536574335611972542e-01
9.698311394753806880e-01
9.718421339821320393e-01
9.787321001951314603e-01
9.789207312461446486e-01
9.727982057503513635e-01
9.625683779656958317e-01
9.782382445789783443e-01
9.712481525661766923e-01
9.649082771825363558e-01
9.416867490648003214e-01
9.356334159223739233e-01
9.335470146456560370e-01
9.360835420071317303e-01
9.329602441825735060e-01
9.464247428500111026e-01
9.528126255565305680e-01
9.698630533492648143e-01
9.660801137469534616e-01
9.668011042594195636e-01
9.821646171341082976e-01
9.783995553098454590e-01
9.742187064309477673e-01
9.638968302259203202e-01
9.513945838630392116e-01
9.347152905387698940e-01
9.352946315646952780e-01
9.417988074860466075e-01
9.576796025862391870e-01
9.579891211786448757e-01
9.577528001310267047e-01
9.625038978317527194e-01
9.778170871766580508e-01
9.778666895994190256e-01
9.690856573921392547e-01
9.641233208494047746e-01
9.558594422896931064e-01
9.589862414546932445e-01
9.681573147720793360e-01
9.722978074788926062e-01
9.700296905552439064e-01
9.708383318729986167e-01
9.734799758913197376e-01
9.812508877041520305e-01
9.908340626488133518e-01
9.922055289498737940e-01
9.888654328022368212e-01
9.845814350782883251e-01
9.833586706043148107e-01
9.775806215500549845e-01
9.761381402286151143e-01
9.713209938125907383e-01
9.715441433614906419e-01
9.796571644597826811e-01
9.786664435217872215e-01
9.767450631609363443e-01
9.793860792237799595e-01
9.746901882017406926e-01
9.718892606943145829e-01
9.713581961470802995e-01
9.715034740695305260e-01
9.720694007104133672e-01
9.789253328953968492e-01
9.800545259364874529e-01
9.810639342002086538e-01
9.822059843035981785e-01
9.867939659864257695e-01
9.896523819124241061e-01
9.894772904325405127e-01
9.851216778696831877e-01
9.786664343147117862e-01
9.833806113828018614e-01
9.932506322918768227e-01
9.933726849642330325e-01
9.924198004919050353e-01
9.921614360260850862e-01
