2.250000000000000056e-01
0.000000000000000000e+00
0.000000000000000000e+00
0.000000000000000000e+00
0.000000000000000000e+00
1.264444755945028365e-01
1.810804561895352771e-01
1.746458200257598181e-01
2.165817494247175290e-01
2.143967055506685593e-01
2.414985041611956984e-01
2.525328435603704236e-01
2.579170152336210942e-01
2.791064887864004307e-01
2.972832518141586555e-01
3.008784772830625509e-01
3.101683838135166904e-01
2.868874121981779823e-01
3.045364447314399814e-01
3.254438260836965413e-01
3.257345172232700703e-01
3.476886625332086256e-01
3.647147876430483215e-01
3.647575141545666422e-01
3.859438737262556596e-01
4.046330524508765514e-01
4.325183945479993963e-01
4.552295075250893941e-01
4.802810235013521001e-01
5.224905358460950611e-01
5.569823810716019175e-01
5.773606680597427321e-01
6.003649062567526506e-01
6.571421883108584661e-01
7.016159660619366578e-01
7.446879729420625704e-01
7.696818933392578499e-01
7.784862988518155280e-01
1.039854941621378037e+00
1.183663034978245765e+00
1.265865704315386475e+00
1.281265070389071781e+00
1.278904395433475116e+00
1.276278834967871534e+00
1.254225143416022092e+00
1.314257505065377973e+00
1.322935140201101589e+00
1.336424484943662172e+00
1.343844482181722810e+00
1.349614640615869998e+00
1.349746181057212224e+00
1.368186851578100605e+00
1.444468068220108758e+00
1.610759165243841107e+00
1.665844029217653066e+00
1.642456300390199520e+00
1.625542985349720526e+00
1.609011430653035868e+00
1.573304235296201448e+00
1.538752669868083123e+00
1.519425100595008127e+00
1.531115121612620422e+00
1.636200002798232189e+00
1.677972867710501248e+00
1.662662718047066335e+00
1.660161862676579725e+00
1.659004813378517351e+00
1.653038197724594704e+00
1.681402705399317687e+00
1.674193372793301382e+00
1.675721771096458035e+00
1.709085061100410474e+00
1.704840242147414919e+00
1.688273441032060784e+00
1.672887701276656980e+00
1.655016138481724353e+00
1.639751048529833000e+00
1.620918797927549004e+00
1.609242385186582469e+00
1.592055606652685418e+00
1.579985236136801197e+00
1.604004705646717266e+00
1.619154170555014538e+00
1.614422662790906626e+00
1.600916164589162749e+00
1.605414860212413863e+00
1.593126846317352241e+00
1.583354309832237128e+00
1.569542778008540029e+00
1.551939470915803865e+00
1.563860282014206904e+00
1.559014495871018813e+00
1.587456005014345584e+00
1.590679084064282378e+00
1.593845569390336392e+00
1.582982713034876365e+00
1.561531943579335335e+00
1.538020058331499129e+00
1.534486494837546955e+00
1.563719326984857272e+00
