2.250000000000000056e-01
0.000000000000000000e+00
0.000000000000000000e+00
5.964721396554159005e-01
7.444307866171406829e-01
1.230099110840317422e+00
1.346370280058798885e+00
1.293812301643976870e+00
1.266256285833123885e+00
1.250306556870637520e+00
1.243622142055074598e+00
1.243399532639436478e+00
1.259000391037769839e+00
1.261575071305738094e+00
1.264654846731023019e+00
1.254406553321864681e+00
1.255605567362484409e+00
1.247926962932385253e+00
1.245221260758904602e+00
1.247862269889641995e+00
1.254883343138102125e+00
1.264806101453143317e+00
1.271306988232472568e+00
1.280030261343521047e+00
1.283909978984374423e+00
1.242191592101681508e+00
1.256297977628574092e+00
1.229825656462021355e+00
1.211870699419092645e+00
1.197702715706324472e+00
1.177843613949606683e+00
1.205893713393949573e+00
1.194975049547106316e+00
1.186000715728100730e+00
1.241832252314661433e+00
1.295301208721002517e+00
1.337109632104799495e+00
1.355347510995084326e+00
1.369415480303197930e+00
1.397368319256916624e+00
1.391100056324213297e+00
1.407383819571423000e+00
1.422402204140707171e+00
1.420630734037900744e+00
1.459685907305574126e+00
1.465269387160037962e+00
1.478332072173076828e+00
1.488234570561600023e+00
1.491407560006874355e+00
1.492271848567487735e+00
1.494269292439563301e+00
1.495831364575485267e+00
1.497034139250009499e+00
1.497948897985946770e+00
1.498638468408646673e+00
1.499155471397469963e+00
1.499542281919560294e+00
1.499831992054417418e+00
1.500049707030024271e+00
1.500213838128367394e+00
1.500338193907720052e+00
1.500432569203882238e+00
1.500505069005129366e+00
1.500561515667170331e+00
1.500606315828535209e+00
1.500645162606621508e+00
1.500676691212958991e+00
1.500709322813374769e+00
1.500733771214393331e+00
1.500756492182919288e+00
1.500780185513291398e+00
1.500810601610033324e+00
1.500846438594340304e+00
1.500892356891567303e+00
1.500946266420834840e+00
1.501004397193039797e+00
1.501081390753069567e+00
1.501237726402914419e+00
1.501520187818637497e+00
1.501788314549104442e+00
1.502147097206410820e+00
1.502403905771347192e+00
1.502746178519315245e+00
1.503277126706930478e+00
1.503611189395344772e+00
1.505249775171275672e+00
1.506206771804176059e+00
1.508432275473154727e+00
1.508699965607699145e+00
1.509798350705501502e+00
1.512484753805582782e+00
1.510044610611001925e+00
1.514515856897731050e+00
1.521840337189163783e+00
1.525561166736068008e+00
1.531045330256917802e+00
1.519267236024324230e+00
1.536801215214671945e+00
1.513556408749640481e+00
1.422892423689870789e+00
