2.250000000000000056e-01
0.000000000000000000e+00
1.593415541662864254e-01
2.207463859195543665e-01
2.153438555402586163e-01
2.711041093452655759e-01
2.719556073122975093e-01
3.135288682679505112e-01
3.302111019843647632e-01
3.432380390722932217e-01
3.668952779294620825e-01
3.799389290625180271e-01
4.096894596344292094e-01
4.524214152332976524e-01
4.617393806536793655e-01
4.864321327218927848e-01
7.467627916310165537e-01
7.995566711993549180e-01
8.019242829697634800e-01
8.082834564325438453e-01
8.080230380132173984e-01
8.411085532282464028e-01
8.556353942066305951e-01
8.677608936523724115e-01
8.663618683650916585e-01
8.612580093700911155e-01
8.641858225631884327e-01
8.680652933388057768e-01
8.621344629704574825e-01
8.815875004976804208e-01
8.897358133686040782e-01
9.025991741797952939e-01
9.071093664291648428e-01
9.082931045824153005e-01
9.044120305251891478e-01
9.019472061234504734e-01
8.949880857986161065e-01
8.911704525751124040e-01
9.010455474122284203e-01
9.043631391098821970e-01
9.052888749534875323e-01
9.041230542609870469e-01
9.041522640831803903e-01
9.196980399711814913e-01
9.227291311413291508e-01
9.249806653977392656e-01
9.238902313583023940e-01
9.251852591755281852e-01
9.269389893775800138e-01
9.230332258103816079e-01
9.197455554152227375e-01
9.189685871531406702e-01
9.181644967369624322e-01
9.173825590837400012e-01
9.166569298301093793e-01
9.160074204700939804e-01
8.854317895093325452e-01
8.483438592936867195e-01
7.684515592806110407e-01
6.992810202515694629e-01
6.551895141706992609e-01
6.090893728983212130e-01
5.971696172406544267e-01
5.988992464869834498e-01
8.250193751203014347e-01
8.373986967924166303e-01
8.628359858066136923e-01
8.616510982536100816e-01
8.707200951164554281e-01
8.862644003341126897e-01
8.475087785400972074e-01
8.472860463006871568e-01
8.645522672881307269e-01
8.544501418850737329e-01
8.393737609384634979e-01
8.345911791661194679e-01
8.392548771689267717e-01
7.586788738097947071e-01
7.048183460245240894e-01
6.722680908573174241e-01
6.476885167566613921e-01
6.523102343966749039e-01
6.337111980238611109e-01
6.275988639971181726e-01
5.806947994999915874e-01
5.615379276371681438e-01
5.410435784557154903e-01
5.420922181775867932e-01
5.334274756512950022e-01
5.360449421506957579e-01
5.373421585022147839e-01
5.633939846574698151e-01
5.970894986413559646e-01
6.009821457379557197e-01
5.940201518984560281e-01
5.991560811099414519e-01
6.055001773394563802e-01
6.361941753731582549e-01
6.488055339008125255e-01
6.973223158720214254e-01
