2.250000000000000056e-01
0.000000000000000000e+00
8.622472119628860066e-01
8.397486559372963066e-01
9.355491968724728435e-01
9.371783697417102044e-01
8.884594560091020332e-01
9.216271323555458306e-01
8.609532285416171549e-01
8.737125311590520083e-01
8.279368422538875283e-01
7.258629979166497659e-01
7.000773645040450077e-01
6.846491982340411342e-01
6.821704764432946488e-01
6.825708921231242732e-01
7.612458824916398248e-01
8.314831688874814164e-01
7.533878463262472236e-01
7.496503733157786620e-01
7.907090695715986994e-01
8.524532862927832744e-01
9.388908986203520213e-01
9.718377822440920077e-01
9.587717327108317145e-01
9.858786875530410887e-01
9.862485128255458200e-01
1.015956726936174448e+00
1.035511511136190332e+00
1.020375555217269081e+00
1.019979868492677078e+00
1.018646476046772165e+00
1.007221694336340345e+00
1.014050357658417001e+00
1.008668284874146170e+00
1.019469719837758026e+00
1.010219418746338249e+00
1.019993533263858554e+00
1.005446182158146629e+00
1.012490730516530268e+00
1.008282369879194951e+00
1.015481217740892728e+00
1.019599047102325740e+00
1.010298173696001944e+00
1.028253586847677647e+00
1.030028249896120851e+00
1.027392364062579722e+00
1.024959813192367619e+00
1.016222192935885005e+00
1.003467211481114507e+00
9.931922571920887011e-01
9.806283192574445362e-01
9.768942053008466964e-01
9.608354964806483656e-01
9.617696929124071037e-01
9.560006578129520705e-01
9.511009166497982337e-01
9.576382248122514707e-01
9.607466889732905191e-01
9.594287552785949469e-01
9.580431361816148517e-01
9.569002868301669240e-01
9.609080591972753993e-01
9.676925930455924085e-01
9.756781639917795346e-01
9.719807599337331183e-01
9.675099858109101891e-01
9.755931928602038505e-01
9.706262997215647781e-01
9.652588671002920728e-01
9.563919581226587585e-01
9.502090841962619328e-01
9.458658662217038771e-01
9.375510986890326359e-01
9.358211300361405360e-01
9.266488138479649361e-01
9.279692088099390501e-01
9.192913657243282355e-01
9.063388252692677893e-01
9.099113925745084819e-01
9.149311158240424069e-01
9.133687907732677136e-01
9.132482026738982794e-01
9.150506148424819575e-01
9.125637235306752748e-01
9.164864907909113789e-01
9.213944188347146236e-01
9.181518734032810825e-01
9.191086823400286265e-01
9.287796858911798736e-01
9.385508935171342770e-01
9.255836038588177717e-01
9.273370546771568801e-01
9.338523373234485225e-01
9.437651161505492547e-01
9.597068543998005241e-01
9.590567080611342998e-01
9.667145828590242296e-01
9.680351938018044722e-01
9.637779363879040995e-01
