2.250000000000000056e-01
0.000000000000000000e+00
0.000000000000000000e+00
0.000000000000000000e+00
0.000000000000000000e+00
0.000000000000000000e+00
0.000000000000000000e+00
1.996211832056641600e-01
1.979664498932920957e-01
3.209127652658551599e-01
3.118939085634976904e-01
3.200793126625755547e-01
3.799220125674403481e-01
8.455845019270543661e-01
8.578955118700895000e-01
1.088315512918850647e+00
1.109986938283237912e+00
1.130319817128053295e+00
1.144455658438505274e+00
1.222840821892194674e+00
1.288104871634740078e+00
1.313180613194511626e+00
1.330116745312643012e+00
1.389868622208144000e+00
1.423148672023443417e+00
1.497167663355044143e+00
1.514227302060416003e+00
1.540304462221979920e+00
1.544050851560621718e+00
1.553591471655653367e+00
1.561677462876169153e+00
1.563260437971858652e+00
1.568173983961425044e+00
1.573431580490413983e+00
1.574135568635708138e+00
1.587967325613413916e+00
1.623754709396927121e+00
1.686851062042580507e+00
1.706244615897563710e+00
1.670817852069718334e+00
1.636666160544471893e+00
1.616716117485551552e+00
1.575268939966918191e+00
1.541662396533795443e+00
1.520532519017974593e+00
1.509575770075221035e+00
1.502121890527919668e+00
1.495948695939895545e+00
1.506419865548407788e+00
1.536181729645228922e+00
1.557506575360124046e+00
1.576328166246490081e+00
1.589249596067517922e+00
1.615999575988916970e+00
1.633234894493104994e+00
1.670006952532239630e+00
1.684115714402022235e+00
1.693314594259883954e+00
1.692172517216127714e+00
1.699754884592748372e+00
1.701290125569304035e+00
1.704290763805257791e+00
1.713892769923049064e+00
1.718773586157694488e+00
1.738678371782637067e+00
1.721085477040288580e+00
1.662285493227572797e+00
1.648684296284044226e+00
1.633867692584927811e+00
1.620821123476263947e+00
1.600539128188819049e+00
1.572793858186237959e+00
1.558949677263392175e+00
1.555963460658748465e+00
1.551159816317658535e+00
1.572837392216250851e+00
1.568726788565039554e+00
1.565304882579148460e+00
1.563132712003880487e+00
1.577539786838777491e+00
1.595494865665724182e+00
1.623756393958901034e+00
1.630795352492313555e+00
1.628275597608618064e+00
1.618626840795313271e+00
1.600679006924762726e+00
1.592971372865140900e+00
1.580045260609799662e+00
1.579665288802642120e+00
1.553447184840808681e+00
1.545531540972323592e+00
1.533620966769337457e+00
1.503877489617202023e+00
1.498416561487437626e+00
1.482671932889755073e+00
1.474456282339084545e+00
1.510117983951637433e+00
1.519691855256610102e+00
1.511764308396641221e+00
1.519958766770482139e+00
