2.250000000000000056e-01
9.948434656718793123e-01
9.328111076587403128e-01
8.887590975967768481e-01
8.923618452886065144e-01
8.550374301702821089e-01
8.613191061556183525e-01
1.020335306386629837e+00
9.819413648395036720e-01
9.912652053549405595e-01
1.033565218291400356e+00
1.027548045164232482e+00
1.045730938875589322e+00
1.050586265343764314e+00
1.063695190232198939e+00
1.104689198605762090e+00
1.147413252318178589e+00
1.138922416642321966e+00
1.157745780150698511e+00
1.136728179172595388e+00
1.142378783904842043e+00
1.120962951216910142e+00
1.102815240244598538e+00
1.102905721678084872e+00
1.090546424947269610e+00
1.070218144354217360e+00
1.069118333498369600e+00
1.084096915640350378e+00
1.074164499590354316e+00
1.066744879355822961e+00
1.069075434003915914e+00
1.080432130231526733e+00
1.089305582543789397e+00
1.095328496306085198e+00
1.102034937580427476e+00
1.098782138874058623e+00
1.088599011830818197e+00
1.084008518113673825e+00
1.085041468575715706e+00
1.081025245066433493e+00
1.089711872588038366e+00
1.086527551609360431e+00
1.093145660993424917e+00
1.089195803435232035e+00
1.094201928526708611e+00
1.104463274024067410e+00
1.097124803634209611e+00
1.098534119675144805e+00
1.100947369197697867e+00
1.091391112019320264e+00
1.090859910117944809e+00
1.081719806645268900e+00
1.080850121091915250e+00
1.063057464001488039e+00
1.072968278404595077e+00
1.082438851524273105e+00
1.094219048961627916e+00
1.089241597054201316e+00
1.083773252727147751e+00
1.081193175174551824e+00
1.091192275881719631e+00
1.097742959474862223e+00
1.094970009805557476e+00
1.087545013373871772e+00
1.087589944007956611e+00
1.082286651477913475e+00
1.086223388924383970e+00
1.094201483308923306e+00
1.095998177519533323e+00
1.100443713069799712e+00
1.107239503847639028e+00
1.104044004234278065e+00
1.107590061095135470e+00
1.119642915220968593e+00
1.126013729223394044e+00
1.122571052838909011e+00
1.115212250928497628e+00
1.110845895376340042e+00
1.115942986547655114e+00
1.115417639810022399e+00
1.113348489876352154e+00
1.105026604968538440e+00
1.099335821324426643e+00
1.095895298066779100e+00
1.094665649130047491e+00
1.092060261079865313e+00
1.091407888898382028e+00
1.087629528922509303e+00
1.092092260797438152e+00
1.086873187016328401e+00
1.095686745539595774e+00
1.107797460240184106e+00
1.099043754845576704e+00
1.099436912697793867e+00
1.097705199871780168e+00
1.098211569080380867e+00
1.096961016219439200e+00
1.095768834069725806e+00
1.089679207818861517e+00
1.094829562868548045e+00
