2.250000000000000056e-01
0.000000000000000000e+00
0.000000000000000000e+00
0.000000000000000000e+00
0.000000000000000000e+00
0.000000000000000000e+00
0.000000000000000000e+00
0.000000000000000000e+00
0.000000000000000000e+00
0.000000000000000000e+00
0.000000000000000000e+00
1.506647699610120572e+00
1.506647699610120572e+00
1.588185895533064995e+00
1.588947945613427892e+00
1.589637310957584759e+00
1.590245278224202252e+00
1.568206605009064836e+00
1.567726871773777120e+00
1.567321502452728499e+00
1.554090234380395508e+00
1.552700112135685817e+00
1.587628594925463821e+00
1.592154298158112491e+00
1.558237740299054819e+00
1.543930216823507173e+00
1.542521405236309651e+00
1.550200343216224574e+00
1.570845439500640817e+00
1.545195070202241894e+00
1.544629684469546405e+00
1.549952077312737986e+00
1.559224117260791465e+00
1.568028649629678695e+00
1.748239107251311930e+00
1.653645508853811563e+00
1.682017831979206512e+00
1.619681317210876603e+00
1.627518634597206360e+00
1.645509455808083832e+00
1.645392111834090842e+00
1.627757423420932881e+00
1.603396786215446790e+00
1.592541729705915676e+00
1.572953730762602031e+00
1.566012867213903315e+00
1.563477223569332830e+00
1.591534177638770142e+00
1.599563396929076564e+00
1.565982154001913429e+00
1.519688554910098022e+00
1.523130591047164639e+00
1.569959270121150219e+00
1.560673830617209656e+00
1.556285082576381873e+00
1.569020462574070685e+00
1.573224638823479182e+00
1.566335324453170363e+00
1.593341992894687253e+00
1.744477469944471837e+00
1.776204922911171824e+00
1.799934169655464045e+00
1.787556574916004726e+00
1.794070595610156360e+00
1.808344984991642423e+00
1.784440621601888211e+00
1.750060045769210371e+00
1.771279339489070015e+00
1.801391109167776117e+00
1.825321242525972609e+00
1.830996470406929699e+00
1.818435016159898554e+00
1.815475937027679176e+00
1.771342250506336979e+00
1.763385770749599679e+00
1.722318495216020207e+00
1.696148044606223371e+00
1.762699315393803090e+00
1.770299208817950554e+00
1.748683627902735349e+00
1.750212733652708685e+00
1.737284346311391170e+00
1.745885795584350531e+00
1.746168407314512949e+00
1.727196255660015778e+00
1.716938849749738205e+00
1.732480774307129767e+00
1.765782218037875939e+00
1.809337815406606431e+00
1.796098812349422369e+00
1.803614697480760087e+00
1.791090091019071684e+00
1.872126944657047654e+00
1.864888082878238817e+00
1.868819676310087274e+00
1.846603874219379771e+00
1.820742368137839629e+00
1.818152522078786415e+00
1.798608648634982377e+00
1.785386659103628038e+00
