2.250000000000000056e-01
0.000000000000000000e+00
0.000000000000000000e+00
0.000000000000000000e+00
0.000000000000000000e+00
1.756746507767034782e+00
1.745780332340788110e+00
1.738492659472312019e+00
1.725223578326477991e+00
1.724170352361394931e+00
1.721791779366562913e+00
1.718270610331765091e+00
1.708142873423019736e+00
1.703028723518206666e+00
1.698142547406365832e+00
1.677567029964912360e+00
1.674743625062036223e+00
1.666864564020063000e+00
1.586718920155172130e+00
1.487279828452378938e+00
1.388294015360461042e+00
1.239356457148690138e+00
1.148364630330750424e+00
1.078311488691824360e+00
1.020118282187221448e+00
9.320945090431757007e-01
9.377020638838375888e-01
9.657735737702829448e-01
9.427908871618577713e-01
9.566011606819554425e-01
9.977699232885891556e-01
9.834562671541646761e-01
9.964133799002909964e-01
9.710025253256974187e-01
9.534559304009900815e-01
9.474310269187894429e-01
9.693362063741615131e-01
9.983933020710020756e-01
1.023015212361797710e+00
1.047728442030233520e+00
1.050960019018918334e+00
1.035707386551720344e+00
1.040467266109447841e+00
1.023298619325904157e+00
1.007034192144641072e+00
9.792731255355914266e-01
9.498966755061765133e-01
9.221826215747725985e-01
9.096471370464909167e-01
9.326979187342392397e-01
9.342080557110502559e-01
9.436878522805889347e-01
9.583991318277550464e-01
9.729353144024797118e-01
9.817434836552646482e-01
9.960868964413716053e-01
1.020772636316614079e+00
1.023577866865257091e+00
1.031825971617297055e+00
1.038420805665394298e+00
1.040378866278490522e+00
1.038782679516742302e+00
1.047266769696706401e+00
1.055011334192347938e+00
1.048237252179423429e+00
1.030159641056329178e+00
1.025259151829108983e+00
1.013296430820904481e+00
9.944792134341019496e-01
9.892270559038280897e-01
1.001377001485884710e+00
1.000701472425812533e+00
1.018916239448372618e+00
1.030713177675148140e+00
1.021601332631444370e+00
1.019339413334424904e+00
1.029383674653938208e+00
1.049030407521972297e+00
1.071429043121603586e+00
1.089076534345260416e+00
1.100899052672444922e+00
1.093320125758305172e+00
1.089579830273962102e+00
1.090158349235211821e+00
1.086392389697412364e+00
1.088619635141534481e+00
1.093534817760574152e+00
1.094314611557930084e+00
1.104191033070924366e+00
1.099420427446313742e+00
1.099295455637889107e+00
1.096061271311957075e+00
1.100061991328504574e+00
1.105473872072169295e+00
1.103629304338632267e+00
1.106489930002262811e+00
1.102813394702256033e+00
1.112575891805307915e+00
1.122004685827235893e+00
1.141782321648901366e+00
