2.250000000000000056e-01
8.446294423725968226e-02
1.592201719530783877e-01
2.175493139757617989e-01
2.186167675048295012e-01
2.783796480129854256e-01
2.803428829279322465e-01
3.418766916599930705e-01
3.462451384174056179e-01
3.543074310921045522e-01
4.154547552180399839e-01
4.209189513387696091e-01
4.287652245461927580e-01
4.944138406820434706e-01
5.001907691596371164e-01
5.063366055585547532e-01
5.758061850167212059e-01
5.812837171910215650e-01
5.877702465916304631e-01
6.680728169624858825e-01
6.619395763419654299e-01
6.682655002254112020e-01
7.540747796711727569e-01
7.597045270898320490e-01
7.463269609785844194e-01
8.321618257572156452e-01
8.358536600642597625e-01
9.081483009318409572e-01
1.199498144631783614e+00
1.246020262029576831e+00
1.251925633493867096e+00
1.256754916266064726e+00
1.255056758879613765e+00
1.245490839448185616e+00
1.241926114669280379e+00
1.223940709455882514e+00
1.161909831459547515e+00
1.128669340855359415e+00
1.114620494259382921e+00
1.092871489099621840e+00
1.086998446957977427e+00
1.047721159320118112e+00
1.074718825359872509e+00
1.051594975176777691e+00
1.105543356160603397e+00
1.123353343017829520e+00
1.124562814061528249e+00
1.133211562985428023e+00
1.128027287321553773e+00
1.123333734299281961e+00
1.120345612631292065e+00
1.120912970448679769e+00
1.094773283280360054e+00
1.095805587835234851e+00
1.043371067456701828e+00
9.800154631314670350e-01
9.249118836474342631e-01
9.093130821319876933e-01
9.027216540720757187e-01
9.808802862925278809e-01
9.953494132378311043e-01
9.416760053094683780e-01
9.317551227914784295e-01
9.111760413434133454e-01
9.234889317988602686e-01
9.229057967645610816e-01
9.305451983461776599e-01
9.426399564352235805e-01
9.680765485181807017e-01
9.818419162981458781e-01
9.948642988479429183e-01
9.909834468808994545e-01
9.924225892514013658e-01
9.769428876182173482e-01
9.702182384858762942e-01
9.909201679932448936e-01
9.957612725155478017e-01
1.005428656283582578e+00
1.004126474352253773e+00
9.976129437895245866e-01
9.993455680766570870e-01
9.970633285289155490e-01
9.904973386539435154e-01
1.000073203412381595e+00
1.000864299135267421e+00
9.956655042540919487e-01
1.040415270201755948e+00
1.052921432225953469e+00
1.078954405355316615e+00
1.083520290157056420e+00
1.073826583053066885e+00
1.082498061118758237e+00
1.079497450269403913e+00
1.074950066525985015e+00
1.079295951327769343e+00
1.041283052733919190e+00
1.040042206595596097e+00
1.043756240872817820e+00
1.048522132516394922e+00
1.045586582160626055e+00
