2.250000000000000056e-01
0.000000000000000000e+00
2.121967480556761765e-01
2.121967480556761765e-01
2.560128870139629642e-01
2.801003088524450235e-01
2.961214824390557832e-01
3.086238980984536417e-01
3.416923456691726146e-01
3.420477516666267093e-01
3.696812505967048135e-01
3.878469122091295906e-01
4.065947018945617053e-01
4.229318157856859495e-01
4.369236065679297787e-01
4.450936012186159640e-01
4.756360281442001958e-01
4.913753145263404787e-01
5.020008457310755068e-01
5.149261575506042243e-01
5.419337180647343377e-01
5.301381139141794208e-01
5.501882034302104652e-01
5.344968680480695067e-01
5.395771265144830853e-01
5.554208797508773943e-01
5.446533961714935534e-01
5.739788720991991777e-01
5.887261694071251883e-01
5.873275396879309440e-01
5.819409698192488101e-01
6.140587642572735705e-01
6.255593487855636292e-01
6.400268313472949888e-01
6.314100615869373545e-01
6.261284872110842725e-01
6.823571254849616352e-01
6.914193887902354563e-01
6.975527649498476368e-01
7.041209245286439433e-01
6.944683329361620583e-01
7.020675898988743002e-01
7.631660193312016505e-01
6.958730916673818712e-01
6.493132977766827851e-01
6.362278075501259789e-01
6.307745401292004228e-01
8.716247425753791411e-01
9.300062912141879856e-01
9.415059036159777461e-01
9.304545407501185750e-01
9.545756951737697227e-01
9.406931541051962720e-01
9.886870036974113596e-01
1.000271128748404292e+00
1.021642272289811526e+00
1.012545960626408892e+00
9.927973650684686069e-01
1.007314197386117494e+00
9.874567498230218954e-01
9.724653732713847143e-01
1.017728726011581264e+00
1.008088258501773193e+00
1.001866137510192489e+00
1.027283031719397055e+00
1.045948254405561162e+00
1.052193374343005638e+00
1.061130901411150074e+00
1.063256672347127951e+00
1.063615027198737906e+00
1.061293727770371564e+00
1.082568196536602967e+00
1.104879001811690964e+00
1.113137931159605687e+00
1.136677160995999136e+00
1.148834732978567530e+00
1.157356889050032533e+00
1.178803122714253471e+00
1.187330414701466275e+00
1.213313449076831141e+00
1.218095849872564029e+00
1.218535807605890309e+00
1.328908990348009578e+00
1.369313926302413442e+00
1.397084320893025033e+00
1.396886504912824734e+00
1.387741712480201839e+00
1.376473227288001366e+00
1.371267641568722384e+00
1.356641461444208829e+00
1.343839851025089516e+00
1.357156382069282241e+00
1.349742161073048896e+00
1.371574212504565127e+00
1.363265560544012267e+00
1.359391338212414313e+00
1.363736452308970337e+00
1.362737798228115693e+00
1.379648334001110088e+00
1.362715717743735677e+00
