2.250000000000000056e-01
0.000000000000000000e+00
0.000000000000000000e+00
0.000000000000000000e+00
0.000000000000000000e+00
0.000000000000000000e+00
0.000000000000000000e+00
1.079206024481192822e-01
1.354969046328891868e-01
1.885239863314538689e-01
1.656042823601345804e-01
2.202755491274736299e-01
2.148072790262022802e-01
2.223574247786773428e-01
2.718510653514109032e-01
2.769913077008495095e-01
2.888788633162771569e-01
3.390334166535272642e-01
3.512513084783693840e-01
3.614501294228679162e-01
3.754962731162069800e-01
4.052211670681793998e-01
4.309839228625618190e-01
4.254853001489795061e-01
4.405381426708667725e-01
4.539354259246509704e-01
4.839928854655579094e-01
5.008520584356588312e-01
4.942910080079052082e-01
5.157675695152200701e-01
5.093485709548688511e-01
5.377105808183388902e-01
5.405587050391059689e-01
5.560471693395766524e-01
5.560727872923242332e-01
5.809555724553266964e-01
6.199506977944228003e-01
6.312509217565935860e-01
6.214561615725895383e-01
6.290546576883362384e-01
6.646086703156769415e-01
6.866825663087857690e-01
7.031828018717611872e-01
7.060905437968748588e-01
7.158061049927895159e-01
7.630430652147842663e-01
8.004044469437697762e-01
9.192930129316636556e-01
1.004234255380335838e+00
1.064995381916980621e+00
1.097101535318490750e+00
1.167384508514438979e+00
1.220597683993680072e+00
1.258423554058773597e+00
1.301754911251296942e+00
1.347293734898339146e+00
1.368595800450321365e+00
1.369553804774376049e+00
1.373028130565447480e+00
1.376565455478171884e+00
1.386955619752685109e+00
1.380775802892850290e+00
1.357536869809317093e+00
1.349656977944556191e+00
1.343771641225217195e+00
1.352288044463127559e+00
1.335971063860227126e+00
1.320963956247078963e+00
1.309067222849857215e+00
1.256733885851014199e+00
1.224191888299375641e+00
1.245432996273625026e+00
1.268278782993560672e+00
1.266684308460076958e+00
1.261100503470035106e+00
1.264186428144347341e+00
1.279065737521916768e+00
1.276530989902869395e+00
1.298781880820078616e+00
1.280049937556677397e+00
1.266362714320309557e+00
1.253933582177712225e+00
1.227234945195124771e+00
1.216795170811119320e+00
1.209460995821629581e+00
1.215428855249162110e+00
1.215874031264793542e+00
1.209709915781445266e+00
1.204464727467998708e+00
1.172663927644295390e+00
1.179910487277628262e+00
1.164835775873259260e+00
1.149272115948524409e+00
1.147770237899421675e+00
1.125913613603343633e+00
1.115336325789358041e+00
1.098967539575284258e+00
1.107401354891131451e+00
1.131275047442397375e+00
1.145270635102409118e+00
