2.250000000000000056e-01
0.000000000000000000e+00
0.000000000000000000e+00
0.000000000000000000e+00
1.124638445745328452e+00
1.035408062552135577e+00
6.553843545930000403e-01
6.580386119069246975e-01
7.414905971798703144e-01
7.369827154949049053e-01
9.599731213425587439e-01
1.042244335446053993e+00
1.290167152309940057e+00
1.271651328654198165e+00
1.226880122914184801e+00
1.208832268111811992e+00
1.195482341257452452e+00
1.193014793206035762e+00
1.189224400773810197e+00
1.190365749578645049e+00
1.182068552607413503e+00
1.168364042888107024e+00
1.172695326920727643e+00
1.169778720663177562e+00
1.169276710117327811e+00
1.180095407698545040e+00
1.195205556334117736e+00
1.207578337643228972e+00
1.198256485790195169e+00
1.191602038192443036e+00
1.173093274842328393e+00
1.157708865128909359e+00
1.153378077448627526e+00
1.153904039436209894e+00
1.162364254927454654e+00
1.151041648120906702e+00
1.144632551875530035e+00
1.138889250691109023e+00
1.119915164125730556e+00
1.114453095381960024e+00
1.118172123461916190e+00
1.139893885104602544e+00
1.143743461614459056e+00
1.151609761280317112e+00
1.156585800794293295e+00
1.164224148471270093e+00
1.175601524873296500e+00
1.184171497873665491e+00
1.182121060001342316e+00
1.191285516624838836e+00
1.181023085534310901e+00
1.170610787474360981e+00
1.165225914261208251e+00
1.165995163682997715e+00
1.169311345175555683e+00
1.169413578780048368e+00
1.183791653512177078e+00
1.188112593007280227e+00
1.178505141276409596e+00
1.183115275906759800e+00
1.178444404859121830e+00
1.177661181674666269e+00
1.179908413546212564e+00
1.175950675614528818e+00
1.188508075056105229e+00
1.198880681800817083e+00
1.189453382272306348e+00
1.188141648857153010e+00
1.192551150813421668e+00
1.185339027933659306e+00
1.182879728127415486e+00
1.177540695490373102e+00
1.184340934231846942e+00
1.176228312221983208e+00
1.180582192232871863e+00
1.184461381876998676e+00
1.176206903945848703e+00
1.185619776313896256e+00
1.189041731509948407e+00
1.195192455335442716e+00
1.198039554575441867e+00
1.190648178480784969e+00
1.197467451466557309e+00
1.190282365009980525e+00
1.185073662874571276e+00
1.181036331302023346e+00
1.179203639914149448e+00
1.179836640362852407e+00
1.179088854402291942e+00
1.177198143345298487e+00
1.178967250215271712e+00
1.183846372096508004e+00
1.191648315656070878e+00
1.184903242725851680e+00
1.181578575831052191e+00
1.167299436340009322e+00
1.162769722517610571e+00
1.163128577466483460e+00
1.162829897916765942e+00
1.168990366299660799e+00
