2.250000000000000056e-01
0.000000000000000000e+00
0.000000000000000000e+00
0.000000000000000000e+00
0.000000000000000000e+00
9.593401309027110857e-02
1.276776676350843687e-01
1.376772805590653903e-01
1.474192994876474816e-01
1.596353551644154878e-01
1.835000601063041525e-01
1.973746633716977894e-01
1.971551898221821086e-01
1.977457364324368694e-01
2.375978616099274632e-01
2.581133144587409167e-01
2.610450239796193728e-01
2.832014777832762009e-01
2.865934953782395267e-01
3.413556260130657383e-01
4.928836487541458644e-01
5.541337042438659877e-01
5.641353064786560623e-01
5.374041945935021936e-01
5.741492678964429386e-01
6.122272112271140987e-01
6.178121849861086812e-01
6.823984725132642426e-01
7.374560313087177299e-01
7.690851581171604945e-01
7.724046934684963839e-01
7.802158955019096176e-01
1.193047487205289192e+00
1.233523807167694608e+00
1.304970881165258501e+00
1.332998420879173418e+00
1.352950402427161913e+00
1.339688211933670603e+00
1.347921099130364064e+00
1.339380993666326569e+00
1.332389873863889296e+00
1.338127905918603089e+00
1.382682492579425659e+00
1.416404007123948094e+00
1.442701351642099450e+00
1.454081595643027303e+00
1.469112673213980313e+00
1.494321735393052686e+00
1.480501149743470357e+00
1.453383650959524376e+00
1.459221721218834533e+00
1.448722535221400820e+00
1.411295582222431344e+00
1.395309062761344254e+00
1.385628735960894531e+00
1.377254604287571071e+00
1.357418691469903127e+00
1.329929059585007289e+00
1.319242809621750556e+00
1.370796091610749556e+00
1.426878630281838367e+00
1.456813941103999310e+00
1.452790155346399992e+00
1.438619700190076900e+00
1.433762136885446292e+00
1.462706410543035185e+00
1.441979878483413025e+00
1.450843673667789213e+00
1.461118010889753682e+00
1.461256846033209378e+00
1.476956929022346987e+00
1.471899592732184514e+00
1.459416081916749652e+00
1.455840849077073340e+00
1.441119169207604633e+00
1.437573348364905801e+00
1.441155895080969307e+00
1.432558121544273533e+00
1.439400090113347908e+00
1.455974340771604147e+00
1.459267867743096136e+00
1.442695441247860089e+00
1.443075307469781299e+00
1.439198902798796587e+00
1.427105035117732124e+00
1.417531790064833430e+00
1.421892877102195030e+00
1.434820640118433799e+00
1.423507695298693809e+00
1.418919553949419265e+00
1.407463131402605816e+00
1.404077855580263989e+00
1.409279030215746964e+00
1.412643824991256958e+00
1.437417330800809356e+00
1.437260584346583547e+00
1.448089517894004530e+00
1.455068988590206835e+00
1.460649460333627525e+00
1.455202522339493543e+00
