2.250000000000000056e-01
2.394792109936702218e+00
2.230911970136073119e+00
2.108868111357708575e+00
2.057758069929555234e+00
1.970668220805223525e+00
2.054831275972369919e+00
2.022066684426036431e+00
2.069334990060944346e+00
2.133344791971977461e+00
2.169152925468297077e+00
2.123305883857915077e+00
2.178970689217138101e+00
2.148174296363337454e+00
2.190758851095168769e+00
2.168052292860533914e+00
2.132556986241223029e+00
2.100053838129350314e+00
2.078992367573467170e+00
2.065435708858921693e+00
2.045858516703467522e+00
2.011306682881507157e+00
1.983606994004432744e+00
1.982806698702536563e+00
1.951957621811778010e+00
1.910978191247391766e+00
1.866471817950486667e+00
1.829630217158288108e+00
1.846301826351142816e+00
1.837051265698592672e+00
1.820795891152249046e+00
1.822356637166137716e+00
1.782966222459314132e+00
1.797806091295976794e+00
1.825895660360159489e+00
1.814239225725540194e+00
1.815936130629274281e+00
1.785363659340386988e+00
1.796960563523116505e+00
1.799947238525441140e+00
1.784430772230862994e+00
1.808162525609279925e+00
1.820855684094526472e+00
1.806046199876147229e+00
1.791563744131832614e+00
1.778619867035727831e+00
1.762789496761512087e+00
1.775331323647118209e+00
1.775937520305228778e+00
1.766924451402693830e+00
1.750268442081866826e+00
1.741267451000678701e+00
1.750771895396087352e+00
1.765368163980780114e+00
1.776886417037929267e+00
1.773674966034032296e+00
1.766870639620836236e+00
1.770042777601820383e+00
1.773117902849745242e+00
1.783545048879442430e+00
1.781327031663059168e+00
1.773501728929813170e+00
1.762439215346343513e+00
1.768149994427815175e+00
1.771997715019926201e+00
1.772098138138105572e+00
1.766442416633402956e+00
1.762851920163908792e+00
1.760734814179068630e+00
1.764948208093245041e+00
1.763839091025063643e+00
1.767764111007352756e+00
1.770395540346051177e+00
1.771242543361019273e+00
1.776658033796470360e+00
1.778267593053544759e+00
1.774970452873120275e+00
1.777161013444189974e+00
1.784137007840453926e+00
1.787297342064082306e+00
1.791160688387032573e+00
1.796897398439682325e+00
1.797253257743161248e+00
1.795171731553031336e+00
1.795388886025814479e+00
1.797781877081230828e+00
1.793639449991368817e+00
1.792468560335629402e+00
1.795558606948113312e+00
1.797273796878760432e+00
1.797182828957500922e+00
1.794645136596988877e+00
1.794734031757042603e+00
1.793742876881485593e+00
1.791421387725575798e+00
1.795102158521103330e+00
1.794864564657034700e+00
1.793881563045726990e+00
1.792885106196574707e+00
1.794250867755520451e+00
