2.250000000000000056e-01
0.000000000000000000e+00
9.216855230096276941e-01
8.713605650101259315e-01
8.311845602717737869e-01
7.758756936229019852e-01
7.388912582893663039e-01
7.611315879279639818e-01
7.023488943991820221e-01
6.571195728584453555e-01
6.819977194864959014e-01
7.134652548515272308e-01
7.399551012372622694e-01
7.425851702843606628e-01
7.452827468361208352e-01
7.258236303482693552e-01
7.085130440976213917e-01
7.036951528495888342e-01
7.024034416447560991e-01
7.011542452557832927e-01
7.027381455677241817e-01
7.127053397795171108e-01
7.215843212876662527e-01
6.797477400113384194e-01
6.778619662327002304e-01
6.744551514089411892e-01
6.705517251085004737e-01
6.922013870943476421e-01
7.243660574384201967e-01
7.167315097841223670e-01
7.134553588693796078e-01
7.215338240114365087e-01
7.048325950650946581e-01
7.269014913352139784e-01
7.559609670932493364e-01
7.576731013400224146e-01
7.381004521420340136e-01
7.346669065324621384e-01
7.118907505215092968e-01
7.188024130246407628e-01
7.293743941851845713e-01
7.212139766468440572e-01
7.301229074828454735e-01
7.349027284624750633e-01
7.338942518292465023e-01
7.301752821957080419e-01
7.246943779196609592e-01
7.235344139050099432e-01
7.310382289675063650e-01
7.259343397727381353e-01
7.240951188416614448e-01
7.220770266012316307e-01
7.200811084147328289e-01
7.201837833348453399e-01
7.089296083978612328e-01
7.010586562166739588e-01
7.022054452553241344e-01
7.015018656804592467e-01
7.046977879091654851e-01
6.965296044002473597e-01
7.011820039426590601e-01
6.976818228721810566e-01
7.028826999908219797e-01
7.063604834941150656e-01
7.039126022422832474e-01
7.084502483162613551e-01
7.154609390992683338e-01
7.206663054062407703e-01
7.243991478992354294e-01
7.240792175350874160e-01
7.315947119995647174e-01
7.373189277425495902e-01
7.398584180615889183e-01
7.359868353929377438e-01
7.324346563836343638e-01
7.438090064590674455e-01
7.493930899613088226e-01
7.411383198777220516e-01
7.437188860589619699e-01
7.478421320827622898e-01
7.581112349711387477e-01
7.654056191633191730e-01
7.630520873525261649e-01
7.584805597050154891e-01
7.566323292559065106e-01
7.552636261059819667e-01
7.501350954011448691e-01
7.411323798215940784e-01
7.407550024820384049e-01
7.346644936932219538e-01
7.232117098631003493e-01
7.158690953301124482e-01
7.157199479216667104e-01
7.129492391662428652e-01
7.132602384023031261e-01
7.122968760266489285e-01
7.122234147875073917e-01
7.007416556449768130e-01
7.078114136068863749e-01
7.214515367018753400e-01
