2.250000000000000056e-01
0.000000000000000000e+00
0.000000000000000000e+00
0.000000000000000000e+00
0.000000000000000000e+00
0.000000000000000000e+00
0.000000000000000000e+00
0.000000000000000000e+00
0.000000000000000000e+00
0.000000000000000000e+00
0.000000000000000000e+00
9.924484408030097571e-01
9.584714706291547204e-01
9.734557541268723524e-01
1.346803174534195069e+00
1.339760959293522236e+00
1.319211634891158003e+00
1.286887917878850374e+00
1.293963272355302285e+00
1.276000671649661466e+00
1.281879268859307475e+00
1.277267220760583299e+00
1.256615305037601660e+00
1.283308110806245850e+00
1.243814417844006259e+00
1.288624734008980033e+00
1.291251146052264209e+00
1.274259236320901545e+00
1.301057812617413934e+00
1.295028177861272445e+00
1.249219655668900142e+00
1.251980193784016482e+00
1.294603462742019762e+00
1.285150434522231988e+00
1.269002424963908249e+00
1.284240009889658252e+00
1.252651174441275606e+00
1.272991054370032682e+00
1.260075685950435176e+00
1.264392272911214921e+00
1.252650843221467802e+00
1.209194301495246648e+00
1.161562830324058382e+00
1.138035498100046228e+00
1.142696501442641344e+00
1.127630686232400592e+00
1.136020650239938590e+00
1.137396168198553159e+00
1.130893296609474685e+00
1.155157792680168827e+00
1.185983999700902736e+00
1.143833060593023143e+00
1.151468367583834862e+00
1.114845645849150024e+00
1.076464143872567725e+00
1.049997273769285977e+00
1.027926950847032783e+00
1.026990943940011114e+00
1.041165735431046846e+00
1.059699815921853583e+00
1.047726717315456524e+00
1.042422931148700327e+00
1.049052336463313084e+00
1.060434682875116774e+00
1.043634250565634858e+00
1.048557574581782337e+00
1.043000702768339893e+00
1.058549337840631210e+00
1.067802697862114236e+00
1.089747430846756071e+00
1.089244087561296537e+00
1.102742711433879252e+00
1.117770542963634872e+00
1.128839366184778648e+00
1.130164801553305676e+00
1.151051131860416632e+00
1.150119236251749832e+00
1.167310570963398852e+00
1.160122072890007239e+00
1.175104218038545367e+00
1.181920206650566962e+00
1.209361372516274180e+00
1.207631354368051690e+00
1.210322080100807440e+00
1.211570101659533272e+00
1.223824461344136916e+00
1.232865530276415766e+00
1.241723553985011774e+00
1.250544002219557971e+00
1.259194407027081519e+00
1.268684211660382921e+00
1.261562341794506992e+00
1.270195108355155256e+00
1.272839682682584517e+00
1.269347580639701434e+00
1.267291120477455735e+00
1.270183390427524150e+00
1.278116551909649345e+00
1.282131855311924085e+00
1.288779688151893366e+00
