2.250000000000000056e-01
0.000000000000000000e+00
0.000000000000000000e+00
0.000000000000000000e+00
0.000000000000000000e+00
0.000000000000000000e+00
0.000000000000000000e+00
0.000000000000000000e+00
0.000000000000000000e+00
0.000000000000000000e+00
8.870180839121900862e-02
8.257769510790341494e-02
9.898826799318999337e-01
1.108214665548469036e+00
1.083708224714595270e+00
1.109646684899434632e+00
1.137998826183209244e+00
1.140026274397074824e+00
1.128249398999602082e+00
1.122497348606752210e+00
1.114056753789332221e+00
1.111987251000571719e+00
1.101928379766031307e+00
1.071750930832429560e+00
1.051321949019320412e+00
1.046062135225645395e+00
1.029056007860814415e+00
1.024084416659983843e+00
1.009577136173205325e+00
1.032413409976781660e+00
1.034311935173881647e+00
1.041998352543423989e+00
1.053428154902153135e+00
1.053683554507592435e+00
1.073300282051719234e+00
1.077823538875676279e+00
1.080738002388961672e+00
1.081720776167857112e+00
1.067500505553240719e+00
1.072008686061840077e+00
1.059292844116888288e+00
1.048552581927378879e+00
1.032071643012286488e+00
1.018289393231093687e+00
1.001066394149433991e+00
9.807792161634226735e-01
9.534429626022186133e-01
9.248235059491214383e-01
9.070706780945387848e-01
8.968715608373185599e-01
8.844655713470040981e-01
8.791017462444731256e-01
9.026987933498201722e-01
9.087308687616719727e-01
9.245284049448454500e-01
9.376198061239806592e-01
9.371426593379422743e-01
9.428829184956417642e-01
9.487768585238105512e-01
9.545608608300845122e-01
9.518475027585651116e-01
9.397080148503137442e-01
9.474158993490032765e-01
9.421483889842270365e-01
9.434163511302696703e-01
9.373421514863037318e-01
9.439946027605458090e-01
9.385856154088224601e-01
9.453945611742247124e-01
9.347394516991968105e-01
9.339568409500412782e-01
9.327425081550656527e-01
9.295979030848671165e-01
9.258823805119371642e-01
9.147073189179421027e-01
9.092999040109231990e-01
8.976198345074438700e-01
8.855655416504463195e-01
8.836572904631218028e-01
8.751277848529080972e-01
8.757736554817040497e-01
8.926613441761375167e-01
8.978421811785948226e-01
9.058328695658147689e-01
9.043004744297332698e-01
9.191020150991013882e-01
9.296148405336941423e-01
9.404846419324808249e-01
9.414144963640602715e-01
9.393154103961515178e-01
9.291934766626429587e-01
9.281882286535302340e-01
9.208489345540262772e-01
9.154371412958202114e-01
9.094657253530384899e-01
9.074071755630344072e-01
9.053985790682645973e-01
9.096394820752977672e-01
9.089117941454729621e-01
9.138484033879538115e-01
