2.250000000000000056e-01
0.000000000000000000e+00
0.000000000000000000e+00
0.000000000000000000e+00
0.000000000000000000e+00
0.000000000000000000e+00
0.000000000000000000e+00
0.000000000000000000e+00
0.000000000000000000e+00
2.449832266070528786e-01
2.855749512179394656e-01
3.886496715294031623e-01
4.233234894302674856e-01
4.561769061025333083e-01
5.009172316491343757e-01
6.155347277213342183e-01
6.785247181754248125e-01
6.545365401356537660e-01
6.395403412802282972e-01
7.118739116778026732e-01
7.968888483656967336e-01
8.061078523492363201e-01
8.407005689857586228e-01
8.446848375951524490e-01
8.378372825767431697e-01
8.269167095094754893e-01
8.109791698279753547e-01
8.165819399443051685e-01
8.182968742966683084e-01
8.346560218687265609e-01
8.307481908600591325e-01
8.257581594818708126e-01
8.230018484144808744e-01
8.163009754901672244e-01
8.386462643102717829e-01
8.359177682034905077e-01
8.350562852758633969e-01
8.310607430725911460e-01
8.296575812606040712e-01
8.210459142907132746e-01
8.320035343863599886e-01
8.410000648421965819e-01
8.310290914080218361e-01
8.188034270174112672e-01
8.049178722586359802e-01
7.926644815179033632e-01
7.909438182481276503e-01
8.070257055538487823e-01
8.259766815983055066e-01
8.294526223828092570e-01
8.425986719526559199e-01
8.516529667707962714e-01
8.661320411897874827e-01
8.608102080158015479e-01
8.879778613536826182e-01
8.830793226271479446e-01
8.741555097644643224e-01
8.740970737478888086e-01
8.728692399899251608e-01
8.556513480953356066e-01
8.450607971545366359e-01
8.359263986897866872e-01
8.224183742456319113e-01
8.185180528719957493e-01
8.238349757797926998e-01
8.170307157269182108e-01
8.172432214508924542e-01
8.097897424439018943e-01
8.001563505763920059e-01
7.977504732300396695e-01
7.904814347571101907e-01
7.938730867726708773e-01
7.900833245621738943e-01
7.851611846350285973e-01
7.848686248443261793e-01
7.885671876998413543e-01
7.936398103633406365e-01
7.905944483501086140e-01
7.980023885036094944e-01
8.139581654983312209e-01
8.206876161524725433e-01
8.315774863137471717e-01
8.354157980363587921e-01
8.437444904122813893e-01
8.412800124332868723e-01
8.410671818637762698e-01
8.391153280008616377e-01
8.448471527468786046e-01
8.406980909825767512e-01
8.337904215024226628e-01
8.212329921821994727e-01
8.108144007867370551e-01
8.038761973567558616e-01
7.965425221021932289e-01
7.894673805214669216e-01
7.895251109865371042e-01
8.030821704937390892e-01
8.063571170765072571e-01
8.020119792716449147e-01
7.975602817930329547e-01
