2.250000000000000056e-01
0.000000000000000000e+00
0.000000000000000000e+00
0.000000000000000000e+00
0.000000000000000000e+00
0.000000000000000000e+00
0.000000000000000000e+00
0.000000000000000000e+00
0.000000000000000000e+00
0.000000000000000000e+00
0.000000000000000000e+00
0.000000000000000000e+00
0.000000000000000000e+00
0.000000000000000000e+00
0.000000000000000000e+00
0.000000000000000000e+00
0.000000000000000000e+00
0.000000000000000000e+00
0.000000000000000000e+00
0.000000000000000000e+00
0.000000000000000000e+00
0.000000000000000000e+00
0.000000000000000000e+00
0.000000000000000000e+00
0.000000000000000000e+00
0.000000000000000000e+00
0.000000000000000000e+00
0.000000000000000000e+00
0.000000000000000000e+00
0.000000000000000000e+00
0.000000000000000000e+00
0.000000000000000000e+00
0.000000000000000000e+00
0.000000000000000000e+00
0.000000000000000000e+00
0.000000000000000000e+00
0.000000000000000000e+00
0.000000000000000000e+00
0.000000000000000000e+00
0.000000000000000000e+00
0.000000000000000000e+00
0.000000000000000000e+00
0.000000000000000000e+00
0.000000000000000000e+00
0.000000000000000000e+00
0.000000000000000000e+00
0.000000000000000000e+00
0.000000000000000000e+00
0.000000000000000000e+00
0.000000000000000000e+00
1.922307775076206315e-01
2.515193456186872178e-01
3.065885410108638576e-01
3.543245657397806059e-01
4.460594702999693961e-01
6.164173302676656530e-01
6.407197596640020754e-01
6.681664576705820258e-01
6.567171352028168263e-01
7.386984697178188286e-01
7.204826891737138306e-01
7.104782871473886985e-01
7.404424115391017303e-01
7.655028920221251809e-01
8.255396364593561298e-01
8.709716023362866766e-01
1.010595008420011265e+00
1.169762068424699208e+00
1.203927496523220286e+00
1.242337275378752270e+00
1.260506584468898295e+00
1.271608210095381164e+00
1.261032330688583114e+00
1.316466306141525155e+00
1.305422716151019902e+00
1.351851121118437193e+00
1.357044359295376923e+00
1.388270876161665779e+00
1.453792165702600281e+00
1.516505578994529202e+00
1.591688609101464369e+00
1.563688534843324485e+00
1.588428075043012422e+00
1.523592624415100349e+00
1.491495505214544659e+00
1.462261171388799852e+00
1.425874387772556817e+00
1.408047434536188192e+00
1.383923986237248771e+00
1.408670454965132324e+00
1.395497213903733602e+00
1.384097775416158749e+00
1.356721885472749412e+00
1.347373427786672462e+00
1.347677653089613958e+00
1.342759620624864869e+00
1.336000321404593238e+00
1.349127425676768022e+00
1.357952142743138468e+00
1.384416399268326270e+00
