2.250000000000000056e-01
0.000000000000000000e+00
0.000000000000000000e+00
0.000000000000000000e+00
1.657427671844505124e+00
1.644805033493128565e+00
1.644487694834947389e+00
1.621390510364867588e+00
1.619734233901614973e+00
1.618183835243110602e+00
1.616773645616031985e+00
1.586688455321626057e+00
1.556908694880221544e+00
1.511385904792121426e+00
1.501092460665966133e+00
1.463820744082760195e+00
1.331308060753736866e+00
1.287263411705924288e+00
1.318186166264288639e+00
1.384104153416137795e+00
1.378210059807187582e+00
1.378958663418127006e+00
1.356444050739902263e+00
1.301779415231208770e+00
1.308109304382637950e+00
1.235053818809714210e+00
1.248248763998828892e+00
1.222355731450844640e+00
1.266497418330008617e+00
1.244615498216807170e+00
1.217791529327560962e+00
1.205655962464799558e+00
1.152219972867939646e+00
1.041490194806951708e+00
9.689501036886816188e-01
9.358297095264674903e-01
9.780359178386102137e-01
9.909355895219053023e-01
9.266354151471931644e-01
9.325606264290836611e-01
8.970143842494820996e-01
8.659908379809432288e-01
8.573456162786361467e-01
8.724341536747459713e-01
8.689851802636628930e-01
8.718550488246423757e-01
8.824896336059520063e-01
8.941965682196560961e-01
9.105751967544585268e-01
9.258984827731342460e-01
9.166663764369673562e-01
9.032098343328762713e-01
8.815231339052030934e-01
8.705193092090146578e-01
8.977428804693594611e-01
9.193801179449659911e-01
9.266544126898343947e-01
9.617676557567418349e-01
9.735771040619964900e-01
9.850525056167309668e-01
9.947969180023635838e-01
9.991181717789111572e-01
1.003366464233469202e+00
1.007504039824828057e+00
1.038854873057873274e+00
1.058009770455331289e+00
1.059304314785158185e+00
1.040288934646621533e+00
1.038613599199240012e+00
1.027976811264468049e+00
1.012573549313261934e+00
9.975463184648729609e-01
9.911130503654995705e-01
9.891829998787614597e-01
9.779757168667888578e-01
9.644855991771718040e-01
9.715304233471444562e-01
9.742852117469521511e-01
9.827052702007633700e-01
1.000904766530059220e+00
1.003204401770063647e+00
1.038367256346392820e+00
1.068548699690554216e+00
1.084117318628963655e+00
1.102540573200418095e+00
1.097257423101875462e+00
1.112332274906244534e+00
1.116232788880227478e+00
1.128078451625273981e+00
1.141428553274854929e+00
1.142665110169169163e+00
1.167391335087388793e+00
1.175105213048488251e+00
1.183798445193588122e+00
1.191294665925381580e+00
1.179269320096872908e+00
1.167227288559721243e+00
1.140386548085833507e+00
1.127036759851783865e+00
1.137748894719229797e+00
