2.250000000000000056e-01
0.000000000000000000e+00
0.000000000000000000e+00
0.000000000000000000e+00
0.000000000000000000e+00
0.000000000000000000e+00
0.000000000000000000e+00
0.000000000000000000e+00
0.000000000000000000e+00
0.000000000000000000e+00
0.000000000000000000e+00
0.000000000000000000e+00
0.000000000000000000e+00
0.000000000000000000e+00
0.000000000000000000e+00
0.000000000000000000e+00
0.000000000000000000e+00
0.000000000000000000e+00
0.000000000000000000e+00
0.000000000000000000e+00
0.000000000000000000e+00
0.000000000000000000e+00
0.000000000000000000e+00
1.795205912098968293e+00
1.740476045403607008e+00
1.814405892365444917e+00
1.883463696047642078e+00
1.905924429211223403e+00
1.865938046050588772e+00
1.860666673253692283e+00
1.817596989113101635e+00
1.789377729744877410e+00
1.790708223304410263e+00
1.774304030607694482e+00
1.768774243541998636e+00
1.777726073374960025e+00
1.764155539939436856e+00
1.758366773680856809e+00
1.723099920450267053e+00
1.708958020350985096e+00
1.710259573267862265e+00
1.696109697383247239e+00
1.699531452917143470e+00
1.684402544992737116e+00
1.664211010225567833e+00
1.662838714316480004e+00
1.641083986313043308e+00
1.663796038343281269e+00
1.666677783659029632e+00
1.652321151169010571e+00
1.648367142130729990e+00
1.643917493131443086e+00
1.649067716999809141e+00
1.635554216867721511e+00
1.616868828508945422e+00
1.632384274855092521e+00
1.638751101707613733e+00
1.657938469846237828e+00
1.645968327893885919e+00
1.625048646697293986e+00
1.623296338781468506e+00
1.617457199713803417e+00
1.600442071417967016e+00
1.591300873126316517e+00
1.579704083840348883e+00
1.575097269070270034e+00
1.562415568532686150e+00
1.543154298724330964e+00
1.527857199079208472e+00
1.472753991332296675e+00
1.459467565532515998e+00
1.432962172486251795e+00
1.420615826427185979e+00
1.434718673422456403e+00
1.420036760954493271e+00
1.405284491892985210e+00
1.394685339193452833e+00
1.372705723656086452e+00
1.368797243725889068e+00
1.354671253253058705e+00
1.340453394112915753e+00
1.321423355587433512e+00
1.315682840864585312e+00
1.320087088523643315e+00
1.303063519673921533e+00
1.282933690685899908e+00
1.280677050308715481e+00
1.296771061295135752e+00
1.295287693721603794e+00
1.283081006903573185e+00
1.262807013182840388e+00
1.247715261134791698e+00
1.235391489426857170e+00
1.222188852730508257e+00
1.222422354637588526e+00
1.218337794739384972e+00
1.213618322562320495e+00
1.213144982932863769e+00
1.201472734903105799e+00
1.200263678941905443e+00
