2.250000000000000056e-01
5.881377624796245707e-01
6.282601952152404579e-01
5.974158058349683387e-01
5.567241239300004807e-01
5.842589095563581747e-01
5.754369115303220594e-01
5.369689655802798445e-01
6.262969574497657677e-01
6.732382350557749584e-01
6.784358830499125359e-01
6.828142138718958920e-01
6.835266923940082062e-01
6.912376608255276222e-01
6.988064235341441277e-01
7.066182254600735790e-01
7.298085487977067354e-01
7.426739321041792019e-01
7.619106335633069049e-01
7.711458777508706230e-01
7.715746374457688184e-01
7.757307467518224087e-01
7.715991264246455650e-01
7.743622359047596104e-01
7.743862640004446352e-01
7.700695663961912851e-01
7.664686016057978835e-01
7.601144056742822341e-01
7.463085419151612721e-01
7.324809012433969313e-01
7.300683631678910324e-01
7.300942807120899269e-01
7.303400667723674022e-01
7.269907252371189399e-01
7.265975808586898621e-01
7.253951110882815856e-01
7.251240938388533452e-01
7.261934281740398678e-01
7.276393092338701019e-01
7.247913688803502286e-01
7.156204603882763138e-01
7.109849777045106345e-01
7.048303244187652528e-01
6.993944106408718220e-01
6.985411712540112728e-01
7.004601578517585247e-01
7.038526480835816113e-01
6.988421635702548596e-01
6.962594968675789309e-01
6.914943872819588888e-01
6.922744921950145791e-01
6.982168718640330285e-01
6.990303076801408499e-01
6.920542010100367847e-01
6.945428523110362962e-01
6.866485129721916492e-01
6.791834993658075748e-01
6.809579117469534149e-01
6.842672344380203997e-01
6.899301513001837582e-01
6.988315860248268674e-01
7.033515186872022484e-01
7.056273853522356809e-01
7.056096172215891027e-01
7.047251377735694877e-01
7.039746594862344997e-01
7.028776992623269049e-01
7.013622607826663913e-01
7.025576551617426224e-01
7.048942244944440549e-01
7.068855457212303017e-01
7.048469663699360455e-01
7.049713490107833991e-01
7.033726601197080042e-01
7.061811812747209594e-01
7.033859326351032948e-01
7.012319453551557613e-01
7.015788051826242766e-01
7.030203755379585973e-01
7.049636791951219283e-01
7.077140750586271567e-01
7.089045723015716671e-01
7.078337346325429547e-01
7.099069521549612460e-01
7.095120014097452410e-01
7.080416248642338317e-01
7.057860905151068787e-01
7.017736120130674271e-01
7.003484765038821003e-01
7.015117930372147814e-01
7.031658681529361354e-01
7.033610302899337974e-01
7.012042425507656329e-01
6.979005208938717786e-01
6.974412577479504050e-01
6.974037573363457421e-01
6.956602037654342485e-01
6.946071174242846036e-01
6.960264206842271539e-01
6.976974511070133111e-01
