2.250000000000000056e-01
0.000000000000000000e+00
1.587396253237469912e+00
1.519212530068223765e+00
1.447711506657395564e+00
1.458137295847590664e+00
1.395582057244068475e+00
1.371674506199784593e+00
1.175013245076078627e+00
1.075996087767820963e+00
1.033927423481509233e+00
1.079335666212386746e+00
1.051812308628179649e+00
9.692978113187337152e-01
8.335831489783381842e-01
9.448463974927526765e-01
9.308788610162401778e-01
8.859974085470897487e-01
8.326792023920430719e-01
8.008306646999858724e-01
7.997717174071078405e-01
7.533953121402682251e-01
7.488118138280879243e-01
7.257928504196161645e-01
7.392476504016103345e-01
7.069150357705011878e-01
7.099334098121018455e-01
7.190250513914079322e-01
7.498376846062879686e-01
7.767125868524020760e-01
7.613499187717289729e-01
7.622661333515994286e-01
7.690696061534872952e-01
8.000722697747314482e-01
8.001969655922520630e-01
8.043176123965211088e-01
7.974675356190916720e-01
8.315058273866273719e-01
8.372014435174069957e-01
8.336993635056155760e-01
8.420841215337004915e-01
8.499146868353628648e-01
8.567283243824478367e-01
8.453325784355302241e-01
8.300635387073451721e-01
8.304602857942793293e-01
8.261718881496584732e-01
8.174477766804838508e-01
8.115648668406956201e-01
8.182043591988562570e-01
8.328450808735948785e-01
8.114819467539410303e-01
8.024149501251933714e-01
8.133512198410104421e-01
8.177679446252980044e-01
8.258780095620017470e-01
8.255689601454241355e-01
8.364103579522036425e-01
8.484462277396725982e-01
8.662104436624477044e-01
8.685663371924550180e-01
8.778778696770451750e-01
8.874375313477687044e-01
8.839632266105366121e-01
8.739538198402060365e-01
8.866080761222698836e-01
8.785007764487080539e-01
8.845673388592287800e-01
8.775387592105315937e-01
8.874097867523464966e-01
8.852660282450817153e-01
8.844725383281050179e-01
8.310546710467628939e-01
8.152619106821648032e-01
8.215812657460070945e-01
8.001786376474484541e-01
7.816719275713139847e-01
7.967810246223889781e-01
7.998096575779273243e-01
7.811317905314448806e-01
7.784004564555682126e-01
7.804708682918934937e-01
7.522454153718554082e-01
7.441807781526190713e-01
7.403262741621088328e-01
7.645429049456661241e-01
7.736646412279309937e-01
7.772127664800488889e-01
7.545278926387962715e-01
7.464374990106987795e-01
7.572092919429844748e-01
7.760066857830352216e-01
7.813901371373918048e-01
7.707828868468022954e-01
7.698392988585761598e-01
7.677012235722260325e-01
7.539878149869495561e-01
7.624099030091080476e-01
7.633784201726416807e-01
7.805274315443023747e-01
