2.250000000000000056e-01
0.000000000000000000e+00
0.000000000000000000e+00
0.000000000000000000e+00
0.000000000000000000e+00
1.363311369042879695e-01
2.715526816413200706e-01
2.593992725171407887e-01
3.004443633901697219e-01
3.221425331326395747e-01
3.498447479639130164e-01
3.875279337533834578e-01
3.818069238847585645e-01
4.554326439569996166e-01
4.525469767822878908e-01
5.051662665400119545e-01
5.339506773756192981e-01
5.242923230891418651e-01
5.798953441859299174e-01
6.108502637336171714e-01
6.823229975297127048e-01
6.587622173033611528e-01
6.552020529581383812e-01
7.385940310345427973e-01
6.944080094756004407e-01
6.682765158618363399e-01
7.287833250905764171e-01
7.282366096206470685e-01
6.926029093331310671e-01
6.222262946485066504e-01
7.674913402314343935e-01
8.093386569140680331e-01
8.847283649560744312e-01
9.179105651180285985e-01
9.880078883813168122e-01
1.069477776051837248e+00
1.094072042619214313e+00
1.103857563172105705e+00
1.136869531183421156e+00
1.137735550792190020e+00
1.122971428770707991e+00
1.112249357884414813e+00
1.100830495800154019e+00
1.088680939848103879e+00
1.046964914661482116e+00
1.013544960216824498e+00
9.910568913370503275e-01
9.708485677855374085e-01
9.521714520957370587e-01
9.291167099221928627e-01
8.888423900643209752e-01
8.435602865249510751e-01
8.087967120692328704e-01
7.941000123355690388e-01
9.114385987807513967e-01
9.684620838084114780e-01
1.038243594198787312e+00
1.073438108805037539e+00
1.084915073364205229e+00
1.107743205399763120e+00
1.108731926485876373e+00
1.117838276818223786e+00
1.123614577150326088e+00
1.121535955996298739e+00
1.113879114346395971e+00
1.113072417725674557e+00
1.086653968789469848e+00
1.052045092759043898e+00
1.039124990614964661e+00
1.038660602292019508e+00
1.027107603091782950e+00
1.016117006411759505e+00
1.016530779790555838e+00
1.019096858428094166e+00
1.013367372518319875e+00
9.986737318833764920e-01
1.004156078783538408e+00
9.988512581828754566e-01
9.850964186152580959e-01
9.947406108766886357e-01
1.000195659078249699e+00
1.020665192238839447e+00
1.030535439164552258e+00
1.030708048953313360e+00
1.026670414873936732e+00
1.020449078755667038e+00
1.022717245372779526e+00
1.012025728648264122e+00
1.002395976621894169e+00
9.934683610869049497e-01
9.974033695250108522e-01
9.975141790210476644e-01
9.933914803940608884e-01
9.974309312059324029e-01
9.885504720785385224e-01
9.825370688405414832e-01
9.709441434405542415e-01
9.624276081789276960e-01
9.600111756338708391e-01
9.575322446675693655e-01
