2.250000000000000056e-01
0.000000000000000000e+00
0.000000000000000000e+00
9.704618999802263613e-01
9.642960918121921132e-01
9.523880526209360653e-01
9.434478489220391451e-01
9.209551261470172445e-01
9.137213980188816365e-01
9.037628837112832159e-01
8.919176921170220984e-01
8.849357936821269366e-01
8.820424182272942337e-01
8.831201995347550682e-01
8.792854884060115062e-01
8.780433288377010870e-01
8.811315033378583905e-01
8.793691970987758122e-01
8.757399861809559427e-01
8.715745109820847158e-01
8.646702643799147880e-01
8.564123171670459111e-01
8.660087906165840899e-01
8.739316100567625645e-01
8.800212219684331316e-01
8.853728149290945870e-01
8.931424450140229565e-01
8.893617145805821078e-01
8.895088124416801190e-01
8.893092127512844947e-01
8.935621087441375510e-01
8.951823734095045726e-01
8.932897002771220674e-01
8.894734584399065502e-01
8.917715916110977581e-01
8.917940228567021732e-01
8.965599861386511771e-01
9.026110062564335346e-01
9.043187332133325596e-01
9.011353364634011598e-01
8.984811590884196342e-01
8.988289226960632927e-01
8.949629568833505910e-01
8.922342053794067862e-01
8.933534406203137435e-01
9.036307676421926338e-01
9.003756066070786046e-01
9.041975724051896091e-01
8.973535566099030136e-01
8.944509460470615458e-01
8.932725572849323781e-01
8.862883475800380495e-01
8.835337930865935219e-01
8.818077936658345051e-01
8.749599493816999640e-01
8.669937803554653710e-01
8.574031252404898940e-01
8.468624374800061139e-01
8.345834762411515895e-01
8.356567797433360756e-01
8.379151799418890212e-01
8.465113644965034378e-01
8.421619129668959092e-01
8.365664564807673287e-01
8.143356461592415885e-01
8.098203355200170872e-01
8.063406495406568730e-01
8.076250498332405714e-01
8.109042080458002122e-01
8.033791551012094967e-01
8.047412901000881025e-01
8.011609455850083883e-01
7.984605509282074465e-01
7.876322477944516232e-01
7.811005205578841482e-01
7.761334086723279402e-01
7.676351754492130031e-01
7.623958311569164481e-01
7.631969404330681828e-01
7.580352895369820709e-01
7.665010362563788870e-01
7.774795548027803038e-01
7.785817720791038399e-01
7.787461201493619534e-01
7.803264522312434170e-01
7.849041387027178018e-01
7.832976955310605449e-01
7.848179587545190961e-01
7.875436886510326362e-01
7.825155576409345004e-01
7.777423743194490369e-01
7.768225347208942422e-01
7.733880068108525130e-01
7.786514244527393824e-01
7.848720937161960398e-01
7.922450877321951523e-01
7.934823052726258652e-01
7.905979486115571886e-01
7.955092562185037686e-01
7.981509197955862778e-01
