2.250000000000000056e-01
0.000000000000000000e+00
0.000000000000000000e+00
0.000000000000000000e+00
0.000000000000000000e+00
0.000000000000000000e+00
0.000000000000000000e+00
0.000000000000000000e+00
0.000000000000000000e+00
0.000000000000000000e+00
0.000000000000000000e+00
0.000000000000000000e+00
0.000000000000000000e+00
0.000000000000000000e+00
0.000000000000000000e+00
0.000000000000000000e+00
0.000000000000000000e+00
0.000000000000000000e+00
0.000000000000000000e+00
0.000000000000000000e+00
0.000000000000000000e+00
0.000000000000000000e+00
0.000000000000000000e+00
0.000000000000000000e+00
0.000000000000000000e+00
0.000000000000000000e+00
0.000000000000000000e+00
0.000000000000000000e+00
0.000000000000000000e+00
0.000000000000000000e+00
0.000000000000000000e+00
0.000000000000000000e+00
0.000000000000000000e+00
0.000000000000000000e+00
0.000000000000000000e+00
0.000000000000000000e+00
0.000000000000000000e+00
0.000000000000000000e+00
0.000000000000000000e+00
0.000000000000000000e+00
0.000000000000000000e+00
0.000000000000000000e+00
0.000000000000000000e+00
0.000000000000000000e+00
0.000000000000000000e+00
7.067134707963992901e-02
1.154723140724447233e-01
1.476202439469032623e-01
1.692368164535200392e-01
1.882629398299039969e-01
2.127569849309021988e-01
2.482071716395863048e-01
2.748337007248831676e-01
2.901600551301262154e-01
4.110291368803405954e-01
5.014821948077122782e-01
5.448752232062646916e-01
5.189754689611544292e-01
5.299684973543650202e-01
5.076646657114891603e-01
4.967735836795517668e-01
5.062136790068431091e-01
5.107322812192262029e-01
5.097609529266654560e-01
5.112313314091037064e-01
5.081630927681765053e-01
5.029464569327973811e-01
4.888218079759866219e-01
5.066474607971414024e-01
5.029793607810283396e-01
4.961803364926694604e-01
4.869942815637581246e-01
5.303751137767365176e-01
5.316903733690550027e-01
5.401710601536824363e-01
5.569251311461316245e-01
5.839318046550285857e-01
5.685273592768662621e-01
5.734071207689340754e-01
5.796172511089972001e-01
5.737378678884198502e-01
5.642543249455148624e-01
5.609237479358041290e-01
5.822127989044537655e-01
5.864117309225952424e-01
5.885007403359822087e-01
6.043750665264565614e-01
6.044911900930579618e-01
5.913581661490644459e-01
5.762729149150872532e-01
5.748072540875497349e-01
5.718997459180138465e-01
5.735745804641926293e-01
5.660621831118729519e-01
5.793006182558576578e-01
5.905306147214857138e-01
6.073636133056395936e-01
6.039702399830296775e-01
6.074285583005761824e-01
6.121890469430765203e-01
