2.250000000000000056e-01
0.000000000000000000e+00
0.000000000000000000e+00
0.000000000000000000e+00
0.000000000000000000e+00
0.000000000000000000e+00
0.000000000000000000e+00
0.000000000000000000e+00
0.000000000000000000e+00
0.000000000000000000e+00
9.948891965681661009e-01
9.606387584279664216e-01
9.255774188643824951e-01
9.268655195602490959e-01
8.947472456476933678e-01
8.601191235789870104e-01
6.801869339420257843e-01
6.007676191135264965e-01
6.251027398865778295e-01
8.141639778866036625e-01
8.726829518656442630e-01
9.643261199387251903e-01
1.050444875843000947e+00
1.016939909211595605e+00
1.013731894626727525e+00
1.018601929132777251e+00
1.002810607715560742e+00
9.777324852722553139e-01
9.578991451462108841e-01
9.491312907522365672e-01
9.760762124895352443e-01
9.987578642038043020e-01
1.054157785779109346e+00
1.063274392337634211e+00
1.081116561684243083e+00
1.102451009843630647e+00
1.125831985835710203e+00
1.135680637419770100e+00
1.151813330129074942e+00
1.180604772525298163e+00
1.192910639698752551e+00
1.194064203387025014e+00
1.200948238926707878e+00
1.204254386236895735e+00
1.212218868947116057e+00
1.203808521249376762e+00
1.172861843605566889e+00
1.154666308955475618e+00
1.161454992005981790e+00
1.171666558932513924e+00
1.170237102772878623e+00
1.157006550685241386e+00
1.151602248076506241e+00
1.143543458181177419e+00
1.150178243260298494e+00
1.163585243240703004e+00
1.165577443159941273e+00
1.155186061601805703e+00
1.134141608740225182e+00
1.156741985126159999e+00
1.144209127764806544e+00
1.135101343150379583e+00
1.121492022810601119e+00
1.093932616033742589e+00
1.085347676896548430e+00
1.072470142291734874e+00
1.056946001644474498e+00
1.025232410067256517e+00
9.935704186707896568e-01
9.866849400988423335e-01
9.806979116564337184e-01
9.857262956494523554e-01
9.917823496014737117e-01
1.014596335324662313e+00
1.020439213206165041e+00
1.037830535287517675e+00
1.055136247940680727e+00
1.054039824637652778e+00
1.054542884157792848e+00
1.075391287221412862e+00
1.078744582266409457e+00
1.084930510662978520e+00
1.087695472736705860e+00
1.095944814774008291e+00
1.088305390716883370e+00
1.071871352089127427e+00
1.057290026320302889e+00
1.049922360177531599e+00
1.065948538443576066e+00
1.082280634590987889e+00
1.077660333192406394e+00
1.064685300192519390e+00
1.046595981030745914e+00
1.041455730930839207e+00
1.030367579532194044e+00
1.051276740247657049e+00
1.049860249698306935e+00
1.039308517364582185e+00
1.031927640797957624e+00
1.052186488073743487e+00
