2.250000000000000056e-01
0.000000000000000000e+00
0.000000000000000000e+00
1.729755751733934588e-01
1.729755751733934588e-01
2.612242852030953189e-01
2.590457812449495356e-01
2.888645428501225854e-01
2.997389126998367681e-01
3.151413258657805860e-01
3.306718873936574932e-01
3.538515060763789410e-01
3.684148302807741526e-01
3.921168361081558973e-01
4.160844687002746567e-01
4.420759357750493890e-01
4.707626730520420577e-01
5.036079834279238998e-01
5.409147538457070858e-01
5.751219388031605373e-01
6.277346818524943695e-01
6.762068905769774707e-01
7.168081349450083906e-01
7.290396622914796509e-01
7.094553508388230512e-01
7.121461444571892674e-01
7.035224827530566216e-01
6.963916429956752419e-01
6.838923717944581648e-01
6.891418058998297624e-01
6.796609429434791183e-01
6.710460068685335511e-01
6.722454897333439705e-01
6.669132794582312007e-01
6.652909164567706313e-01
6.564217164078174349e-01
6.450857266359927289e-01
6.373623787093000148e-01
6.275064021619112253e-01
6.170135329945308778e-01
6.004470601878554303e-01
5.850193251373668746e-01
5.679193611774379091e-01
5.523700592936844345e-01
5.425719460770673797e-01
5.328375249177763617e-01
5.335288298663125595e-01
5.360324734229343635e-01
5.511793311726346234e-01
5.754223501885425973e-01
6.066103708007835049e-01
6.464814423137658084e-01
7.006307399296192173e-01
7.602243130964700946e-01
7.398661500879135655e-01
7.282310918807191058e-01
7.172754489920577514e-01
7.202909338497252012e-01
7.091782175933357690e-01
6.919920478380885420e-01
6.829836547043313111e-01
6.750844346437158139e-01
6.581024916526833080e-01
6.426665506948994189e-01
6.266349263397886782e-01
6.149466267518673979e-01
6.006090118651928877e-01
5.815494202977301574e-01
5.768721258135827146e-01
5.754488291588498727e-01
5.752908707827668611e-01
5.809443966090322986e-01
5.910673302324529477e-01
6.043078957818028840e-01
6.198677929962529420e-01
6.346419328610102273e-01
6.535796827175102131e-01
6.602016585390716452e-01
6.753882442939194153e-01
6.815017214119728495e-01
6.770751427482897267e-01
6.755519171195035755e-01
6.798065684938011666e-01
6.751693191624960066e-01
6.735194677912909045e-01
6.696050412150532649e-01
6.647450297478177950e-01
6.589381264990962217e-01
6.550193246315172413e-01
6.469158631048418373e-01
6.428676501346554106e-01
6.326492640752883201e-01
6.291933808032035280e-01
6.252490355583507631e-01
6.196654246165975710e-01
6.121793542432280022e-01
6.118309708838951533e-01
6.076381735869677003e-01
6.037667592180647747e-01
6.044647430591296722e-01
