2.250000000000000056e-01
0.000000000000000000e+00
0.000000000000000000e+00
2.233815893021676990e-01
3.053764741136320571e-01
2.840008704744246271e-01
3.007611477286358803e-01
3.392091995433121898e-01
3.629547911674441130e-01
3.630667369641468190e-01
3.822326241978722394e-01
4.294901191939389795e-01
4.342376014538105178e-01
4.535314070166511780e-01
4.810631506610174579e-01
4.884178601892498195e-01
4.941734977778298177e-01
5.048083816920941880e-01
5.103661619352525269e-01
5.188543361597904857e-01
5.349689663276596674e-01
5.311529710462519205e-01
5.553995467459770241e-01
5.779023327019787715e-01
5.804265042501579597e-01
6.179019259909921402e-01
6.515878428002751521e-01
7.367246648085893357e-01
7.847363188531771838e-01
8.171700262374268497e-01
8.228294035434212672e-01
8.530628294738024087e-01
9.465923583153807996e-01
1.054866661256422811e+00
1.077151368903852546e+00
1.108961284756583954e+00
1.101950917412547026e+00
1.079212024772288059e+00
1.071325011488428514e+00
1.086555419468023809e+00
1.106575589487632127e+00
1.109012024004736086e+00
1.118378341568691203e+00
1.110072921541330748e+00
1.097024606848317818e+00
1.066490672823370733e+00
1.068720284779247853e+00
1.058050837753941487e+00
1.065711810013596716e+00
1.046447726782556709e+00
1.045798067164861456e+00
1.039178435129417100e+00
1.040474623928151043e+00
1.086927437378721439e+00
1.104027626778245619e+00
1.117513573342416189e+00
1.134014765929238333e+00
1.142160436587580596e+00
1.158713370527536535e+00
1.172295446138507780e+00
1.171509010132902873e+00
1.164203141761413596e+00
1.155112544593951629e+00
1.148556557385407961e+00
1.141644510293375880e+00
1.129465642075687004e+00
1.108628415879915563e+00
1.102276249783381346e+00
1.128232392130397166e+00
1.114494189992502049e+00
1.104934360113002167e+00
1.110205209788126313e+00
1.106475456894501663e+00
1.107573240346525267e+00
1.124985898765584746e+00
1.132589110540763055e+00
1.160052881316773199e+00
1.154831007719574032e+00
1.157493480134216046e+00
1.160403199916271610e+00
1.168358711572559105e+00
1.172162742267814695e+00
1.174187659146947560e+00
1.189104665117013626e+00
1.185828194243912170e+00
1.210353838701896390e+00
1.218459857012760272e+00
1.201854598115548178e+00
1.192716883685442042e+00
1.186278077741762527e+00
1.172962552493551636e+00
1.172085183567612710e+00
1.172464671508270273e+00
1.175180974360418684e+00
1.201895734578257047e+00
1.197578059114394522e+00
1.186393851569053304e+00
1.172425471050165813e+00
1.172043274494567022e+00
1.178305068655153942e+00
