2.250000000000000056e-01
0.000000000000000000e+00
0.000000000000000000e+00
0.000000000000000000e+00
0.000000000000000000e+00
0.000000000000000000e+00
0.000000000000000000e+00
0.000000000000000000e+00
0.000000000000000000e+00
0.000000000000000000e+00
0.000000000000000000e+00
0.000000000000000000e+00
0.000000000000000000e+00
0.000000000000000000e+00
0.000000000000000000e+00
0.000000000000000000e+00
0.000000000000000000e+00
0.000000000000000000e+00
0.000000000000000000e+00
1.767448933050178028e-01
2.049229410779037919e-01
2.131853708089126997e-01
2.159088276017002705e-01
2.264737428379480222e-01
2.313726367484416069e-01
2.596350051326541952e-01
2.656106056483207856e-01
2.735695475923656805e-01
2.934296144455297850e-01
3.046996521894144161e-01
3.164966817209205474e-01
3.346570817081230276e-01
3.400542495223149997e-01
4.164763644497723738e-01
4.745005934802943859e-01
5.011608522981580993e-01
5.834879511770060256e-01
6.571993038214689609e-01
6.863693258223766414e-01
7.078164112640918937e-01
8.506789660099467465e-01
9.309306720129564283e-01
9.595044389904882065e-01
1.019809997195576967e+00
1.019364031785527258e+00
1.037978140319618658e+00
1.067976187140875055e+00
1.055504244689728921e+00
1.120534060649974739e+00
1.128626215432340096e+00
1.146078059631786328e+00
1.143387345339106576e+00
1.238672761017129753e+00
1.242693301518104310e+00
1.245134046699930996e+00
1.259918816420612764e+00
1.267473435980690066e+00
1.284907302451786526e+00
1.277590091709312148e+00
1.288312656178393967e+00
1.295696132820770341e+00
1.268969052975968737e+00
1.240060526751633807e+00
1.209231584836089057e+00
1.196008279860277357e+00
1.166387020827051035e+00
1.151247104536609722e+00
1.131649437640364741e+00
1.110536007023699590e+00
1.147729301779594646e+00
1.164119880040614063e+00
1.192237812216664583e+00
1.217701512120508145e+00
1.267092119196374433e+00
1.293006624530740778e+00
1.336363665489149088e+00
1.347556383320098972e+00
1.395584113676493487e+00
1.391324903370787958e+00
1.372591734045372158e+00
1.349700626531151970e+00
1.335108498398621224e+00
1.322248691048314662e+00
1.311272401959565626e+00
1.310492390338155344e+00
1.307057214077328444e+00
1.291730042224724651e+00
1.278265290823737299e+00
1.269137287329599406e+00
1.277337665736384409e+00
1.290156215404454576e+00
1.297628860622158875e+00
1.292550451199946826e+00
1.293027882195787459e+00
1.293202065319420280e+00
1.305885744811136506e+00
1.320629353139195938e+00
1.349187833659833080e+00
1.370080537405835575e+00
1.411807126597644624e+00
