2.250000000000000056e-01
0.000000000000000000e+00
0.000000000000000000e+00
8.416927366480548844e-01
8.746515442282751795e-01
8.957754545346892083e-01
8.900111208569412291e-01
8.930583645078843391e-01
9.708468512525338934e-01
1.007136159605747316e+00
9.541266031305857265e-01
9.655314430519481572e-01
9.482099774418722982e-01
9.413893010107720061e-01
9.309546831022970093e-01
9.641080804332211596e-01
9.728640196543532070e-01
9.839338297029012192e-01
9.662435014303952796e-01
9.590336247261563862e-01
9.489448993908922159e-01
9.238053960270556919e-01
9.103513166003480706e-01
9.183083376210942061e-01
9.253124092223775632e-01
9.005764320593747652e-01
8.881062390910983151e-01
8.790098103872748814e-01
8.626098545786856642e-01
8.490732360676128687e-01
8.414006833776999095e-01
8.313355954598919961e-01
8.305593960788703045e-01
8.347163074184122955e-01
8.391311887839593142e-01
8.394539219442331834e-01
8.293992099462025314e-01
8.272814493243068057e-01
8.263625496205017074e-01
8.224257020753050762e-01
8.233539028997206577e-01
8.347384902050213329e-01
8.374969521084127955e-01
8.416456177385711612e-01
8.445264610861975552e-01
8.498492074080223890e-01
8.533796049853918930e-01
8.478803659715447028e-01
8.546791174689136739e-01
8.533426712442077067e-01
8.469725512684239677e-01
8.459310728788730360e-01
8.474131175963725005e-01
8.527953613409198219e-01
8.550113980031097682e-01
8.613429651851657320e-01
8.624564259021689772e-01
8.689232483165912901e-01
8.711690546247251588e-01
8.750485636281305490e-01
8.776355073268107265e-01
8.873647544837118817e-01
8.822306203312351158e-01
8.862617147658903294e-01
8.793151806430847817e-01
8.722416010426503608e-01
8.655149713346952378e-01
8.647540050802313694e-01
8.560757346386095312e-01
8.518939452326634854e-01
8.510287550469487483e-01
8.469245216434704293e-01
8.456860925159477294e-01
8.535427081096523816e-01
8.629685005043046253e-01
8.627961039708029745e-01
8.650449430672452200e-01
8.639804367466999979e-01
8.636769458058916049e-01
8.575061829682505410e-01
8.568218250018858617e-01
8.504078166781789960e-01
8.479524924788363061e-01
8.444177572631309525e-01
8.398363667409932676e-01
8.404385573235156892e-01
8.462953235132062435e-01
8.459855973720250555e-01
8.497747150983204767e-01
8.543034080266888042e-01
8.549120584714056115e-01
8.594493499783986135e-01
8.584501632501796431e-01
8.628361869787940508e-01
8.629485060659564111e-01
8.609896302978643501e-01
8.656242955152346763e-01
8.638146601422050930e-01
8.624264183011264295e-01
8.612761988418178305e-01
