2.250000000000000056e-01
0.000000000000000000e+00
0.000000000000000000e+00
1.263463257412048124e+00
1.233417482264821396e+00
1.237635020465379432e+00
1.217366987655322808e+00
1.330179393047794978e+00
1.296079378434915608e+00
1.292266787311632470e+00
1.274539973752880639e+00
1.259566975030334213e+00
1.240221702297766182e+00
1.211905777858711897e+00
1.187108670187999149e+00
1.195940459229867248e+00
1.209931143384104457e+00
1.202367061164290485e+00
1.175104648845912925e+00
1.141407772370468754e+00
1.115304104439651223e+00
1.073293132214042211e+00
1.108542171367107088e+00
1.084494427227568725e+00
1.060526430142721077e+00
1.027631595808214948e+00
1.002569750699757067e+00
9.844565625016317156e-01
9.540687261976754652e-01
9.328816165643676328e-01
9.214410147551366226e-01
9.156187951491532306e-01
8.903281563975421475e-01
8.622020891972914658e-01
8.451925875906869390e-01
8.277938262661812541e-01
8.202547074651098669e-01
8.286835216684488303e-01
8.385716771179032580e-01
8.658980461472709500e-01
8.945857067583807831e-01
8.998157155946004959e-01
9.037506337666667555e-01
9.468475871819491685e-01
9.945068447915583754e-01
1.017157219395181666e+00
1.035097468408789467e+00
1.042495479089966759e+00
1.049651255477442646e+00
1.047107547897379698e+00
1.038504285247964454e+00
1.018602793077089341e+00
1.002790630380960613e+00
9.893732678347046949e-01
9.507736484518726217e-01
9.292479548736143347e-01
9.024738067466456792e-01
8.876313496266173830e-01
8.594343095874931171e-01
8.874209999308700914e-01
1.010717660371784010e+00
9.993221902250607469e-01
9.890248809378161532e-01
9.730106470774098071e-01
9.590740081550530594e-01
9.437439219441914329e-01
9.193050877321359282e-01
9.022561219262316135e-01
9.375666543491605331e-01
9.338411381263184152e-01
9.198799706913801666e-01
9.160403482452038615e-01
9.024388194250736461e-01
8.705171121400734346e-01
9.313739090938244480e-01
9.445975527198828825e-01
9.414609684410478740e-01
9.377051547695784972e-01
9.426876991782641158e-01
9.258398965428208394e-01
9.222356523734279721e-01
9.036579653898821896e-01
8.949391610764276805e-01
9.197092383320499831e-01
9.617996776342836451e-01
9.670483679093075935e-01
9.704280371963340812e-01
9.638181984197365937e-01
9.676562000371982109e-01
9.722916088301982729e-01
9.941135011487406414e-01
1.046130719301280543e+00
1.061783112588822187e+00
1.075064616101584658e+00
1.075376161302584954e+00
1.068546675922442901e+00
1.060146152076737902e+00
1.034003525405266188e+00
1.016892163953062367e+00
1.000170411716928998e+00
