2.250000000000000056e-01
0.000000000000000000e+00
0.000000000000000000e+00
0.000000000000000000e+00
0.000000000000000000e+00
0.000000000000000000e+00
4.290770976880181053e-01
3.702181280240474659e-01
3.572358831050461703e-01
4.021461716529498021e-01
4.306306389389051303e-01
4.424740568690101461e-01
4.899437250076079664e-01
5.363861298236634045e-01
5.533116353384718300e-01
7.249296016191871805e-01
9.329181554555879829e-01
9.735193167255602464e-01
1.203863951256635367e+00
1.226053184880309566e+00
1.263159790487933698e+00
1.300804456854464330e+00
1.309858526674350543e+00
1.313935678624743142e+00
1.295369245554417015e+00
1.277682332111686359e+00
1.333238684172324717e+00
1.319015169736366344e+00
1.292593194315364569e+00
1.304879028003135488e+00
1.270465916892524527e+00
1.257226755833690257e+00
1.253687968311173906e+00
1.282856430998862374e+00
1.291444122920297977e+00
1.299602400380051481e+00
1.287049230044030157e+00
1.283683853483574833e+00
1.288088160194790666e+00
1.301973891178921150e+00
1.344631355645015569e+00
1.370157181000169144e+00
1.371247633335425986e+00
1.375569162349241203e+00
1.385315702457206033e+00
1.388558717012669641e+00
1.385081170873168954e+00
1.377922585696036206e+00
1.373931846208659158e+00
1.366560495071109216e+00
1.380259142434931752e+00
1.418954654838018525e+00
1.452248949671895328e+00
1.459847194085357236e+00
1.466759340810622092e+00
1.467072251758271717e+00
1.462808019463065490e+00
1.448039536023078222e+00
1.433578807332270832e+00
1.386605182391275282e+00
1.360435896946541767e+00
1.362537905980649722e+00
1.376219946628361113e+00
1.387838131586469181e+00
1.445778592718703015e+00
1.396253895704732795e+00
1.368163137100931737e+00
1.370922309136993311e+00
1.369121675091664825e+00
1.367890064765590052e+00
1.368880810282920635e+00
1.357274424007641089e+00
1.350609529533713271e+00
1.351079675025780746e+00
1.325170731746543540e+00
1.310448668978738018e+00
1.297140594978035688e+00
1.273420354780451014e+00
1.252919658133158975e+00
1.273496783834975998e+00
1.267298940863346601e+00
1.262144428378436434e+00
1.260979537547930907e+00
1.263420791737638105e+00
1.279084482377388587e+00
1.204616613708719530e+00
1.173607380841549030e+00
1.160163828488665949e+00
1.110542218927672353e+00
1.136058995810188321e+00
1.164989669696244068e+00
1.189759180598056520e+00
1.227703430433215726e+00
1.240739265948002990e+00
1.260731856640957105e+00
1.276477931934859589e+00
1.288475193746015712e+00
1.270789777408650956e+00
1.290053787539974905e+00
1.285381352210510641e+00
