2.250000000000000056e-01
0.000000000000000000e+00
0.000000000000000000e+00
0.000000000000000000e+00
1.233975289473378256e-01
4.483574328162691636e-01
6.699349185429160913e-01
8.049386169941806779e-01
8.064523475794088681e-01
9.001386619434137426e-01
8.868883444139372685e-01
8.899446254466688577e-01
9.168826539834786793e-01
9.267302229738112462e-01
9.282899366096369898e-01
9.320704800824493041e-01
9.404660378431559664e-01
9.592085730122886789e-01
9.536907160137275685e-01
9.727568329026454741e-01
1.014688982734484046e+00
9.866038747898726591e-01
1.056011216118462048e+00
1.080059856411392571e+00
1.083500149761364995e+00
1.138149717128639882e+00
1.150828663414064534e+00
1.133810677082153440e+00
1.139287519135505855e+00
1.144209280698970099e+00
1.107461066094189484e+00
1.082216172897596307e+00
1.066278775582276461e+00
1.067704526199438009e+00
1.060186268586227554e+00
1.071821229191116220e+00
1.079735994866450000e+00
1.076836030226993701e+00
1.077544181031760750e+00
1.057070671900069980e+00
1.047287904605001208e+00
1.029277429778461483e+00
1.003058382251601932e+00
9.849346551786423154e-01
9.663075521120303435e-01
9.547942022287679853e-01
9.983273752347202601e-01
9.993684557084859810e-01
1.004890599775909887e+00
1.010715803560739756e+00
9.993281818227064406e-01
1.011810698545081433e+00
1.015497486410934291e+00
1.017387564814136169e+00
1.019267177877127395e+00
1.021927986476334649e+00
1.034361149582117001e+00
1.043898365812896412e+00
1.039058663783382963e+00
1.039313996776413118e+00
1.034012790349362332e+00
1.028445274802669562e+00
1.023499525702939783e+00
1.028714008807928737e+00
1.030211075786770403e+00
1.004169572482876083e+00
1.011035551630077078e+00
1.007691106785760127e+00
9.884683864234266037e-01
9.842562275514720183e-01
9.802458434619036876e-01
9.864315571315863673e-01
1.016058467880317062e+00
1.049167093734202139e+00
1.054378232533260240e+00
1.071540163198416495e+00
1.073529132920751250e+00
1.067741148734059342e+00
1.046426929250027227e+00
1.012719978589663006e+00
9.970415892408439618e-01
1.006545734756191024e+00
1.012616899157937844e+00
1.020461919669571227e+00
1.041414387631746763e+00
1.039205163167220558e+00
1.038475199137353089e+00
1.040221067311907666e+00
1.048049039695079454e+00
1.062120222994510144e+00
1.069237836823337284e+00
1.076455554663152681e+00
1.073101215150776611e+00
1.082645523080011385e+00
1.096421355599641378e+00
1.095933427198218180e+00
1.082441438146904522e+00
1.088403931985771456e+00
1.082258589301714924e+00
1.040603018629865595e+00
