2.250000000000000056e-01
0.000000000000000000e+00
7.433339673416963778e-02
1.611006977101446247e-01
1.410059943277726102e-01
1.961623591103005548e-01
4.164577643056464606e-01
5.408189201755758679e-01
8.735728166690165386e-01
1.001731238398741786e+00
9.866373314588092747e-01
1.029800859239414557e+00
1.053522598557512513e+00
1.058866625820628959e+00
1.072550136324263548e+00
1.013915878932840631e+00
1.038016455438565133e+00
1.055444320449956397e+00
1.110107477305206203e+00
1.117662109281635452e+00
1.112016497432938289e+00
1.112685829707577234e+00
1.148251632709064829e+00
1.153299953985399862e+00
1.145859985114165314e+00
1.189317792670456786e+00
1.170250150981855697e+00
1.187355556530097500e+00
1.221010827950070432e+00
1.227403332186325580e+00
1.243402971068616747e+00
1.207199676997938731e+00
1.196718445575721379e+00
1.197315645585291133e+00
1.188929301375208469e+00
1.175587246323188673e+00
1.146535730928168295e+00
1.068476548673793491e+00
1.028334050836982261e+00
1.020474697149950982e+00
9.781094575654371015e-01
9.626095379388833750e-01
9.669448669929410212e-01
9.821167880885155466e-01
9.802972893335880622e-01
9.913326451951685048e-01
1.019228170205631834e+00
1.031187417370699855e+00
1.035444724021542751e+00
1.037796758631148286e+00
1.035080187224651560e+00
1.039629937862978082e+00
1.027300126020842086e+00
9.926325187587846655e-01
9.851815031697843672e-01
9.833200346235301259e-01
9.957728042817975966e-01
1.019892160834242389e+00
1.021976779538658953e+00
1.021272306494472648e+00
1.032637610306254228e+00
1.038939414652943150e+00
1.035709718278538194e+00
1.029759790668751451e+00
1.043931178513457292e+00
1.060398973541062162e+00
1.048850630532140560e+00
1.045764124213546697e+00
1.057451693869429166e+00
1.059662278879683450e+00
1.072195188536722688e+00
1.079469957691863824e+00
1.074180637368582714e+00
1.064883729542976942e+00
1.066818867927303405e+00
1.053447548730146455e+00
1.040553625112907055e+00
1.014674380345637283e+00
1.007111822033293302e+00
1.020572175288313232e+00
1.019642328098671280e+00
1.023885450283828380e+00
1.028526032516778210e+00
1.024577931134964537e+00
1.030609253616834975e+00
1.031006036771537682e+00
1.031350651265080742e+00
1.033273335290303852e+00
1.060881518156184367e+00
1.064211101687984717e+00
1.050635574896693125e+00
1.060602772126947313e+00
1.064601442535035192e+00
1.059165107997751543e+00
1.071530139497702594e+00
1.057541019335728638e+00
1.069506553082565592e+00
1.057749778725436407e+00
1.060747260661884628e+00
1.058894248805015037e+00
