2.250000000000000056e-01
0.000000000000000000e+00
7.877940554045576027e-02
8.091423285189051906e-02
1.008442911499949773e-01
1.190625399286492497e-01
1.414376862561750325e-01
1.834650266268729180e-01
1.859899365993029352e-01
2.149320742474663815e-01
2.373934455506300500e-01
2.368594334694546222e-01
2.452462569195425213e-01
2.358220644018586831e-01
2.451405543521564812e-01
2.296838900514282800e-01
2.506507998317150654e-01
2.648576437673956785e-01
2.671837458660046849e-01
2.956703324262541233e-01
3.144057971571097010e-01
3.296314636541001764e-01
4.117037133428956275e-01
4.243070631153568195e-01
4.410130029671325280e-01
4.793405215391579599e-01
4.943445290035827777e-01
5.021959852253621293e-01
5.074798136845530827e-01
5.314817695446898416e-01
5.983498535804343543e-01
6.231007369696952569e-01
6.585274373523972713e-01
7.066218191770716750e-01
7.427754670099215861e-01
7.629528426155149923e-01
7.871211061393867947e-01
8.055044636396729851e-01
8.233147047853758282e-01
8.238580183175778782e-01
8.179973127078197237e-01
8.232105320197259379e-01
8.351461786677333299e-01
8.374026874819933131e-01
8.388240652229285166e-01
8.376021782359314161e-01
8.306294986599090935e-01
8.394865863434882725e-01
8.432320345103697656e-01
8.434250746876053029e-01
8.421860369389365664e-01
8.478009045827011869e-01
8.491744762950906855e-01
8.561020771260505757e-01
8.521441276672402365e-01
8.584425386554622728e-01
8.526155654588338795e-01
8.501923705193957792e-01
8.549001509484019934e-01
8.593636006997468213e-01
8.619684113546527415e-01
8.565724231551404833e-01
8.484677601687783399e-01
8.447181695384381461e-01
8.374158254454768802e-01
8.373097611763905546e-01
8.349382063164019208e-01
8.350399707659742488e-01
8.443514851822796485e-01
8.425778908046398508e-01
8.421992915350304809e-01
8.375043049252263172e-01
8.383839250457166825e-01
8.317352889564084695e-01
8.287193941839012812e-01
8.238973333365855467e-01
8.259556376829433333e-01
8.296279834615511994e-01
8.366527110329354811e-01
8.451126033504930968e-01
8.438941665909056589e-01
8.480699920077811038e-01
8.476324079210283413e-01
8.555176742302078585e-01
8.471580082741755335e-01
8.373858012870079026e-01
8.333722225809614415e-01
8.255547934894019724e-01
8.200236463579269053e-01
8.174033308010456578e-01
8.198997025968890462e-01
8.165416278429292740e-01
8.147995458432355509e-01
8.146144618073313248e-01
8.206578896990942562e-01
8.183512388009992478e-01
8.212049798107995402e-01
8.202251249037654235e-01
8.198055820975921337e-01
8.276900449977567797e-01
