2.250000000000000056e-01
8.454948915052971914e-02
8.179817259838795263e-02
8.180473608487086323e-02
1.341236831679023800e-01
1.352077096070091189e-01
1.352666098963197228e-01
1.890895704965705748e-01
1.924839227513993334e-01
1.947469314916903393e-01
1.966788875446053853e-01
2.514724399729233451e-01
2.560929445653380432e-01
2.615288681709522223e-01
2.642447999494600408e-01
2.845530997543110896e-01
2.908849042700832332e-01
2.669799141288556887e-01
2.631922548676688955e-01
2.639923564243727983e-01
3.124225601411192432e-01
3.252047822172092206e-01
3.249916319705773993e-01
3.192263174248282653e-01
3.303006005485425445e-01
3.897311974876857543e-01
3.235537990714188461e-01
3.066576625966278558e-01
2.855506064660470189e-01
3.104774782752958706e-01
3.021264349358788737e-01
2.998629087460535358e-01
3.208188114526278056e-01
3.383441194474364755e-01
3.441330087928022863e-01
3.737655644777493347e-01
3.713658032757042315e-01
5.360708641148757003e-01
5.644392156000455074e-01
5.798901392281425871e-01
6.076489547736898533e-01
6.143700029201923929e-01
6.153504819348566413e-01
6.279893903194165850e-01
6.474348532088963770e-01
7.005131638556643114e-01
7.267232753575501025e-01
7.423074873347346170e-01
7.454887018298952395e-01
7.690475237040347301e-01
7.810411646606418845e-01
7.449114465084759606e-01
7.339299415975947261e-01
7.241960910756848335e-01
7.246270865045315590e-01
7.174125048632309376e-01
7.235220642740365360e-01
7.182003446142821712e-01
7.211512214582131985e-01
7.416624691436947137e-01
7.471548099958204014e-01
7.526620022499476148e-01
7.507758849741635876e-01
7.576943217312550605e-01
7.604189687622905369e-01
7.612374917689151976e-01
7.531524283931416708e-01
7.638199263981700904e-01
7.677167256072831014e-01
7.716736210249636185e-01
7.841746880730889879e-01
7.964582918021320124e-01
8.093392631734525056e-01
8.155113189477501967e-01
8.163353909795806329e-01
8.122376133067700232e-01
8.071552861811458479e-01
7.976384302330161713e-01
7.973239855224686368e-01
7.901381938118927639e-01
7.860176374560146062e-01
7.804994251277675987e-01
7.802566670761795775e-01
7.818840177246560996e-01
7.770711277339916734e-01
7.745173303619125038e-01
7.767140697592176402e-01
7.884728128791053114e-01
7.919873276983718791e-01
7.957134742707707709e-01
8.013079623040527677e-01
8.031063762569941034e-01
8.054869924904937140e-01
7.929248536217096133e-01
7.925109672697943086e-01
7.953275281153652232e-01
7.982479921398627498e-01
7.983794821285159493e-01
8.027040083083117894e-01
7.999235819326199204e-01
