2.250000000000000056e-01
0.000000000000000000e+00
0.000000000000000000e+00
0.000000000000000000e+00
0.000000000000000000e+00
0.000000000000000000e+00
0.000000000000000000e+00
0.000000000000000000e+00
1.865627926630789857e-01
1.868782273774339531e-01
1.953213468300739886e-01
1.840280239358028369e-01
2.409351698603467151e-01
2.332278635050659688e-01
2.880738623659463982e-01
2.802763989569883596e-01
2.831715329830951644e-01
3.589255790825266468e-01
3.621166949464201812e-01
3.484759395881245614e-01
4.154928419347501678e-01
4.330678950713883757e-01
4.300329069136518689e-01
4.926016831266820106e-01
5.013375702154807545e-01
4.848152512781489509e-01
5.205862943930930076e-01
5.237432687347686189e-01
5.407869055789129575e-01
5.441420478227678714e-01
5.300126358925179026e-01
5.577996183332816216e-01
4.885407336427105562e-01
4.630525739358536397e-01
7.707995729083139125e-01
9.229349692330370836e-01
1.019925394756000969e+00
1.063085460066212518e+00
1.104567706406585748e+00
1.027406558359191591e+00
1.028937563767032382e+00
1.021589443386767382e+00
1.010143784951191837e+00
1.055344090901036980e+00
1.166434373222069221e+00
1.172283971394368907e+00
1.159140164382894467e+00
1.142885799126123425e+00
1.112573721582865272e+00
1.109958483835324916e+00
1.120424580217381560e+00
1.131067651003665686e+00
1.148312006189756040e+00
1.131320500975013577e+00
1.157744750393960409e+00
1.140904165882244969e+00
1.179193642369036343e+00
1.188522077195097948e+00
1.193920057968238524e+00
1.208915681108873041e+00
1.213730685716519098e+00
1.195973579023949407e+00
1.211317478048573815e+00
1.207418503490648609e+00
1.205919094850347539e+00
1.228133693139060956e+00
1.250557980766697108e+00
1.256193464220827449e+00
1.265876252086638898e+00
1.270542461753219943e+00
1.271151078040135385e+00
1.277304953304773560e+00
1.249655816035241118e+00
1.243315300448875282e+00
1.256851069760349660e+00
1.235667804463998376e+00
1.202664784694896127e+00
1.199594724062839957e+00
1.215525081310755873e+00
1.212305031668806210e+00
1.196856129817333247e+00
1.190581478399321158e+00
1.203800972677108394e+00
1.191862471393094980e+00
1.193109932553631181e+00
1.179949214152675063e+00
1.171988633232509569e+00
1.176807376558634433e+00
1.166392584417933920e+00
1.156509590063972581e+00
1.138379510697802965e+00
1.147440948158271690e+00
1.149416584221297555e+00
1.133051108614540725e+00
1.111726708406417963e+00
1.098802480121579661e+00
1.107761158274458202e+00
1.099914940200401148e+00
1.089405220120379214e+00
1.089547067080629095e+00
