2.250000000000000056e-01
0.000000000000000000e+00
0.000000000000000000e+00
0.000000000000000000e+00
0.000000000000000000e+00
0.000000000000000000e+00
0.000000000000000000e+00
0.000000000000000000e+00
0.000000000000000000e+00
0.000000000000000000e+00
0.000000000000000000e+00
0.000000000000000000e+00
0.000000000000000000e+00
0.000000000000000000e+00
0.000000000000000000e+00
0.000000000000000000e+00
0.000000000000000000e+00
0.000000000000000000e+00
9.685371080995379689e-01
9.717310258598496064e-01
9.773259969736659558e-01
9.906616915880306351e-01
1.014508210396670496e+00
1.034102083054161847e+00
1.048983760952274968e+00
1.057033644914895154e+00
1.083110952223927281e+00
1.091367835309918322e+00
1.098754960998478136e+00
1.101812423933465901e+00
1.104054219390372404e+00
1.089774049741052186e+00
1.079890781261695132e+00
1.075819681826392538e+00
1.072416312227664648e+00
1.060999472060515592e+00
1.053351910399591862e+00
1.017340106013636003e+00
1.008397971733794529e+00
1.003546611512823983e+00
1.000197282852093306e+00
9.841061578923270270e-01
9.697372168643511037e-01
9.761476111655874588e-01
9.556352539674312085e-01
9.592594951689326077e-01
9.475721742439254802e-01
9.258255184889765399e-01
9.713941977917650572e-01
9.686529445077212142e-01
9.481397745474344774e-01
9.405197015751675105e-01
9.056629323889695549e-01
8.796164962639495544e-01
8.839553587835692339e-01
8.860982659746139412e-01
8.674731017786579956e-01
8.719943171096806722e-01
8.733257199400151771e-01
8.658604548847953497e-01
8.832900287183628185e-01
8.944689045375068259e-01
9.203205907670118924e-01
9.387067920638448859e-01
9.568708978067428372e-01
9.618580090117109238e-01
9.772809036999038357e-01
9.934629001325592235e-01
1.003067924280007794e+00
9.972590467993475150e-01
1.002031704451437077e+00
1.014413002954675180e+00
1.014578825198468870e+00
1.028488652100161049e+00
1.027144419415946253e+00
1.018977038596648788e+00
1.003921194227019642e+00
1.002085324446471581e+00
1.017692947594827535e+00
1.013812369683579906e+00
9.989952779719041276e-01
9.943507082577982548e-01
1.004970045343217988e+00
1.009702049695218928e+00
1.021032990112195282e+00
1.021486567842436965e+00
1.027804613259759359e+00
1.053857033729219461e+00
1.044189455684696455e+00
1.031247434455965006e+00
1.034279962475011638e+00
1.037168492939925857e+00
1.028440132872073365e+00
1.010891357234117827e+00
1.001227906770194798e+00
9.978464557909485499e-01
9.760614781164264064e-01
9.698464157109699668e-01
9.650681827404182789e-01
9.610961067869669971e-01
