2.250000000000000056e-01
0.000000000000000000e+00
1.057335506243666678e+00
1.108079149021288456e+00
1.108554942250183029e+00
1.140755588682648813e+00
1.131590169868883500e+00
1.124558557461871500e+00
1.135412881013226682e+00
1.098136609038677491e+00
1.083542312518468664e+00
1.111474961810920314e+00
1.090739916952446986e+00
1.051294664343926488e+00
1.025344411967924918e+00
1.007683889286904666e+00
9.877263580927606590e-01
9.613136038846127329e-01
9.609152101798242862e-01
9.553736218314966555e-01
9.487710732212254472e-01
9.270394197812332759e-01
9.127951330221231174e-01
9.152086215218101506e-01
9.297649001503853761e-01
9.245696835284915593e-01
9.182241629390488491e-01
9.168056304501495113e-01
9.216008509330985143e-01
9.198764287381734350e-01
9.232892318168476331e-01
9.206741525970842943e-01
9.187692003593906920e-01
9.356531787852966353e-01
9.273999981734358800e-01
9.268070909535450763e-01
9.307162198377046947e-01
9.230440194715826552e-01
9.241859683811263215e-01
9.185580594489474171e-01
9.145354640253511302e-01
9.130662915257680146e-01
9.084385953411604486e-01
8.987115810732222432e-01
8.923360929570826050e-01
8.929239073545846006e-01
8.839285862493335699e-01
8.729742808179342672e-01
8.669943069314127726e-01
8.596543644274700080e-01
8.588132833152412049e-01
8.622704642571403788e-01
8.640278901695258584e-01
8.601964279188469842e-01
8.669014633597902364e-01
8.674232287639982442e-01
8.734142845995260807e-01
8.660568277943817561e-01
8.685291702386810364e-01
8.637834222084276314e-01
8.583578471660623377e-01
8.550036335039311597e-01
8.470846152250992578e-01
8.460887778521001268e-01
8.429431731411628492e-01
8.353500919783918288e-01
8.343117460352335035e-01
8.299618942633184560e-01
8.335173880273520908e-01
8.261710783542776104e-01
8.206936085717468909e-01
8.216948277730116157e-01
8.210107359121634474e-01
8.265561706145228005e-01
8.299288602076798638e-01
8.241661060983156428e-01
8.273905457735725166e-01
8.323382835233522625e-01
8.331513340132110645e-01
8.332271305163516661e-01
8.345302360846222900e-01
8.310530784958771733e-01
8.234017330229512766e-01
8.234549494030267702e-01
8.272727703025702928e-01
8.287398253895633671e-01
8.310053786320825697e-01
8.339864385424974325e-01
8.341204176888601385e-01
8.356569510825139213e-01
8.424200925689958597e-01
8.529135179688958068e-01
8.519598653873978744e-01
8.604174205300723077e-01
8.668641678912538673e-01
8.654072547019110440e-01
8.723231338472894336e-01
8.820832250035508526e-01
8.845316547920085704e-01
8.835184379285954126e-01
