2.250000000000000056e-01
0.000000000000000000e+00
6.408708304366055042e-02
1.025958172938992996e-01
1.030776085216185550e-01
1.170032140552149658e-01
1.175979893911470869e-01
1.142295355731973994e-01
1.091090590184584375e-01
1.628837734044395191e-01
1.649751319016455331e-01
1.882009328005247173e-01
1.903918507863806286e-01
1.848623734646765715e-01
1.981433214311789648e-01
1.997942161793298255e-01
2.311584801432249037e-01
2.729632171479802194e-01
2.777320717526864935e-01
2.818642108735778806e-01
2.804983637752579417e-01
2.819822624801802124e-01
2.792564886065507790e-01
3.466031815013048134e-01
3.731173415160151663e-01
3.801668465455004253e-01
3.850695123767227113e-01
3.891739521837590532e-01
3.676945582812577995e-01
3.668456797424771709e-01
4.463710812456970767e-01
4.515536748437093406e-01
4.799604789589298481e-01
4.730521405526628143e-01
4.674224521084970330e-01
4.296113959719567443e-01
4.449223168825767738e-01
4.839284076721255823e-01
5.820935653796783793e-01
6.257699770395849237e-01
6.622896328537102306e-01
7.879754055194564399e-01
7.972937576421513795e-01
8.288624342408049683e-01
8.298271465723349172e-01
8.425856226821007988e-01
8.315651647017283654e-01
8.858351289641334114e-01
8.725237528873528436e-01
9.059975484528440814e-01
9.310964676884952995e-01
9.629611708015489713e-01
9.632192000270018983e-01
9.608871954569058182e-01
9.732561860830550859e-01
9.877181202621446721e-01
9.775947542852267969e-01
9.880429571509292686e-01
1.015476424979875336e+00
1.022027491830458601e+00
1.040191222080640854e+00
1.044733854891404468e+00
1.074568087898766677e+00
1.101486082878273765e+00
1.127660623769431991e+00
1.146042395686120985e+00
1.118969916234275663e+00
1.110718465542577693e+00
1.132390455931171935e+00
1.133538147751445013e+00
1.137768024101104780e+00
1.120921331650434949e+00
1.115062835123407092e+00
1.117442436869210187e+00
1.096790705929364673e+00
1.070856943124513183e+00
1.068629721018443224e+00
1.065966735134756593e+00
1.072840195108258010e+00
1.074804426626857934e+00
1.052235241496090712e+00
1.041611243109943574e+00
1.047221409349498700e+00
1.045244209986260442e+00
1.042556019132687917e+00
1.033179782648757428e+00
1.032103158744905436e+00
1.020234868765388159e+00
1.018598730078493553e+00
1.025502968419304661e+00
1.037566813264537036e+00
1.041640755068688806e+00
1.051812864530046854e+00
1.046252288865194835e+00
1.032795095513551642e+00
1.029619482396360697e+00
1.050561886141943013e+00
1.039547259986992600e+00
1.030263515019147258e+00
1.017535559507695142e+00
