2.250000000000000056e-01
0.000000000000000000e+00
0.000000000000000000e+00
0.000000000000000000e+00
0.000000000000000000e+00
0.000000000000000000e+00
0.000000000000000000e+00
0.000000000000000000e+00
0.000000000000000000e+00
0.000000000000000000e+00
0.000000000000000000e+00
0.000000000000000000e+00
0.000000000000000000e+00
0.000000000000000000e+00
0.000000000000000000e+00
0.000000000000000000e+00
0.000000000000000000e+00
0.000000000000000000e+00
0.000000000000000000e+00
0.000000000000000000e+00
0.000000000000000000e+00
0.000000000000000000e+00
0.000000000000000000e+00
0.000000000000000000e+00
0.000000000000000000e+00
0.000000000000000000e+00
0.000000000000000000e+00
0.000000000000000000e+00
0.000000000000000000e+00
0.000000000000000000e+00
0.000000000000000000e+00
7.917284817527955876e-02
1.399125775634619262e-01
1.823288874244450852e-01
2.038709427346724889e-01
2.756018461131206077e-01
3.769258258426919084e-01
5.780360322003513796e-01
6.274250090175048644e-01
6.252545342116110350e-01
6.443483884890934821e-01
6.974936734967239760e-01
7.065713889561106020e-01
7.311358068598377002e-01
7.677252948662773857e-01
7.984441450050138167e-01
8.297235462532620565e-01
8.649727076889873745e-01
8.869881908052206221e-01
9.121078840474327043e-01
9.278520790480809799e-01
9.602423255808680835e-01
9.812073362253639353e-01
1.003429408984349180e+00
1.015440371845233614e+00
1.047972190058644948e+00
1.060974763040291702e+00
1.083377535565167804e+00
1.097190371128927922e+00
1.115970716463257517e+00
1.138475885961912182e+00
1.148557478585658265e+00
1.176659582625858347e+00
1.191625481767748074e+00
1.215390868981632622e+00
1.235394173409983143e+00
1.252817843126066366e+00
1.260121483477043558e+00
1.260328878294045385e+00
1.262765696934241566e+00
1.258195887129142321e+00
1.254672525424566976e+00
1.240698703333160680e+00
1.231081735864816507e+00
1.207777571132043093e+00
1.192474441316581979e+00
1.174226075213237186e+00
1.170932292985057854e+00
1.163280304467199322e+00
1.157644240976753114e+00
1.153057839368619941e+00
1.156073742761096534e+00
1.147635603854396003e+00
1.142911596063683977e+00
1.148076476939728918e+00
1.141395829069450141e+00
1.131980876889318921e+00
1.124877906716426068e+00
1.128397806273361503e+00
1.120603493101063775e+00
1.109733143512171560e+00
1.119140205568217805e+00
1.130482918193391972e+00
1.130231763472960171e+00
1.107792415855972656e+00
1.106607788528843006e+00
1.100567134457433704e+00
1.082889935317978392e+00
1.071051658433320952e+00
1.072877270062540189e+00
