2.250000000000000056e-01
0.000000000000000000e+00
0.000000000000000000e+00
1.421177049876590770e-01
2.208637467965305357e-01
2.920048492468951817e-01
8.603861085911895801e-01
9.995692091637564669e-01
1.011828233680503120e+00
1.038711210122276851e+00
1.098076638210293998e+00
1.082542999206714596e+00
1.106294078747203091e+00
1.098309382634534481e+00
1.082981810687834390e+00
1.059832350363292930e+00
1.043672796282724580e+00
1.024617836081947120e+00
1.024910932092985449e+00
1.057120051262419480e+00
1.067612162121138075e+00
1.105225103870623560e+00
1.112191756395320752e+00
1.116215149731087930e+00
1.105240700730277137e+00
1.105669693904496986e+00
1.089503995524938817e+00
1.079550974384680728e+00
1.073019857414886147e+00
1.061813101611610355e+00
1.056914561177352718e+00
1.061481272260199393e+00
1.068575899159255549e+00
1.061679160129054056e+00
1.066131801641494015e+00
1.067834062480880863e+00
1.075221161230635492e+00
1.069975219901006858e+00
1.075461753619481930e+00
1.083629468578576338e+00
1.075452367447452318e+00
1.070328172659456234e+00
1.084994852092453055e+00
1.079028488776372807e+00
1.082040986720380848e+00
1.092151310983312085e+00
1.089149853814954438e+00
1.091364278128011511e+00
1.099686472088933442e+00
1.089661638659790821e+00
1.082430601582146101e+00
1.085153595623310707e+00
1.079097505655614020e+00
1.073480270900172284e+00
1.068587201376777873e+00
1.068466796326952073e+00
1.070510664040471127e+00
1.069780250370542918e+00
1.069527587090786325e+00
1.077157043576374873e+00
1.077755714915515473e+00
1.081740178515483430e+00
1.089589467769137787e+00
1.087118536963711968e+00
1.087436393739291463e+00
1.100368108074760487e+00
1.097206715338312044e+00
1.097700428676617213e+00
1.101399251862379636e+00
1.093682305198302007e+00
1.089913025320663031e+00
1.096686646427802891e+00
1.092828080486255793e+00
1.083218316924859703e+00
1.082897347759695261e+00
1.077911917065540459e+00
1.072107849142385883e+00
1.075968080389833048e+00
1.084733295448449875e+00
1.080625346745971216e+00
1.078662520826988880e+00
1.092595520188382796e+00
1.088016742597962550e+00
1.093258687359718317e+00
1.096420086357425605e+00
1.104235949276180184e+00
1.098764344299124840e+00
1.103343311860089715e+00
1.104685461536168090e+00
1.109402789480955498e+00
1.111832724101385006e+00
1.108778254612787784e+00
1.116982758235092854e+00
1.120334194129077643e+00
1.120740911110595039e+00
1.111787863452457836e+00
1.107253569281221317e+00
1.097957114212299468e+00
1.088243528052936338e+00
1.083428482369997115e+00
