2.250000000000000056e-01
7.928337106855807281e-01
7.072616468619220553e-01
6.229618463342367907e-01
6.181749664921747378e-01
6.906549844854843467e-01
7.156834525869650854e-01
6.816070308784845100e-01
6.604476584859059196e-01
6.338270283891549450e-01
6.582942275931604748e-01
6.931651637251171616e-01
6.780057372933495641e-01
6.718591093498277322e-01
6.818347308334636869e-01
6.663013000585314982e-01
6.823015026474369416e-01
6.691080524245618388e-01
6.850327912288295407e-01
6.866891162801160853e-01
6.875843080972502408e-01
6.877767364899908253e-01
6.672222738280164656e-01
6.887634769607255958e-01
6.714617019377406848e-01
6.927229732519293304e-01
6.894728208957717763e-01
6.863635767355582562e-01
6.791443483638417433e-01
6.793436375919742476e-01
6.828088413721391525e-01
6.932808028623650420e-01
6.729523808222198644e-01
6.834113418609323309e-01
6.729612290819667608e-01
6.580649936453325521e-01
6.742378715283623425e-01
6.913557001470291841e-01
6.851555602743313322e-01
6.495917602974332627e-01
6.714627566401173420e-01
6.848160216828572677e-01
6.864619302939509726e-01
6.528592113528596252e-01
6.630813507956744290e-01
6.649017658811297027e-01
6.810138209600857806e-01
6.826306829604710247e-01
6.601318843507629763e-01
6.505381453335280506e-01
6.767495939651256842e-01
6.713205756084170694e-01
6.501575582016853039e-01
6.522241542064136643e-01
6.733954005662723397e-01
6.687215336524926501e-01
6.488382925479312391e-01
6.620033747862940077e-01
6.659599834940094221e-01
6.640522787917716441e-01
6.618796561876092444e-01
6.469255684614212409e-01
6.490097434124770803e-01
6.559002061427147146e-01
6.571937833611027902e-01
6.413980639449546883e-01
6.463134753393516840e-01
6.567458848677325545e-01
6.535671248552672452e-01
6.504479697072755862e-01
6.313075800199903220e-01
6.402105166797111835e-01
6.507195443201960749e-01
6.453141197172204135e-01
6.455068952917312197e-01
6.366859461876229753e-01
6.677979383847811867e-01
6.666461627185744643e-01
6.694024027851761538e-01
6.561724646514224268e-01
6.572786604604522465e-01
6.871652164783582650e-01
6.839299727025637265e-01
6.905512622032754511e-01
6.835795968144409152e-01
6.874190354786686719e-01
7.015666974378087506e-01
6.986272242378099850e-01
6.930254081273266031e-01
6.943138496125709214e-01
7.047926208743618970e-01
7.162418074856593542e-01
7.190072299932814825e-01
6.962097066294726799e-01
6.983020998627504916e-01
6.968365247343146773e-01
7.216260782642152094e-01
7.106294235889573097e-01
7.106015066339674835e-01
7.118950347515090593e-01
