2.250000000000000056e-01
0.000000000000000000e+00
6.598561884542712697e-02
8.439025917991965775e-02
8.020833053587081429e-02
8.440974691135438857e-02
8.443510644660673359e-02
1.395410732041989788e-01
1.401891872643408476e-01
1.419679093650099144e-01
1.434746504389371735e-01
1.447234133876025841e-01
1.545825389469246691e-01
2.026839481506703400e-01
2.071440681566189268e-01
2.087473787980026474e-01
2.104154480825438656e-01
2.116793292180659258e-01
2.190409776459378288e-01
2.818645034058563925e-01
2.880789756084293218e-01
2.902334395629055930e-01
2.940755909625199505e-01
2.972057616176156380e-01
3.427222665980066973e-01
3.455094648086992071e-01
3.483495861347830624e-01
3.506634039002382575e-01
3.525354808040230270e-01
4.298693272525513365e-01
4.370959261284073638e-01
4.434970650378146084e-01
4.280197259610543647e-01
5.165938837280676932e-01
5.250009316600233733e-01
5.249389649339698538e-01
5.774422108450515401e-01
5.613014891044482146e-01
6.501134018008465354e-01
6.594919013671146635e-01
7.428753945954822413e-01
7.970002923329982947e-01
9.660042584804432453e-01
1.555984673646165328e+00
1.630864815542526935e+00
1.652608949696845242e+00
1.669102693796127301e+00
1.683591817903697718e+00
1.706601172915703568e+00
1.658139433241874405e+00
1.627658134263840317e+00
1.623740898634467245e+00
1.673035849420874799e+00
1.643434619043247613e+00
1.643132778739338606e+00
1.604613182596972054e+00
1.598975136951684473e+00
1.661852404511085624e+00
1.625296203053277599e+00
1.624608759503012978e+00
1.508465557756314857e+00
1.454439630764276847e+00
1.439033735764276400e+00
1.424987980432400825e+00
1.478243592779563631e+00
1.520477112768888306e+00
1.515287575166381684e+00
1.557484770130463492e+00
1.483833135172782036e+00
1.398081245880154144e+00
1.474744379392974203e+00
1.473142990442956712e+00
1.402360197934340968e+00
1.352283800099996602e+00
1.341556389265200044e+00
1.416170109977476832e+00
1.470842271127073220e+00
1.443168626085415962e+00
1.463959727331642258e+00
1.358271000232180281e+00
1.361657677419700674e+00
1.367232942570006715e+00
1.385785598656956497e+00
1.432437839903949905e+00
1.440992956857808371e+00
1.430800657616577487e+00
1.406945032882127578e+00
1.414750003626621622e+00
1.383096083806439447e+00
1.370290906515374552e+00
1.345427370352104246e+00
1.311900010320929066e+00
1.276099497873996569e+00
1.193219277766363717e+00
1.069310015294604455e+00
9.757373860055997827e-01
9.446459556257437162e-01
9.058324511270232637e-01
8.994415361059009406e-01
8.998630837905102764e-01
