2.250000000000000056e-01
0.000000000000000000e+00
0.000000000000000000e+00
0.000000000000000000e+00
2.790900315637076523e-01
2.790900315637076523e-01
2.297667419564358993e-01
2.598727819362033342e-01
2.607238691830675581e-01
2.692719482034741652e-01
2.974590684832947862e-01
3.072333091732396548e-01
3.131486051611365173e-01
3.501525496709548824e-01
3.499856930523013721e-01
3.518802915458495439e-01
3.326213592438136413e-01
3.570306121448164061e-01
3.833592705993805194e-01
3.985620716555238197e-01
7.228000807479226797e-01
8.591448834090658071e-01
9.229484565247032535e-01
9.729896267472286642e-01
1.013956983274425738e+00
1.171791663244053483e+00
1.165797686071849304e+00
1.149375814998142786e+00
1.137151582857645282e+00
1.099336595811016615e+00
1.083932156646825851e+00
1.173194238450941951e+00
1.206248611758781397e+00
1.198564512519502356e+00
1.255473676901934788e+00
1.264588708440232967e+00
1.255717591953558809e+00
1.225871973600621612e+00
1.245360991586257127e+00
1.277191685690694634e+00
1.298825594403730577e+00
1.293839012637599817e+00
1.311700923227612003e+00
1.310922369090339989e+00
1.231827586327930435e+00
1.119276661461311884e+00
1.035691285358218749e+00
1.049166409664342048e+00
1.035591390302510462e+00
1.053228763788667699e+00
1.040354940075313150e+00
1.059650940429738730e+00
1.066308879453497171e+00
1.070972130308716297e+00
1.090915558295112220e+00
1.102404191735740335e+00
1.136353337013370268e+00
1.133173327306792100e+00
1.164761054934926099e+00
1.174425597605420979e+00
1.186755921428273242e+00
1.209676036210444394e+00
1.221004387015015347e+00
1.243623026869591364e+00
1.260748125034983458e+00
1.260727412545078696e+00
1.265345784283599784e+00
1.265871448199707983e+00
1.259864992008321138e+00
1.253329069493757775e+00
1.215325628924545764e+00
1.183886412592676907e+00
1.161717665228179319e+00
1.153020847518745562e+00
1.128950593704469707e+00
1.104901517056285032e+00
1.096723970891831046e+00
1.097826142230607260e+00
1.102054754456038177e+00
1.107930294968709095e+00
1.114247879049427903e+00
1.121041393904329775e+00
1.142153835136913376e+00
1.153663055500552481e+00
1.174392149948830788e+00
1.206954806240079447e+00
1.227733146687810084e+00
1.244681359941490983e+00
1.245966004739743616e+00
1.254928689911454676e+00
1.267880551940881784e+00
1.268050575131257185e+00
1.265878473721766095e+00
1.268230424051731919e+00
1.259794404254067635e+00
1.247898441807671288e+00
1.230865827628130793e+00
1.210164342489823186e+00
1.192216695723738562e+00
1.171598320747100130e+00
