2.250000000000000056e-01
7.870172968193959173e-01
6.003883535822779338e-01
6.614288547106712546e-01
9.264050261059304514e-01
9.295544497061694056e-01
9.667391339823122598e-01
9.709839980504215706e-01
1.018897349385246676e+00
1.002513505821592155e+00
9.798030239923365414e-01
1.208865854681924423e+00
1.243525894371611429e+00
1.218685791290858633e+00
1.132070056857642282e+00
1.085225972573637954e+00
1.092688251221513251e+00
1.051179849916572318e+00
1.072198544569031631e+00
1.111787841854328107e+00
1.114436527848404079e+00
1.100998813941701737e+00
1.113424004374881759e+00
1.160916439691878965e+00
1.178525237895537758e+00
1.193061523124386181e+00
1.165008151129543812e+00
1.141709887209409136e+00
1.141978478363542715e+00
1.115624418881192792e+00
1.113628693366625511e+00
1.111354045344941310e+00
1.113112875186261119e+00
1.118437661115271764e+00
1.115261279533946270e+00
1.106610876589250392e+00
1.092119360953300866e+00
1.064869360169764523e+00
1.046894647245940835e+00
1.031949507921732234e+00
1.026617753264229549e+00
1.028166960100480143e+00
1.030211821430154995e+00
1.020964374021291476e+00
1.022348858920029802e+00
1.011991040514571338e+00
1.010067459910196419e+00
1.030132468482032326e+00
1.028021561170161746e+00
1.036211169523631126e+00
1.038709136294203805e+00
1.040645859933079898e+00
1.025734573930329185e+00
1.013993810512249460e+00
9.945164012240568230e-01
1.003138774146756784e+00
9.985543016414869522e-01
9.868532598436459136e-01
9.738385511223233149e-01
9.574489878535453746e-01
9.574566762869862746e-01
9.559175177817614832e-01
9.600605346032647924e-01
9.685459151191592175e-01
9.760931264040692001e-01
9.791395490403639323e-01
9.870285691014860641e-01
9.756418126510033595e-01
9.587493031385109221e-01
9.529664442322597351e-01
9.522213479352676924e-01
9.532187987789962902e-01
9.507733753220084516e-01
9.360593560675184444e-01
9.418302873283552756e-01
9.420519959997527559e-01
9.357507028347283873e-01
9.509300347322774405e-01
9.532495106449252464e-01
9.878388238375576114e-01
9.924798712378640753e-01
1.003542712249386959e+00
1.024072752715460499e+00
1.017906040549966917e+00
1.012257082451595513e+00
1.031130082830762129e+00
1.026795850893447604e+00
1.012487332308773524e+00
9.976777376812838716e-01
9.879508363865314724e-01
9.894859706890087869e-01
9.797791844144589923e-01
9.714782215308432889e-01
9.923966549893188382e-01
9.946912785753325714e-01
9.962446250903150835e-01
1.005452831714713113e+00
1.002157260564771279e+00
1.007517484210566749e+00
1.014973326711334778e+00
