2.250000000000000056e-01
1.241876062667892078e-01
1.410991122241929130e-01
1.326063606396598038e-01
1.571845953423466336e-01
1.835426253231937366e-01
1.928421921023155405e-01
2.184673863715498876e-01
5.405295934435339067e-01
5.925694233464960936e-01
5.794998803245078323e-01
5.349351205757720829e-01
5.337577433454578912e-01
6.110985991731142652e-01
6.334389521020767910e-01
6.654585966961233945e-01
6.828696441960425689e-01
7.165947019407442609e-01
7.087616887419879719e-01
7.614148210308374631e-01
7.564091365525604793e-01
7.441626327584101031e-01
7.419842238161613590e-01
7.511189492857057726e-01
7.515118710412305170e-01
7.353117390549368526e-01
7.317712299460653602e-01
7.488450085482848406e-01
7.614550661838214163e-01
7.765496413890009553e-01
8.138831327742681587e-01
8.312389562542893406e-01
8.347472820550475570e-01
8.447613739400772204e-01
8.340568105673443755e-01
8.244304317811311789e-01
8.240528164748421869e-01
8.374010077668467833e-01
8.311687797347191431e-01
8.303271066568207459e-01
8.378671004191252658e-01
8.420720391198797117e-01
8.466899710441934124e-01
8.452548651585001238e-01
8.450755718975334618e-01
8.475753256664140256e-01
8.389280428568118841e-01
8.328846476241384966e-01
8.314068882156844253e-01
8.335482360067378860e-01
8.422700609212500078e-01
8.396980857173039769e-01
8.515536279549312804e-01
8.371390611290688843e-01
8.308395053732720026e-01
8.179891616228965878e-01
8.187241629840805723e-01
8.093367206826138638e-01
8.030418806023470468e-01
8.051776591223900326e-01
8.109371182124590627e-01
8.200781685418468969e-01
8.417256277632234607e-01
8.645875203492286998e-01
8.779815565031883207e-01
8.916978015210794695e-01
9.046325533030101784e-01
9.090321035466449873e-01
9.098923148617629186e-01
9.062562943011250871e-01
9.090646524331317258e-01
9.038632210638254394e-01
9.092297420865010915e-01
9.114335956761300261e-01
9.068041394256127763e-01
9.130549466641727507e-01
9.074347083950132786e-01
9.023519314672298064e-01
8.973972483082036655e-01
8.976492421160995328e-01
8.864076511604297437e-01
8.776585719118815687e-01
8.720523418745944610e-01
8.688103928300889844e-01
8.608801373770218479e-01
8.595561494400988378e-01
8.590260995782955655e-01
8.579845860736023955e-01
8.488148516433493551e-01
8.388199136725577043e-01
8.327950587801005167e-01
8.332676203782366509e-01
8.364077376663116015e-01
8.392417745651802319e-01
8.367605045525252638e-01
8.302302665694923922e-01
8.301003676987764868e-01
8.283235503215946594e-01
8.312316144091353998e-01
8.365522166979684204e-01
