2.250000000000000056e-01
0.000000000000000000e+00
0.000000000000000000e+00
0.000000000000000000e+00
2.055496078259511361e-01
4.212894744362309929e-01
3.591491701944033443e-01
4.466054830905908934e-01
4.512312585825176692e-01
4.988577515744077595e-01
4.963424712097176950e-01
5.053107637748239789e-01
5.645572604358811697e-01
5.648146585992539492e-01
5.636004439416689715e-01
6.137808235178240368e-01
6.442546873646641803e-01
6.393228099711080192e-01
6.216640472931919126e-01
6.901252361113245914e-01
6.985670804269309420e-01
6.988101821603888153e-01
7.718289648996766728e-01
8.271239074296741212e-01
8.699341900765795721e-01
8.738338152098894529e-01
1.001065043335645166e+00
1.058234599603345982e+00
1.095961591559300174e+00
1.103686819805317132e+00
1.127623664023358785e+00
1.217203733478686933e+00
1.251456057672892808e+00
1.293649780894056578e+00
1.275031926846263541e+00
1.314185281333210220e+00
1.307345236608739469e+00
1.297984174585741890e+00
1.287805519616134431e+00
1.263717451734137409e+00
1.299291790705392247e+00
1.309725757889233844e+00
1.309601465005358012e+00
1.289852469127705126e+00
1.302899834884146069e+00
1.287133793399671822e+00
1.278563596955557546e+00
1.282322978008715308e+00
1.280495786399482583e+00
1.274953765519088567e+00
1.264710540635819669e+00
1.278441530353171762e+00
1.300330126174469303e+00
1.289746289541718882e+00
1.287256239256450385e+00
1.295092065115808655e+00
1.295993737660315004e+00
1.315371655497471481e+00
1.313549762416865718e+00
1.318092702063767607e+00
1.318112441564962323e+00
1.305801062524669875e+00
1.296866802736347690e+00
1.302154190551757074e+00
1.304007476368395091e+00
1.298059930622963210e+00
1.312422915770316001e+00
1.309546275305033536e+00
1.307922716109534145e+00
1.316388391192764518e+00
1.309260669652896780e+00
1.306242689926929490e+00
1.297394824944719582e+00
1.285251950908689711e+00
1.289143522595605384e+00
1.283803934544597958e+00
1.290458367383369387e+00
1.312687806282979430e+00
1.332116544846410511e+00
1.335574132901889088e+00
1.331680242825975968e+00
1.324678464686751544e+00
1.314453572943050652e+00
1.293736122242110875e+00
1.266764917514991984e+00
1.263461793071172012e+00
1.257605207614644449e+00
1.255346187274109404e+00
1.256570087979540951e+00
1.267547911994899801e+00
1.266672462916448527e+00
1.282068283656089047e+00
1.284055305472216801e+00
1.282041189694688388e+00
1.270196766193788740e+00
1.267331695090999411e+00
1.262798388642280889e+00
1.238530416700827308e+00
1.232786621837899332e+00
1.217638134870400846e+00
