2.250000000000000056e-01
0.000000000000000000e+00
0.000000000000000000e+00
0.000000000000000000e+00
0.000000000000000000e+00
0.000000000000000000e+00
0.000000000000000000e+00
0.000000000000000000e+00
0.000000000000000000e+00
0.000000000000000000e+00
0.000000000000000000e+00
0.000000000000000000e+00
0.000000000000000000e+00
0.000000000000000000e+00
0.000000000000000000e+00
0.000000000000000000e+00
0.000000000000000000e+00
0.000000000000000000e+00
0.000000000000000000e+00
0.000000000000000000e+00
0.000000000000000000e+00
0.000000000000000000e+00
0.000000000000000000e+00
0.000000000000000000e+00
1.157640630721964214e+00
8.837310146453054571e-01
9.125599738424654550e-01
9.359151431791108422e-01
9.735821874732664138e-01
9.036763101975914259e-01
9.099367938283964286e-01
9.076781736766802444e-01
9.661396265052099031e-01
9.895650866323338901e-01
1.001221900280402588e+00
9.897851758984843595e-01
9.762129619598025609e-01
9.815927468412239953e-01
9.893123219659137879e-01
1.057259891981887412e+00
1.153341470779367439e+00
1.208016829902345490e+00
1.246307755837062103e+00
1.254010081415738220e+00
1.243095443819128398e+00
1.260379233812738420e+00
1.263996283883323191e+00
1.271662787083972068e+00
1.253050331529095063e+00
1.242897455846994292e+00
1.245469596860453221e+00
1.239358719868056014e+00
1.229835525438617960e+00
1.255835036408915695e+00
1.263661018564247174e+00
1.261763249794377373e+00
1.271360224761741486e+00
1.265958221053368860e+00
1.261021605963426495e+00
1.262330446793301197e+00
1.278584743253403211e+00
1.279619289510930402e+00
1.279952662340006819e+00
1.280598485198091829e+00
1.278613486341708905e+00
1.284861437416342289e+00
1.281686171557056664e+00
1.262064505128712710e+00
1.254106762053062374e+00
1.257211448954947297e+00
1.260138149140526576e+00
1.247855231738226323e+00
1.254925573356661106e+00
1.259419414833146567e+00
1.273838376502459457e+00
1.290330981553293066e+00
1.298957842643176486e+00
1.287224574565756896e+00
1.280264806567058322e+00
1.288492875286835204e+00
1.296753034748836964e+00
1.295841416266388491e+00
1.310247404065853605e+00
1.324620341072508811e+00
1.324214923806669386e+00
1.317691642538518781e+00
1.308652631296108648e+00
1.292184855630684748e+00
1.270127393983918829e+00
1.261039115038750547e+00
1.239055995656896947e+00
1.234705718351677195e+00
1.241983814271328423e+00
1.250565101878303720e+00
1.259850049036287389e+00
1.261767490283621340e+00
1.269511621196756535e+00
1.265155142079987804e+00
1.269192703971253389e+00
1.257209553009580816e+00
