2.250000000000000056e-01
0.000000000000000000e+00
0.000000000000000000e+00
0.000000000000000000e+00
0.000000000000000000e+00
0.000000000000000000e+00
0.000000000000000000e+00
0.000000000000000000e+00
0.000000000000000000e+00
0.000000000000000000e+00
0.000000000000000000e+00
0.000000000000000000e+00
2.538095310652607739e-01
1.062037625916365746e+00
1.156171893352006430e+00
1.248245688033407186e+00
1.270175028775374804e+00
1.297917779260269189e+00
1.301826978540080004e+00
1.339420099598801706e+00
1.375247525378121338e+00
1.407742732020897725e+00
1.426634927456656765e+00
1.470452757425153356e+00
1.466795535777315251e+00
1.436868038661293534e+00
1.432485961105539607e+00
1.425632471701149040e+00
1.471008152373797673e+00
1.451885339300814204e+00
1.451032901755662019e+00
1.453435943805284181e+00
1.453984504877613437e+00
1.452831698744752487e+00
1.403365420427560295e+00
1.390126216138682036e+00
1.388289556652804180e+00
1.394374818558917761e+00
1.394615547953738766e+00
1.406395607440478424e+00
1.399520655221218934e+00
1.390334116753827898e+00
1.387536075126615254e+00
1.403863740463559662e+00
1.405289987676587415e+00
1.412019214860843030e+00
1.405356410289646973e+00
1.388975046310685357e+00
1.373218907220037810e+00
1.385163701116193247e+00
1.395827717310709870e+00
1.425882550539287363e+00
1.436462597268571395e+00
1.404417739979279434e+00
1.423831941274321888e+00
1.460487223446962579e+00
1.500194152299499706e+00
1.525555170677020733e+00
1.502709855629621227e+00
1.492107145422544523e+00
1.504143675015311654e+00
1.464693338225771857e+00
1.454918808777110106e+00
1.459718545657544775e+00
1.471107859217626990e+00
1.462616852749538454e+00
1.449703062695721689e+00
1.435207212461049986e+00
1.421282560002346429e+00
1.422904782010949720e+00
1.416649858661285677e+00
1.408085798401591093e+00
1.416803729994338568e+00
1.437193456419255222e+00
1.463463854889909488e+00
1.486779336456208966e+00
1.483929936768671798e+00
1.492181833696378579e+00
1.470967490355138629e+00
1.464754830802461383e+00
1.478009950273756923e+00
1.484308676236105073e+00
1.480705356838117215e+00
1.484370828273060550e+00
1.464932503338625347e+00
1.461208048772746571e+00
1.470846836760454135e+00
1.476998658021772437e+00
1.490264404066670378e+00
1.454538311177283383e+00
1.479006348472930554e+00
1.465035319932847857e+00
1.479063863587037675e+00
1.490850183684597763e+00
1.481770648456878892e+00
1.493053021984362294e+00
1.472642727643056260e+00
1.472623681429247933e+00
1.472592520702647567e+00
1.456545609598682844e+00
