2.250000000000000056e-01
0.000000000000000000e+00
0.000000000000000000e+00
1.736953991933302355e+00
1.736973707159452651e+00
1.631972585767159201e+00
1.677414753162458583e+00
1.707361814364288577e+00
1.709356074138114412e+00
1.624828152810193771e+00
1.619188978053552885e+00
1.663188599217461316e+00
1.700013516458692697e+00
1.702791320884001314e+00
1.705425689173830417e+00
1.601090957608678034e+00
1.649894252130706729e+00
1.693896828915123942e+00
1.696364361105983765e+00
1.698853360438429938e+00
1.701257733065649314e+00
1.703492417726212516e+00
1.757277486083634876e+00
1.629525329046788817e+00
1.689272946008676390e+00
1.699254745251623788e+00
1.703526702619191813e+00
1.724186344144606586e+00
1.696193656849158016e+00
1.725239136724570743e+00
1.745906779658157770e+00
1.720827031959862419e+00
1.700864368143873318e+00
1.698125550334188993e+00
1.696823945229790631e+00
1.709470906203243157e+00
1.737124348860226819e+00
1.728850382566185839e+00
1.736672007269167928e+00
1.691800714446196174e+00
1.705500725262527606e+00
1.712148144223632595e+00
1.700770065969031686e+00
1.738659140619722487e+00
1.754119070609687636e+00
1.762463264757445858e+00
1.773546902652383128e+00
1.747870662792179397e+00
1.738205996500008954e+00
1.747307274059611393e+00
1.744699941761034490e+00
1.736452885481176489e+00
1.745153346901931357e+00
1.705745884838686388e+00
1.651639545706147238e+00
1.632562936521278818e+00
1.602534595697727937e+00
1.609962503238397069e+00
1.603598452743693725e+00
1.575097133782074499e+00
1.547768325020206781e+00
1.559380893335394092e+00
1.565685153855567613e+00
1.556930773407491753e+00
1.563947140379774892e+00
1.517119955739465453e+00
1.491262312262168210e+00
1.467155564194547512e+00
1.469922072852385408e+00
1.443250543900547633e+00
1.454260702257221372e+00
1.472484600605118432e+00
1.496262376289656748e+00
1.521526800951759295e+00
1.535353955031170559e+00
1.556573287265089922e+00
1.564800812398907004e+00
1.566068715603904815e+00
1.575050818977642875e+00
1.571334675393019964e+00
1.576718300324376099e+00
1.576545842836295730e+00
1.566817987645284127e+00
1.545878976648290326e+00
1.538125185013949903e+00
1.541098018209592579e+00
1.535491597804374830e+00
1.524691237818760481e+00
1.516471482584897723e+00
1.500363533277527806e+00
1.470238604851906716e+00
1.451838487267843369e+00
1.422355125814959598e+00
1.419206140250448112e+00
1.432260167633683245e+00
1.426225074946150029e+00
1.416095413217006049e+00
1.409300947810937954e+00
1.397581495661480933e+00
1.388889719076752627e+00
