2.250000000000000056e-01
0.000000000000000000e+00
1.616856388621287222e+00
1.618222838899883609e+00
1.688389009817715669e+00
1.682135197929830017e+00
1.624303237243431175e+00
1.630840353980254953e+00
1.609912984011675263e+00
1.577527519495055763e+00
1.530777168550840006e+00
1.539535586665651268e+00
1.530605808061154427e+00
1.511424145968697896e+00
1.483790065062481789e+00
1.449961246407416748e+00
1.406619542636643017e+00
1.345961505659110102e+00
1.297993840821757949e+00
1.230780403501201548e+00
1.206307226144557987e+00
1.196815094950547609e+00
1.203075301243443418e+00
1.206808483255007003e+00
1.208061514298194750e+00
1.218370520133511548e+00
1.235871515338365922e+00
1.232697052809991645e+00
1.240488907309943434e+00
1.203435005609006625e+00
1.191244182056341749e+00
1.197542582537700850e+00
1.169587326999296684e+00
1.164792924514311379e+00
1.147730583390645043e+00
1.146993688718412230e+00
1.142907456579978387e+00
1.132978691352657608e+00
1.109449603103355608e+00
1.094930295629651829e+00
1.096859993481734019e+00
1.085454320610833800e+00
1.061381519000474061e+00
1.062411113930353590e+00
1.095942379525847388e+00
1.118934761495027352e+00
1.116619263342312429e+00
1.095987520442302410e+00
1.058006604914605298e+00
1.013316196059079521e+00
1.000131879623610276e+00
1.030232516575696033e+00
1.081366489204244941e+00
1.115410123465220948e+00
1.140853722619422195e+00
1.175292229870892546e+00
1.203082203490522639e+00
1.238818173429031111e+00
1.253824320304363305e+00
1.243032680521447775e+00
1.240510086830318270e+00
1.242993398022176788e+00
1.263023518679966317e+00
1.276645974335359091e+00
1.269097132680802043e+00
1.274319341338199019e+00
1.270529382018754205e+00
1.264425754553524017e+00
1.262668914989035329e+00
1.263185855487739317e+00
1.245973570227162819e+00
1.221542460298785882e+00
1.196311805275541484e+00
1.182536268351479958e+00
1.184504173417999517e+00
1.171900027044213477e+00
1.154611277351912380e+00
1.147996665235059277e+00
1.139221146686365094e+00
1.132715644559533441e+00
1.119117531806491206e+00
1.110354186902541951e+00
1.084527681658643106e+00
1.065520166456412676e+00
1.051192094548589306e+00
1.034904527947781983e+00
1.022773176872941558e+00
1.028679443474467936e+00
1.028930642506073578e+00
1.038505366400821028e+00
1.051195607274321375e+00
1.047640118941481457e+00
1.053340278901405913e+00
1.059802705906380815e+00
1.080759649018622204e+00
1.107148068410937825e+00
1.126237361706962314e+00
1.135147135359477755e+00
1.164795303433244777e+00
1.179768037389729018e+00
