2.250000000000000056e-01
0.000000000000000000e+00
1.699543482348752910e-01
2.118297571305900184e-01
2.292766324677934231e-01
2.614819215032898603e-01
2.897130398675659690e-01
2.919818269210612272e-01
3.238043126598567634e-01
3.570917689810831908e-01
3.608777227395559284e-01
3.944195713639790379e-01
4.269761093213985670e-01
4.354471134735569127e-01
4.708750177377466484e-01
4.848045676455128294e-01
5.135240662351374663e-01
5.187792338161169026e-01
5.575985477357690012e-01
5.704236868826975115e-01
5.986262016662997620e-01
6.378031499190405240e-01
6.448613238878414533e-01
5.477177611328108986e-01
4.981712105658263057e-01
4.970693561228797241e-01
4.782259983280299220e-01
5.089593239894569798e-01
5.431095614606525901e-01
5.466322319273339003e-01
5.912704385633763549e-01
6.595903857874243492e-01
6.839752829107986765e-01
6.655208771153591218e-01
6.840052334447709326e-01
7.034048208516423539e-01
7.603628656866114888e-01
8.192884525327671641e-01
8.619037356797313310e-01
9.004443559318080492e-01
9.266621074462593199e-01
9.529463572797095550e-01
9.601663053933429115e-01
9.682060956330829082e-01
9.715803827256879188e-01
9.717007235696575318e-01
9.752519402792421133e-01
9.998384138397496956e-01
1.007612985924367432e+00
1.022917082046787218e+00
1.033418154364322383e+00
1.029623829053938122e+00
1.014414496151450074e+00
9.699716650054048817e-01
9.355021714561269075e-01
9.445224115073030946e-01
9.816477612957558163e-01
9.543755200629387980e-01
9.051190306317420387e-01
8.882230993182989032e-01
8.979718973313712826e-01
8.972501165927745381e-01
8.926296198262910764e-01
9.313593460283955405e-01
9.480320668226032144e-01
9.594247131653037552e-01
9.632315411157937879e-01
9.785478477770463979e-01
9.779708546944355652e-01
9.784967233965065070e-01
9.810645329831064743e-01
9.788721316899594571e-01
9.883847672365920767e-01
9.906437190280239502e-01
9.862391638454015563e-01
9.879721885023250438e-01
1.001758972866389819e+00
1.007514669338916979e+00
1.015187114857589057e+00
1.020304413893231343e+00
1.023529609161478282e+00
1.041454491074626620e+00
1.060103123650099510e+00
1.074759192114345341e+00
1.085196789212147905e+00
1.097545938086409656e+00
1.097752401322366955e+00
1.088323655910734544e+00
1.068666096468629201e+00
1.057010544219345816e+00
1.042491411213890329e+00
1.036046479855347924e+00
1.033320152522824831e+00
1.012777941040345464e+00
9.861484861397559198e-01
9.620060291324735724e-01
9.551512853363122169e-01
9.473594684173323177e-01
9.387333050576308624e-01
9.365715957129087110e-01
