2.250000000000000056e-01
0.000000000000000000e+00
0.000000000000000000e+00
2.158512926473089344e+00
2.134776637691571999e+00
2.103048856947289380e+00
2.102093664864140621e+00
2.066569109569782459e+00
2.054395529301820122e+00
2.066255408431549867e+00
2.039802846895259147e+00
2.012163037925520648e+00
1.972165826714281422e+00
1.921638463023849441e+00
1.784832934378023817e+00
1.696191739688763134e+00
1.519205417113492107e+00
1.412390543738854864e+00
1.419395752600760785e+00
1.402421900016161738e+00
1.397110761127811518e+00
1.419852439757127049e+00
1.405214534787145864e+00
1.369976482941109186e+00
1.342738009909371977e+00
1.313219689140871838e+00
1.392007318259571580e+00
1.363979483408390259e+00
1.341268753279457160e+00
1.354362976907327543e+00
1.315695322383388488e+00
1.311939447961821159e+00
1.285671049598855475e+00
1.378885159162880125e+00
1.329474985651112329e+00
1.335679396988420420e+00
1.284912870971949728e+00
1.288032298794119068e+00
1.316282805429619618e+00
1.271565778918936740e+00
1.352059799877324942e+00
1.545577770301132414e+00
1.637953278178143401e+00
1.663666174928716046e+00
1.719231747448092040e+00
1.738643308975456270e+00
1.727155424881826828e+00
1.721690639287390523e+00
1.737782688521284369e+00
1.734712900051661455e+00
1.723004307300258553e+00
1.720589733327037019e+00
1.699218660159514727e+00
1.658571049087766314e+00
1.641940380895646090e+00
1.631364106227474409e+00
1.548542619272350818e+00
1.376781504446299209e+00
1.345709484425873015e+00
1.333132997899828531e+00
1.345507391892725835e+00
1.349177491382904215e+00
1.341712187580328841e+00
1.333862857795714119e+00
1.343447889853522259e+00
1.482150927185098777e+00
1.514845157452026525e+00
1.552250182399055323e+00
1.559875923341186077e+00
1.582609471907583609e+00
1.551053962495491767e+00
1.560116509536485951e+00
1.557909668204510378e+00
1.526857015492588010e+00
1.548481524457238967e+00
1.540112171268845920e+00
1.537822094080168789e+00
1.525164023778004196e+00
1.513082851556768027e+00
1.552161537282327641e+00
1.554250242892909917e+00
1.587424012573827703e+00
1.672498935193312830e+00
1.700327713714783195e+00
1.723039071156717394e+00
1.731868702837785268e+00
1.741858613462817562e+00
1.747456492861378052e+00
1.760000070969817587e+00
1.756552675824434528e+00
1.762979369569932508e+00
1.766371018665670256e+00
1.792011593666241520e+00
1.829456682080982555e+00
1.817452220157944609e+00
1.821495474984751617e+00
1.850187732865932633e+00
1.858830859946189129e+00
1.847021919940935009e+00
1.847889661649722237e+00
