2.250000000000000056e-01
0.000000000000000000e+00
0.000000000000000000e+00
0.000000000000000000e+00
0.000000000000000000e+00
0.000000000000000000e+00
0.000000000000000000e+00
0.000000000000000000e+00
0.000000000000000000e+00
0.000000000000000000e+00
0.000000000000000000e+00
0.000000000000000000e+00
0.000000000000000000e+00
0.000000000000000000e+00
1.321038932571894753e+00
1.312257470265177473e+00
1.299454466830142430e+00
1.289091137384355656e+00
1.273401408822873560e+00
1.247798245461477773e+00
1.246148606557894611e+00
1.000662437155136919e+00
9.121160765949548610e-01
8.655562946719026485e-01
8.384517178065893361e-01
7.715930632287272273e-01
6.435796701952768428e-01
5.798158517576188498e-01
6.180700889178718516e-01
7.045928172538072909e-01
7.073522243865970616e-01
7.150432418634000697e-01
7.557963226161527048e-01
7.711290490931749231e-01
7.859712471472255491e-01
7.905253279172325120e-01
7.897970335302300082e-01
8.060135213202810345e-01
7.991970473982985546e-01
8.021555408152306610e-01
8.224617746472010493e-01
8.206122054095957852e-01
8.271153301438209926e-01
8.335242789452251833e-01
8.465753338997877853e-01
8.552025555109951105e-01
8.660363835084757822e-01
8.843610882000020323e-01
9.081712118777943710e-01
9.228951377723918492e-01
9.414409498410201138e-01
9.595489537585880635e-01
9.623020123445544804e-01
9.512480856126079853e-01
9.428709355160782568e-01
9.186355844418389038e-01
9.053151042575843244e-01
8.972222130105362847e-01
8.902156465670627572e-01
8.600015991556972939e-01
8.593275133733507820e-01
8.490795669691313385e-01
8.447028372958925724e-01
8.341237668264021021e-01
8.357488291058779994e-01
8.529551474887477891e-01
8.650137276461870028e-01
8.587272783854077440e-01
8.440385097632123745e-01
8.477026046382305502e-01
8.534026307627782248e-01
8.593837696476587240e-01
8.586318799681871283e-01
8.697391679348324134e-01
8.727915378397484991e-01
8.953111450287454254e-01
9.041545054247422941e-01
8.978342508307826098e-01
8.921051886578372780e-01
8.928620831864892970e-01
9.010967924036167309e-01
9.119789031310109317e-01
9.031121589810970907e-01
8.965838788282824989e-01
8.879842331312144399e-01
8.885035562197010073e-01
8.926659112906537574e-01
8.951058292180924525e-01
9.028201139232041594e-01
9.182145540605124445e-01
9.241795694423243779e-01
9.428141721772456130e-01
9.487872218674979763e-01
9.444063305379317708e-01
9.337856705851111938e-01
9.258889747597109920e-01
9.303693418881189281e-01
9.424993853033790669e-01
9.483621437206106730e-01
9.509591963584387297e-01
