2.250000000000000056e-01
0.000000000000000000e+00
0.000000000000000000e+00
0.000000000000000000e+00
0.000000000000000000e+00
0.000000000000000000e+00
0.000000000000000000e+00
0.000000000000000000e+00
0.000000000000000000e+00
0.000000000000000000e+00
2.747266752443697224e-01
3.276056036452832387e-01
3.305319162868161076e-01
3.818970468471153956e-01
3.976217304114171847e-01
4.443001924888595466e-01
4.553112190250980795e-01
5.038022620286692899e-01
5.258654938072835350e-01
5.628664005481855970e-01
5.842813256838019775e-01
6.288400096460313726e-01
6.575772217717410495e-01
6.725260344407130164e-01
7.249628270143617659e-01
7.360740354041861444e-01
7.535541953834173912e-01
7.715444276949511293e-01
7.399243690737176138e-01
7.080252549515947402e-01
6.914827350040870790e-01
6.775712182353786917e-01
6.661795895275320900e-01
6.884261326426526217e-01
6.856180734700820789e-01
6.895746463946970106e-01
6.822319184995748742e-01
7.311844179405593280e-01
7.326106299725769766e-01
7.374585487542845152e-01
7.495911238882598804e-01
7.977660566381443719e-01
8.064220093455590765e-01
8.064070568556666041e-01
8.285612663103740783e-01
8.516104212274709928e-01
8.747107710069208508e-01
8.789906921692145492e-01
8.770113846240911171e-01
8.894799044655687936e-01
8.961305399233473468e-01
8.860904016405986017e-01
8.824069375682659366e-01
8.914468976924714294e-01
8.966849686713980194e-01
9.025373208220808241e-01
9.245638701142463445e-01
9.458984369910298229e-01
9.461919025974862008e-01
9.574272061878575935e-01
9.776462316354304072e-01
9.994108571156677945e-01
1.024729556225645322e+00
1.022253168982064420e+00
1.048347601475014823e+00
1.044942682246027932e+00
1.089559317493482560e+00
1.103991921988594527e+00
1.111800489052638286e+00
1.120654907609556661e+00
1.126537817604307490e+00
1.169213469967571362e+00
1.170916422871521201e+00
1.180802276564925535e+00
1.213608331851088407e+00
1.262471249197770096e+00
1.314190764738120132e+00
1.386985630437548300e+00
1.419445087597907884e+00
1.504892671009534277e+00
1.552932161863095573e+00
1.570661894271615067e+00
1.625308128836906452e+00
1.629026745194196657e+00
1.624901967890014065e+00
1.624399120680793063e+00
1.609387685660848222e+00
1.581409645419189269e+00
1.552726370783574561e+00
1.538989860875347837e+00
1.477892031503757142e+00
1.455722310287377974e+00
1.425829358537656688e+00
1.411709798326189258e+00
1.399487562848561684e+00
1.403137052713195887e+00
1.397798293735185382e+00
1.398535362526627912e+00
1.415334490933494616e+00
1.440531601074025669e+00
