2.250000000000000056e-01
0.000000000000000000e+00
0.000000000000000000e+00
0.000000000000000000e+00
0.000000000000000000e+00
0.000000000000000000e+00
0.000000000000000000e+00
0.000000000000000000e+00
0.000000000000000000e+00
0.000000000000000000e+00
0.000000000000000000e+00
0.000000000000000000e+00
0.000000000000000000e+00
0.000000000000000000e+00
0.000000000000000000e+00
0.000000000000000000e+00
0.000000000000000000e+00
0.000000000000000000e+00
0.000000000000000000e+00
0.000000000000000000e+00
0.000000000000000000e+00
0.000000000000000000e+00
0.000000000000000000e+00
0.000000000000000000e+00
0.000000000000000000e+00
0.000000000000000000e+00
0.000000000000000000e+00
0.000000000000000000e+00
0.000000000000000000e+00
0.000000000000000000e+00
0.000000000000000000e+00
0.000000000000000000e+00
0.000000000000000000e+00
0.000000000000000000e+00
0.000000000000000000e+00
0.000000000000000000e+00
0.000000000000000000e+00
0.000000000000000000e+00
0.000000000000000000e+00
0.000000000000000000e+00
0.000000000000000000e+00
0.000000000000000000e+00
0.000000000000000000e+00
0.000000000000000000e+00
0.000000000000000000e+00
0.000000000000000000e+00
0.000000000000000000e+00
0.000000000000000000e+00
1.187849240057667205e-01
1.870070064858932180e-01
2.303257934932057549e-01
2.446344033082513136e-01
2.775425873941014254e-01
2.993781697688311372e-01
2.988306087831408830e-01
3.277039676659940781e-01
3.505991471252209446e-01
3.570877079470377580e-01
3.894882798030135929e-01
4.092901506254597033e-01
4.462405228781354261e-01
4.704400315763505591e-01
4.863784762260821015e-01
5.229059447422118589e-01
5.391909055182160238e-01
5.393013548297785897e-01
5.455137956728899340e-01
5.403567047480297703e-01
5.630297458634323515e-01
5.745832717738592610e-01
5.876913561888837956e-01
6.204123092487341395e-01
6.238882571952814038e-01
6.329854369313595575e-01
6.897996402575532482e-01
6.465380739837520707e-01
6.593928153324687402e-01
6.676475661456264810e-01
6.804883878940320985e-01
7.129628177419746748e-01
7.679843410288915706e-01
8.295455308528741911e-01
9.074422674976895253e-01
1.015810647093112085e+00
1.099528172158151351e+00
1.133559378618292479e+00
1.208623623491284160e+00
1.219586703585677778e+00
1.250871294766388919e+00
1.295670459048053891e+00
1.318155839901510307e+00
1.326777008389292245e+00
1.343398009944198446e+00
1.370855081540606424e+00
1.363050812086441965e+00
1.371662339367167416e+00
1.362484281694890775e+00
1.374929192241870490e+00
1.376567057200431154e+00
1.376175531555643428e+00
