2.250000000000000056e-01
0.000000000000000000e+00
0.000000000000000000e+00
0.000000000000000000e+00
0.000000000000000000e+00
0.000000000000000000e+00
0.000000000000000000e+00
0.000000000000000000e+00
0.000000000000000000e+00
0.000000000000000000e+00
0.000000000000000000e+00
0.000000000000000000e+00
0.000000000000000000e+00
0.000000000000000000e+00
0.000000000000000000e+00
0.000000000000000000e+00
0.000000000000000000e+00
0.000000000000000000e+00
0.000000000000000000e+00
0.000000000000000000e+00
0.000000000000000000e+00
0.000000000000000000e+00
0.000000000000000000e+00
0.000000000000000000e+00
0.000000000000000000e+00
0.000000000000000000e+00
0.000000000000000000e+00
0.000000000000000000e+00
0.000000000000000000e+00
0.000000000000000000e+00
0.000000000000000000e+00
0.000000000000000000e+00
0.000000000000000000e+00
0.000000000000000000e+00
0.000000000000000000e+00
0.000000000000000000e+00
0.000000000000000000e+00
0.000000000000000000e+00
0.000000000000000000e+00
0.000000000000000000e+00
0.000000000000000000e+00
0.000000000000000000e+00
0.000000000000000000e+00
0.000000000000000000e+00
0.000000000000000000e+00
1.371642216712484208e-01
2.180004491801095790e-01
2.188380469133520134e-01
3.112182299552516129e-01
3.063338332192746538e-01
4.195251645369817428e-01
4.025798470461749989e-01
4.071257442337808952e-01
5.360310653567509354e-01
5.258642367902849335e-01
6.580281683250088776e-01
6.624842122050957904e-01
8.266507467239531115e-01
1.112362585677224569e+00
1.160874401843557058e+00
1.144386861763699859e+00
1.173562765125342189e+00
1.090599943305676778e+00
1.176403588713941684e+00
1.171068760236331885e+00
1.239502739706836998e+00
1.208611013828178260e+00
1.253577914534739657e+00
1.248899476162302236e+00
1.322699620144071497e+00
1.361639951579055374e+00
1.378194646447811200e+00
1.422095862960475188e+00
1.398957922258104114e+00
1.381347759371648998e+00
1.364228400269598129e+00
1.355834083909937426e+00
1.350217715788987860e+00
1.284293922394461607e+00
1.269837918513020414e+00
1.344437153255091388e+00
1.311552069360922834e+00
1.310376922136357702e+00
1.350595572139859923e+00
1.367675221654560902e+00
1.404121371177049937e+00
1.401547616645196559e+00
1.398508556012530324e+00
1.396347131002863007e+00
1.417084958507203618e+00
1.445713722065039786e+00
1.484767053653573310e+00
1.501624803809269437e+00
1.529965467848980909e+00
1.517139274957219675e+00
1.542740945303996192e+00
1.548427081584993648e+00
1.530570079719608234e+00
1.518589946983663452e+00
1.512678645144354572e+00
