2.250000000000000056e-01
0.000000000000000000e+00
0.000000000000000000e+00
0.000000000000000000e+00
0.000000000000000000e+00
8.384780364399387897e-01
8.960774753787040803e-01
8.475486432656751390e-01
8.429173506694986884e-01
8.678270308038039671e-01
8.809780410222440850e-01
8.840250560888228692e-01
9.021092980569994646e-01
9.055502911697210777e-01
9.488368099628635699e-01
1.123838407450520105e+00
1.119187052894639267e+00
1.040158840382951810e+00
9.370557151422326259e-01
9.392406883542785412e-01
8.715511869372797316e-01
8.996655264214736825e-01
9.182302924045326886e-01
9.235300792916868451e-01
9.043768473333865243e-01
8.647366381622154652e-01
8.562321100282934694e-01
8.552754098143265926e-01
8.738562354276681043e-01
8.898178613187835984e-01
8.750184533872508164e-01
8.699651608911620482e-01
8.847950428789147503e-01
8.932971207870806785e-01
8.699480155069112541e-01
8.794221790094227664e-01
8.896783223954392028e-01
9.173326645822565961e-01
9.328331843854930083e-01
9.657223185925867259e-01
9.894258629764519641e-01
1.009466544281337752e+00
1.004798470401521815e+00
9.885685128382829534e-01
9.551333332827943723e-01
9.374446530906171970e-01
9.347233309195621676e-01
9.388719547653154862e-01
9.265575222128842325e-01
9.320449128030628971e-01
9.267503501845705260e-01
9.391556481947491708e-01
9.367458293425949822e-01
9.418052710553239670e-01
9.235534188012258783e-01
9.118587506749165073e-01
8.967406815898870676e-01
8.933408485894186457e-01
9.051104265632679002e-01
8.862944351692862988e-01
8.714454510783682384e-01
8.722552123098703536e-01
8.807520393925132307e-01
8.726229065960114939e-01
8.685377487174007483e-01
8.663777802860553878e-01
8.660382835929606449e-01
8.576735437836635612e-01
8.686651234093268892e-01
8.670754363916229890e-01
8.484904722672398369e-01
8.433797235630966505e-01
8.405966767177248666e-01
8.512500292077671560e-01
8.479915949733365377e-01
8.474104262531236831e-01
8.558671414830341106e-01
8.721575680621438398e-01
8.773155857010296321e-01
8.684591446222545974e-01
8.680197807775744678e-01
8.679949867419397558e-01
8.657742338729877973e-01
8.787829825480432122e-01
8.828075065155929213e-01
9.032583344799096636e-01
8.911174782286619411e-01
8.989432212749938200e-01
8.800268177996328767e-01
8.868475202863302931e-01
9.028049709181850124e-01
8.938467563040226604e-01
8.699478949719665621e-01
8.460375406868895221e-01
8.258170378126211686e-01
8.093067641768675324e-01
8.074808470718781717e-01
8.133226505749702184e-01
8.204818294249786037e-01
8.289786072787518334e-01
