2.250000000000000056e-01
0.000000000000000000e+00
0.000000000000000000e+00
0.000000000000000000e+00
0.000000000000000000e+00
0.000000000000000000e+00
0.000000000000000000e+00
0.000000000000000000e+00
0.000000000000000000e+00
0.000000000000000000e+00
0.000000000000000000e+00
0.000000000000000000e+00
0.000000000000000000e+00
0.000000000000000000e+00
0.000000000000000000e+00
0.000000000000000000e+00
0.000000000000000000e+00
0.000000000000000000e+00
0.000000000000000000e+00
0.000000000000000000e+00
0.000000000000000000e+00
0.000000000000000000e+00
0.000000000000000000e+00
0.000000000000000000e+00
0.000000000000000000e+00
1.168948261383669252e+00
1.180445203626682149e+00
1.190235283376357867e+00
1.190953313555782378e+00
1.202211525720861651e+00
1.194024391497443993e+00
1.044883951707471059e+00
1.045864248893660697e+00
9.910370672792866431e-01
1.017529771669911653e+00
1.005203799163402856e+00
9.916254704319662494e-01
9.845618550332875252e-01
1.012374804635080894e+00
9.897522804095015836e-01
1.001209747969565189e+00
1.004097837271928695e+00
9.807365017910740779e-01
9.410882680354192287e-01
9.320477184285608230e-01
9.772666646777000699e-01
9.833106268446608622e-01
9.442624514598239038e-01
1.016699092375302094e+00
1.062125647241654924e+00
1.076415259218759912e+00
1.086110178449301689e+00
1.095195155744438376e+00
1.163539268009447403e+00
1.191758068122579006e+00
1.186488089456224859e+00
1.200530404489198677e+00
1.210577408611442918e+00
1.225067207805222047e+00
1.222965724283787470e+00
1.227198704078320768e+00
1.226279599222221517e+00
1.202627968733687824e+00
1.217624461734516661e+00
1.197098402837887710e+00
1.194331890745991442e+00
1.180043621439335721e+00
1.159837112006722792e+00
1.172658945560926647e+00
1.157121623096148300e+00
1.167267429599309736e+00
1.203253169404739475e+00
1.193429575044178570e+00
1.216579731711988854e+00
1.241520097532496258e+00
1.254324648504606010e+00
1.254309141396123151e+00
1.241403273558150389e+00
1.226827096316685628e+00
1.210520605885925249e+00
1.197394506238199430e+00
1.189019688832674060e+00
1.178617162483980962e+00
1.188734564518057812e+00
1.185758582807539208e+00
1.189971063987792732e+00
1.187367466616287004e+00
1.217145134418938346e+00
1.221647298937857729e+00
1.233556784884489055e+00
1.223682186752911960e+00
1.226710139285940970e+00
1.221662805210469438e+00
1.249716979114933846e+00
1.246386912064953556e+00
1.247324346874087109e+00
1.243232899619757026e+00
1.247264349549496831e+00
1.245736887336317711e+00
1.249423194253076685e+00
