2.250000000000000056e-01
0.000000000000000000e+00
0.000000000000000000e+00
0.000000000000000000e+00
0.000000000000000000e+00
0.000000000000000000e+00
0.000000000000000000e+00
0.000000000000000000e+00
0.000000000000000000e+00
0.000000000000000000e+00
0.000000000000000000e+00
0.000000000000000000e+00
1.285542779053924667e+00
1.268056108209221877e+00
1.258055629231933592e+00
1.268696391976048332e+00
1.268961568148163632e+00
1.240788155090448486e+00
1.053721291863652265e+00
9.384951196347139923e-01
8.686463261325885199e-01
8.112954452072151934e-01
8.074941350618485281e-01
7.648226742135282308e-01
7.208434702128787563e-01
7.407867756587046548e-01
7.067263926039569766e-01
7.371085285790133224e-01
7.724124391522654287e-01
7.251055439682893011e-01
7.079246469542633813e-01
7.067705934319117311e-01
7.484202170735143600e-01
7.566082409924952401e-01
7.675997065923142459e-01
7.867208562386360793e-01
7.854391314985843531e-01
7.827430099065119107e-01
7.973017374328187357e-01
7.983451696714211065e-01
7.982471468977337947e-01
8.009232137379095340e-01
7.990796761735002862e-01
7.959381751623474388e-01
7.997942776919502172e-01
8.095046680723130272e-01
8.113696117281996578e-01
8.329518972192451187e-01
8.526894258862881548e-01
8.701061865717311106e-01
8.759210800225124549e-01
8.786204197590861131e-01
8.798707792577138420e-01
8.882572618951917187e-01
8.953550686558613414e-01
8.893559078688408892e-01
8.790704457545462924e-01
8.762439690845144069e-01
8.810557236487323030e-01
8.740438995181848414e-01
8.576718860816714418e-01
8.177576825437811170e-01
8.062032330811972347e-01
8.036075085517381256e-01
7.771172082784636448e-01
7.893007680688460814e-01
7.940303858989057328e-01
7.908034777762050771e-01
8.051285207209160077e-01
8.041716740577314892e-01
8.314497668356845006e-01
8.503065034831496227e-01
8.477299246880770633e-01
8.577079286545437053e-01
8.576303952705121025e-01
8.647558377743281843e-01
8.714744682331645453e-01
8.716772104272276778e-01
8.677670052469964590e-01
8.671858608937170754e-01
8.653036567430236747e-01
8.687555819586667560e-01
8.696839831023451817e-01
8.715986365145450554e-01
8.821859006475808451e-01
8.827494778864769520e-01
8.906719653632110267e-01
8.899068127437289588e-01
8.891176823195814372e-01
8.874894722968530436e-01
8.759492301967819472e-01
8.876017324962576227e-01
8.885420668113487297e-01
8.939425570618362293e-01
8.939815553783304614e-01
8.967998334663453974e-01
8.907512503732817333e-01
8.899358213378247839e-01
8.898272800224013013e-01
8.973525239317469149e-01
