2.250000000000000056e-01
0.000000000000000000e+00
0.000000000000000000e+00
0.000000000000000000e+00
0.000000000000000000e+00
0.000000000000000000e+00
1.537058192310399307e-01
2.960232658614742607e-01
2.850606128187098687e-01
3.268550692858916418e-01
3.092703094305266909e-01
4.577219062166841268e-01
4.807340044093972864e-01
5.232481989820162438e-01
6.539418011047546386e-01
6.510174223528466531e-01
6.282709368228051039e-01
6.786407209694591547e-01
6.619241578096648482e-01
6.478198527714098542e-01
6.731396485432774579e-01
6.909720698175900733e-01
7.400087403826874910e-01
7.238915451315620642e-01
7.314050347775785665e-01
7.578848338464563295e-01
7.422199528786883604e-01
7.417747320088388108e-01
7.565385764625409681e-01
7.667680084442908273e-01
7.634991522651953799e-01
7.585010372638928411e-01
7.641628664481033839e-01
7.648182315266641718e-01
7.532059804655916180e-01
7.510589266691151122e-01
7.496215985619741895e-01
7.468820190589724461e-01
7.423628492017503300e-01
7.399680323885439170e-01
7.377568037239977672e-01
7.371281081429396087e-01
7.368100358441270759e-01
7.382868340054644651e-01
7.338167690819558109e-01
7.299148128847784411e-01
7.311351388164020193e-01
7.267765503976622021e-01
7.225059469079724295e-01
7.278771696548245185e-01
7.345114337048515019e-01
7.325866304681794006e-01
7.371820687771781788e-01
7.457212949226861287e-01
7.513971663255143429e-01
7.494586649921406440e-01
7.506846812173095795e-01
7.549946861388795449e-01
7.535344682356307500e-01
7.499999558958059254e-01
7.436861404429511158e-01
7.364567832292654437e-01
7.329230751201735172e-01
7.313082319815443766e-01
7.238929823533797325e-01
7.198668000450632043e-01
7.198508787885073978e-01
7.196119910506967310e-01
7.184914626301487361e-01
7.225103690851930605e-01
7.296016454824748587e-01
7.300819179393895908e-01
7.292047544326342168e-01
7.335237036700396063e-01
7.334974764155050009e-01
7.268082311337888957e-01
7.245324184665588030e-01
7.253913964581865104e-01
7.240197652690780750e-01
7.210644637191888640e-01
7.211905271405767426e-01
7.261132899653814921e-01
7.302526941544970063e-01
7.347301972740047926e-01
7.384385697167161755e-01
7.440329847665630991e-01
7.461548910155484382e-01
7.497353770842347664e-01
7.507678818083429739e-01
7.545944282266141556e-01
7.567186463341913916e-01
7.589902770882498428e-01
7.610411159985813745e-01
7.627985110578714423e-01
7.600443432318402248e-01
7.598836691147157207e-01
7.629511740386741847e-01
7.602822677681562169e-01
7.569813350250371720e-01
7.544112986060216297e-01
