2.250000000000000056e-01
0.000000000000000000e+00
0.000000000000000000e+00
0.000000000000000000e+00
1.604290722713818784e+00
1.622451639895386100e+00
1.639111580177199823e+00
1.426157219966101897e+00
1.213376797638592741e+00
1.303033971860051210e+00
1.346601607981518844e+00
1.385780387148886517e+00
1.431197308929585965e+00
1.402543120622346873e+00
1.382816326637184456e+00
1.386194137490335487e+00
1.384936340692530576e+00
1.396842304257702727e+00
1.407388498737910387e+00
1.429878015415734005e+00
1.434142627799986247e+00
1.438194271859054130e+00
1.441925524812407877e+00
1.445266538603931616e+00
1.448185149631200597e+00
1.450681147265309834e+00
1.452777730930420397e+00
1.454512690390315388e+00
1.455930878924516669e+00
1.457078620685340997e+00
1.458000049539207810e+00
1.458735045547754350e+00
1.459318336105672742e+00
1.459779360784155822e+00
1.404460566137395672e+00
1.162148634260975921e+00
1.090587887170389569e+00
1.186114626076566259e+00
1.169022858753110183e+00
1.168652225380588661e+00
1.147995079410911945e+00
1.215372027044560044e+00
1.230498049776219904e+00
1.298167120985537437e+00
1.378627886584235407e+00
1.381956103522542723e+00
1.379668431113218574e+00
1.360801330754584537e+00
1.288089759753554109e+00
1.222303288798833876e+00
1.184518449499078585e+00
1.117428389873209360e+00
1.133291564934583828e+00
1.118211786562731236e+00
1.138003131914248733e+00
1.158884043353300974e+00
1.179456325041123854e+00
1.202701614334299673e+00
1.239067780350971759e+00
1.264747016734945051e+00
1.253612978441101422e+00
1.251140520533766010e+00
1.248271796801544209e+00
1.240943444057214906e+00
1.235945891227725912e+00
1.226038507372139374e+00
1.219684144856778341e+00
1.236444415439798883e+00
1.244853222612315680e+00
1.249809464970117467e+00
1.269943019673329454e+00
1.279649927165560142e+00
1.273449118427219195e+00
1.278395145885989681e+00
1.277541802644826419e+00
1.243222339870517557e+00
1.205671039283682910e+00
1.164779290957374647e+00
1.130984309812677946e+00
1.062595735781924899e+00
9.830556980590868799e-01
9.551032665449114001e-01
9.676678941750502805e-01
9.936349202135813519e-01
1.030209098099908793e+00
1.071323803947022757e+00
1.090320459949036591e+00
1.094746108120567385e+00
1.103596268086412424e+00
1.116190742415933412e+00
1.144866229850610484e+00
1.173066136987926944e+00
1.188450586255020980e+00
1.177431042880179968e+00
1.166229103181420035e+00
1.167057149278898587e+00
1.164599953089672679e+00
1.171751530608754699e+00
1.190181962858809728e+00
1.187201137896078507e+00
