2.250000000000000056e-01
0.000000000000000000e+00
0.000000000000000000e+00
9.181621590027819191e-02
9.126462797338742716e-02
9.126662128290857767e-02
1.343362665005246870e-01
1.417095924285738662e-01
1.477991090069388502e-01
6.194566886649116588e-01
6.388525623543225285e-01
7.710126161030768088e-01
9.184153163716888280e-01
9.821405432370955424e-01
9.580500772215283511e-01
9.366743792636288424e-01
1.017102118654262810e+00
1.039731939210484235e+00
1.004666615840026367e+00
1.011556285854801285e+00
1.067831313144803396e+00
1.083576218059527418e+00
1.086525313677029647e+00
1.094688586761206617e+00
1.063484686931042589e+00
1.079259648308026343e+00
1.051644230431962423e+00
1.050015861300052311e+00
1.002405170558215319e+00
9.836914909670000373e-01
9.505157038653976320e-01
9.337631543393447586e-01
9.312006040420510722e-01
9.118903982694264165e-01
9.023205085540930703e-01
8.981471084198406896e-01
8.950082383481441362e-01
9.139340818824086554e-01
9.105674110065296034e-01
9.362568577834036176e-01
9.468283359392619669e-01
9.449176675254928881e-01
9.418604120367353172e-01
9.409617946379064124e-01
9.397958681995531860e-01
9.440195780580892260e-01
9.646310117950781526e-01
9.749333663124013505e-01
9.542989968004745860e-01
9.398200025133581770e-01
9.267888144899119052e-01
9.013561957838679417e-01
8.897225468343441523e-01
9.057381775573778437e-01
9.295924763094138843e-01
9.708174059830818603e-01
9.928171925394756459e-01
9.937896546274682663e-01
1.024863088997558735e+00
1.031365082889077689e+00
1.020573458341836215e+00
1.008333738923721690e+00
9.973950252818719608e-01
9.617097029001913100e-01
9.366632578705340606e-01
9.885686773255918380e-01
1.003418615475832665e+00
1.007017747254762563e+00
1.003315527604524693e+00
1.004773909330406001e+00
9.869784369869387675e-01
9.732494869138191840e-01
9.621274098574494893e-01
9.499109693356853068e-01
9.469216577384835798e-01
9.422747924713887890e-01
9.582992055217119942e-01
9.495419201704624612e-01
9.470428241942344672e-01
9.529446259663471031e-01
9.645369111688042452e-01
9.608773901619536151e-01
9.555597124461201464e-01
9.513721855660099980e-01
9.345824167408914862e-01
9.062214861798821852e-01
9.050752288080725627e-01
9.034058041228977265e-01
9.069824633427310268e-01
9.071273669613360013e-01
9.019206288042355135e-01
9.000630207620073930e-01
9.036185649660014585e-01
8.968904103553795304e-01
8.918466067518155960e-01
8.965744866138253277e-01
9.167050688320281804e-01
9.227967832718665386e-01
9.235921317740861669e-01
9.170298194079211651e-01
