2.250000000000000056e-01
0.000000000000000000e+00
0.000000000000000000e+00
0.000000000000000000e+00
2.661117000762492912e-01
2.660566268850395599e-01
3.050704652209764722e-01
3.095211756473252307e-01
3.101068885163317246e-01
3.374686963051340971e-01
3.493487049476000084e-01
3.537222093730943984e-01
3.518739042455080179e-01
3.874614790300165423e-01
3.925367158707813720e-01
4.021598395700420325e-01
4.308341996593161860e-01
4.409745354274430817e-01
4.530585617660716213e-01
4.621395249874334921e-01
4.790879987435750498e-01
5.008683801825194459e-01
5.149465073276779936e-01
5.209199230959447036e-01
5.440410360662807365e-01
5.744636207665890781e-01
5.529372252692263956e-01
5.133050581954271552e-01
5.304719564112987396e-01
5.294674289019336566e-01
5.561726653896883477e-01
5.613735021405783510e-01
5.386422274122356635e-01
5.306067926637600962e-01
5.565927470203791971e-01
5.741341887277863210e-01
5.530772940525743309e-01
5.508926119246204678e-01
5.674487554109520770e-01
6.027583991756342296e-01
6.230813760133669943e-01
6.331735832637078731e-01
6.636628831323897471e-01
6.726630983871609848e-01
6.899306285621186197e-01
7.263825794667163605e-01
7.494991693746564376e-01
7.619445184804740645e-01
8.022318895307352093e-01
8.330253023277528479e-01
8.808235979197973631e-01
9.061984876985788029e-01
9.145472269812243704e-01
9.139610972936496047e-01
9.283839614192098688e-01
9.395787187466282386e-01
9.481575228387426613e-01
9.550263940938462648e-01
1.035025168750767000e+00
1.057384146017655846e+00
1.050093319871235886e+00
1.039622281007478888e+00
1.060422976780924564e+00
1.040295988488927126e+00
1.019528706029567688e+00
1.028945823268475390e+00
1.018895349807191542e+00
9.934657827722671586e-01
9.682083759966302328e-01
9.498580654009868285e-01
9.408182044734864080e-01
9.328401711930228712e-01
9.273483905275782258e-01
9.220743106574391668e-01
9.341174428942224939e-01
9.627277244461333039e-01
9.679683054809369303e-01
9.766980306301256132e-01
9.867999463932797255e-01
1.032502073429682365e+00
1.047623240864677729e+00
1.060932782057552037e+00
1.059071597428698608e+00
1.070791154006631052e+00
1.067325572572508596e+00
1.065289643478814385e+00
1.093046409654261808e+00
1.090746219979140230e+00
1.089806339812652958e+00
1.109440597219181868e+00
1.104358342266595461e+00
1.106339287402766214e+00
1.120634530646555937e+00
1.139780523007899227e+00
1.140137909134598004e+00
1.156907138107904798e+00
1.154827242780120944e+00
1.153909833081795622e+00
1.145806338680364078e+00
1.144213879954371516e+00
