2.250000000000000056e-01
0.000000000000000000e+00
0.000000000000000000e+00
0.000000000000000000e+00
0.000000000000000000e+00
0.000000000000000000e+00
0.000000000000000000e+00
0.000000000000000000e+00
0.000000000000000000e+00
0.000000000000000000e+00
0.000000000000000000e+00
0.000000000000000000e+00
1.631083974307736328e+00
1.599869288901667685e+00
1.428031807313630219e+00
1.337210080309102711e+00
1.076040156355890121e+00
9.907093596920645284e-01
8.941492372069808070e-01
8.247367125700834078e-01
7.941938801898349443e-01
7.630670367938272580e-01
7.142713602338151002e-01
7.655351137302953690e-01
8.239494168021834763e-01
8.689018532856496169e-01
9.385358918270240158e-01
9.941925171318770627e-01
1.023333629384591825e+00
1.052752795935652186e+00
1.067897237431460367e+00
1.087111104923075056e+00
1.107364862302810060e+00
1.115745507398638203e+00
1.131068859633741264e+00
1.135675386350762928e+00
1.145265630989063199e+00
1.167228426410117370e+00
1.172353714439526184e+00
1.193779553180686293e+00
1.196050555192877285e+00
1.219404565125184803e+00
1.323058910869551408e+00
1.350584532147427685e+00
1.412860429865533174e+00
1.419936375715753263e+00
1.423826114572111390e+00
1.425889975037099688e+00
1.428886173710332219e+00
1.433875535327051587e+00
1.429241818681694198e+00
1.387495900522738079e+00
1.327001179273263665e+00
1.237146556764514349e+00
1.135971463456810548e+00
1.032751899533811857e+00
8.781997017706558717e-01
7.804180848588376795e-01
7.309604311548558719e-01
7.181395157973443633e-01
7.423224166226283227e-01
8.041456544765474002e-01
8.611546706853620003e-01
8.859046840071387319e-01
9.417257601944470924e-01
9.918881318912488032e-01
1.051119908533634018e+00
1.072126394463595256e+00
1.148070457000253564e+00
1.171044658904482283e+00
1.154080234669005556e+00
1.130971558250403852e+00
1.113268416190809518e+00
1.132641366035540109e+00
1.116098293133056529e+00
1.063845215809388955e+00
1.060902744916814910e+00
1.057159535110315796e+00
1.031950658168377277e+00
1.028771848125220600e+00
1.032383723229295613e+00
1.024442373739363532e+00
1.029232006484444240e+00
1.062359344009900619e+00
1.099650286616138395e+00
1.102632593504967895e+00
1.116110455919120392e+00
1.131022828402528768e+00
1.136376777106169689e+00
1.137053989951487765e+00
1.140746032218323380e+00
1.181790448989377129e+00
1.202879545232405922e+00
1.239879892529184735e+00
1.282492284123686099e+00
1.312510843379278036e+00
1.318674734188244324e+00
1.320429120404055690e+00
1.349859129375841071e+00
1.411312534305377620e+00
