2.250000000000000056e-01
0.000000000000000000e+00
0.000000000000000000e+00
0.000000000000000000e+00
0.000000000000000000e+00
0.000000000000000000e+00
0.000000000000000000e+00
0.000000000000000000e+00
7.071679463450747383e-01
6.937026570742849119e-01
6.661444811321353132e-01
6.910953599463404151e-01
8.446741323182733741e-01
7.321556201226411265e-01
7.666304842495560434e-01
8.007604893215175546e-01
7.994706320902793539e-01
8.192847963708973502e-01
8.276480596585518157e-01
8.056896090171212776e-01
7.977331504969077391e-01
7.930047915298948924e-01
7.694117792197883166e-01
7.898256808058576883e-01
7.916932746883300620e-01
7.940728706110959934e-01
7.919846782570432175e-01
7.832382878268877580e-01
7.846162635352128545e-01
7.792848849331424077e-01
7.576077490575333639e-01
7.584579968517856097e-01
7.574444687799234410e-01
7.564257690876916573e-01
7.571365710862160148e-01
7.571696754501893167e-01
7.518077610048201631e-01
7.582304724942896534e-01
7.610136339305394459e-01
7.550045852925069134e-01
7.522181275763586417e-01
7.465879815569891331e-01
7.383130866724080255e-01
7.359449349361557591e-01
7.320451421997966612e-01
7.341141998989560991e-01
7.419118255642263016e-01
7.417300417457861617e-01
7.338101261082593529e-01
7.209559619396546104e-01
7.183277525240013839e-01
7.201249197139778513e-01
7.240764213917671999e-01
7.256027922751254744e-01
7.200513268352755070e-01
7.214488120202183774e-01
7.267263385852599233e-01
7.335039846934559016e-01
7.408982290908618928e-01
7.545514316544537081e-01
7.633852099087147236e-01
7.657205925884088549e-01
7.727122836854862786e-01
7.694863425102178578e-01
7.637827613070419241e-01
7.637174838730151905e-01
7.620328063801176111e-01
7.645859586761509785e-01
7.676199643702250608e-01
7.648146018118600065e-01
7.668439815525318615e-01
7.627928225164056775e-01
7.615234172164258020e-01
7.544615661056564004e-01
7.544220738061030440e-01
7.572276418917495144e-01
7.608630422899969048e-01
7.583217098107305487e-01
7.561453442481543830e-01
7.570045179342506092e-01
7.579579407386548562e-01
7.603180560822511147e-01
7.606148644523714752e-01
7.586289216865482743e-01
7.536944579438222824e-01
7.532939626191931248e-01
7.548052648120678887e-01
7.477134109523601024e-01
7.463854343961242588e-01
7.513293112727281731e-01
7.524946947019642840e-01
7.578669657273967575e-01
7.630503588430577189e-01
7.651006386138931026e-01
7.655934594766869994e-01
7.644806059082105421e-01
7.614675334902235582e-01
7.657126774961742210e-01
7.680499344703857201e-01
7.786099720392948287e-01
