2.250000000000000056e-01
0.000000000000000000e+00
0.000000000000000000e+00
0.000000000000000000e+00
0.000000000000000000e+00
1.654160911764279929e+00
1.627869685755362950e+00
1.544765415978604617e+00
1.363272617169105194e+00
1.356300699614001681e+00
1.320990286510356215e+00
1.260952880667853382e+00
1.235344041390442849e+00
1.270805136735752017e+00
1.270553178827032337e+00
1.280761788132339207e+00
1.279688768277464916e+00
1.268039936341537333e+00
1.277953931702683343e+00
1.279013897424616131e+00
1.274089527381625286e+00
1.293974752594164501e+00
1.319766945575099548e+00
1.340982437222234758e+00
1.327373592134942992e+00
1.321888477527535244e+00
1.324683816275291859e+00
1.320953975756312904e+00
1.313110935464038898e+00
1.303767135746572547e+00
1.279580901676537819e+00
1.272140117648411506e+00
1.280681533933812677e+00
1.271212095948669685e+00
1.260854314425611244e+00
1.256970636935239805e+00
1.260610826246994831e+00
1.250942944670687895e+00
1.243518285192856565e+00
1.247634160013746829e+00
1.254417367571208697e+00
1.260143163343901751e+00
1.299963186747547628e+00
1.312516924721545353e+00
1.298054369277159337e+00
1.302015920786266268e+00
1.299416943768643140e+00
1.303279261393279542e+00
1.308142918694340739e+00
1.300429890405076616e+00
1.286329321901652056e+00
1.280173815464174192e+00
1.278202865390531962e+00
1.280973464328623024e+00
1.275530880461557715e+00
1.263784946640195361e+00
1.260537462114891039e+00
1.261424203649469611e+00
1.260002619766245946e+00
1.255264076884687885e+00
1.254489104921391762e+00
1.260419800758024067e+00
1.271488678900676517e+00
1.267170053500596305e+00
1.262795184733043641e+00
1.260018730023996669e+00
1.256446692000973808e+00
1.260772496552079902e+00
1.266406877374678608e+00
1.283180531214943576e+00
1.287062178963466197e+00
1.284523557660114612e+00
1.282527310322337799e+00
1.276783111623297273e+00
1.272991211695152725e+00
1.271453029051367256e+00
1.273934263236605746e+00
1.274352587046165830e+00
1.272454682782650393e+00
1.268194584896627841e+00
1.256110549004351373e+00
1.247297566186639228e+00
1.239009252337335498e+00
1.233558892629247783e+00
1.242381591040435662e+00
1.251500694777300415e+00
1.270830569521701481e+00
1.274689014430430367e+00
1.277933816185647720e+00
1.285730000029300601e+00
1.293687271734052402e+00
1.300862224283875213e+00
1.306665062120654142e+00
1.304467830111844862e+00
1.294806712831950479e+00
1.299991135034000544e+00
1.308083196726266717e+00
1.302392991322549820e+00
1.299073276826079759e+00
1.292839186187726641e+00
