2.250000000000000056e-01
0.000000000000000000e+00
2.929400731549273718e-01
4.992039740700592310e-01
7.958068926864868553e-01
1.074941502517277936e+00
1.066430293137748508e+00
1.155637538937257069e+00
1.166185807159852539e+00
1.261543005196996692e+00
1.191072383759682829e+00
1.093688634449535346e+00
1.084084288912679161e+00
1.055325699749987134e+00
1.043464300720471805e+00
1.010441040053264183e+00
1.026018992296334531e+00
1.067345763780461532e+00
1.177492343802020391e+00
1.276099582576162295e+00
1.339636890899009281e+00
1.382175839304538023e+00
1.353216884663616115e+00
1.340858037695085381e+00
1.255682450530443361e+00
1.324939905755528446e+00
1.355253669517731296e+00
1.388441418499289925e+00
1.387788762013691279e+00
1.374368021815805863e+00
1.383174638215455499e+00
1.362377149166218437e+00
1.355279980194534550e+00
1.352718934298086761e+00
1.351128024016263529e+00
1.352303882973603821e+00
1.355138524483193940e+00
1.336187305319158414e+00
1.280964560802946739e+00
1.272468004563870991e+00
1.273722399710244479e+00
1.261080591071565449e+00
1.257483228010400023e+00
1.277882419803648473e+00
1.267951755868264696e+00
1.251983878932298788e+00
1.207167292276095205e+00
1.228785353404216574e+00
1.234633157427613037e+00
1.214078972839850890e+00
1.207130360348285025e+00
1.228318059433314291e+00
1.225113045989105975e+00
1.244113875302939043e+00
1.257452959411593074e+00
1.254224760256394733e+00
1.288818531827090830e+00
1.328568581525421344e+00
1.348687726484511851e+00
1.383274304989434489e+00
1.444066889813652832e+00
1.459981298625255830e+00
1.463339317407637008e+00
1.453768951433516143e+00
1.466400578658006992e+00
1.447538936349806127e+00
1.462668982319601740e+00
1.446784396362823077e+00
1.409926236209646300e+00
1.390756977287305629e+00
1.386189885888417628e+00
1.386354601963166067e+00
1.394347451906305047e+00
1.396797177878451368e+00
1.409475295908243275e+00
1.430292502952738465e+00
1.442517228882588265e+00
1.440693036483767120e+00
1.429584041013414852e+00
1.492217003480602600e+00
1.455947528225380871e+00
1.340465342156111683e+00
1.336712784904792173e+00
1.315651715252915688e+00
1.332578179078382608e+00
1.299370073914165813e+00
1.241981882929084291e+00
1.267717688661568864e+00
1.275963446638398890e+00
1.267056220959376756e+00
1.225094517351174916e+00
1.179255380186856605e+00
1.168559481058529581e+00
1.186633061236888276e+00
1.229738938993833797e+00
1.192458062977592048e+00
1.208686811832339059e+00
1.218379003113787773e+00
1.227711346529104519e+00
1.254823557656325139e+00
