2.250000000000000056e-01
0.000000000000000000e+00
0.000000000000000000e+00
0.000000000000000000e+00
0.000000000000000000e+00
0.000000000000000000e+00
0.000000000000000000e+00
0.000000000000000000e+00
0.000000000000000000e+00
0.000000000000000000e+00
0.000000000000000000e+00
0.000000000000000000e+00
0.000000000000000000e+00
0.000000000000000000e+00
0.000000000000000000e+00
0.000000000000000000e+00
0.000000000000000000e+00
0.000000000000000000e+00
0.000000000000000000e+00
0.000000000000000000e+00
0.000000000000000000e+00
0.000000000000000000e+00
0.000000000000000000e+00
0.000000000000000000e+00
0.000000000000000000e+00
0.000000000000000000e+00
0.000000000000000000e+00
0.000000000000000000e+00
0.000000000000000000e+00
0.000000000000000000e+00
0.000000000000000000e+00
7.502534629727759807e-02
9.379632651748674721e-02
1.101921996757787708e-01
1.204652015492324729e-01
1.512724369833479132e-01
1.700050854297126823e-01
1.634773612643420915e-01
1.763847356949762579e-01
1.990128533186511506e-01
2.001515346680982355e-01
1.983662345820887130e-01
2.168820595791600137e-01
2.427119505662298504e-01
2.532455984533783511e-01
2.480769157318511442e-01
2.525849171412818395e-01
2.718961885895196939e-01
2.742654015837721615e-01
2.817453927533236646e-01
2.912007753785209596e-01
3.063083269506258755e-01
3.225997438463396594e-01
3.326342564222773412e-01
3.305653034852558680e-01
3.339304473795212114e-01
3.459958058543068371e-01
3.645636705818854351e-01
3.636296578182668937e-01
3.744337134888864327e-01
4.160500649715905830e-01
4.715234585838747883e-01
4.931562966266439529e-01
5.202120441140396512e-01
5.460307555231435073e-01
5.745028278076548256e-01
5.933693880357449046e-01
5.903671078540303485e-01
5.779100598450380710e-01
6.035633522787738903e-01
6.292430057257055731e-01
6.301531226837648880e-01
6.544060336056979343e-01
6.644850875651232558e-01
6.779001340808807896e-01
6.828061257163673403e-01
6.746998130842867258e-01
6.613194515484539515e-01
6.392177231052618147e-01
6.328783919721697737e-01
6.258674024886160536e-01
6.208784987780668896e-01
6.059632977111349961e-01
6.044909653062252586e-01
6.112802742459366723e-01
6.057821021834952635e-01
6.027138125139996916e-01
6.170556247453997667e-01
6.173515614481134284e-01
6.204814548367658666e-01
6.353003886579423609e-01
6.455528026325271229e-01
6.582021123348504865e-01
6.696064794008810273e-01
6.835995481800333229e-01
6.849413173880853911e-01
6.955716504721560778e-01
6.923569931395061605e-01
6.924230416199799176e-01
6.924762590862073575e-01
