2.250000000000000056e-01
0.000000000000000000e+00
0.000000000000000000e+00
0.000000000000000000e+00
0.000000000000000000e+00
0.000000000000000000e+00
0.000000000000000000e+00
0.000000000000000000e+00
0.000000000000000000e+00
0.000000000000000000e+00
0.000000000000000000e+00
1.904274779646824567e-01
1.893675380782555429e-01
1.469171183552568927e-01
1.533025947577088266e-01
1.839402311092069309e-01
1.786886445704771731e-01
1.830185462546773389e-01
2.105842389286677330e-01
2.191858083739824659e-01
2.320223012984698185e-01
2.476326568698950237e-01
2.608807493423314083e-01
2.727668936996475169e-01
2.825462160182666826e-01
2.973489511060025126e-01
3.102556318657254120e-01
3.265330942203270026e-01
3.435965858721495292e-01
3.565576538758478686e-01
3.704510519561690640e-01
3.849523933612978288e-01
3.979658473788776352e-01
4.154567109647044343e-01
4.340604443993482664e-01
4.371874152967700211e-01
4.543865003622527543e-01
4.709206137274426496e-01
4.952136237464455637e-01
5.023817767009428614e-01
4.974410849857832106e-01
5.078334581345456122e-01
5.098102416486065547e-01
5.186446278918315222e-01
5.309524766995074030e-01
5.476481063614202505e-01
5.521170398396852974e-01
5.581479527730870416e-01
5.538452628033627700e-01
5.615100989352429517e-01
5.782966129758463358e-01
5.746253232741471706e-01
7.289618021344409504e-01
9.532888795165951334e-01
9.831882532202091962e-01
1.157053124855620618e+00
1.178058941360168310e+00
1.166724136077236018e+00
1.231476821995457716e+00
1.199201308055747317e+00
1.237572334798367812e+00
1.291528205321855749e+00
1.292599347990894820e+00
1.277903274890473950e+00
1.254590004176242335e+00
1.229337766563666445e+00
1.259365807050696118e+00
1.247239318064142566e+00
1.270422266251320487e+00
1.252941027857312539e+00
1.242587712450528681e+00
1.217165303724489833e+00
1.200150151012232547e+00
1.207504703975637028e+00
1.245065599292633607e+00
1.273905619443556958e+00
1.273494086779000334e+00
1.280462259338894793e+00
1.288138501536632008e+00
1.310249789895064687e+00
1.332409156388949745e+00
1.348172411114257452e+00
1.348934883990682509e+00
1.338548514874722262e+00
1.332655365746334919e+00
1.330234580536370448e+00
1.334739485502216327e+00
1.328548047637339025e+00
1.313068426869523853e+00
1.299993556677856654e+00
1.293216019043963660e+00
1.274199581832034189e+00
1.253584656018997379e+00
1.244263315690492755e+00
1.261244196732470790e+00
1.265090326098135431e+00
1.263584181731772338e+00
1.260806611097252006e+00
1.256982238724849266e+00
1.240723117192394476e+00
