2.250000000000000056e-01
0.000000000000000000e+00
1.099530084302339089e-01
1.286100180902499113e-01
1.437814015483683261e-01
1.604200681966246322e-01
1.817948969511561375e-01
1.963603532697160980e-01
2.201665158795365895e-01
2.357837343804136121e-01
2.535620370992712203e-01
2.548100482947477374e-01
2.675865829994890088e-01
2.792411049452588889e-01
2.886783026598733759e-01
2.991641062942562157e-01
3.026088482834104476e-01
3.066148394572340008e-01
3.245623040620541078e-01
3.542229072708610316e-01
3.790623264476198906e-01
5.681420540712961431e-01
6.246731025290800376e-01
6.628254888579377946e-01
6.925986384676398044e-01
7.222567699916508932e-01
7.392986354417111494e-01
7.444765878543251336e-01
7.462282601673505544e-01
7.494198494530717181e-01
7.498340601880884027e-01
7.546910350017179692e-01
7.552018900018191427e-01
7.585275161404174682e-01
7.579153628089895234e-01
7.561980414846222187e-01
7.578203356137569457e-01
7.803706210273481103e-01
7.746509798028421434e-01
7.828022746540264087e-01
7.844219749481853299e-01
7.918963847928722766e-01
7.917960016144938162e-01
7.886497912453825920e-01
7.845433809253430368e-01
7.773535334392084328e-01
7.705301722391718622e-01
7.781071236425380899e-01
7.897242403337085825e-01
7.889810788073088332e-01
7.897064703431490029e-01
8.000419550870330188e-01
8.050840911895043028e-01
8.066292182905553387e-01
8.075354565634418336e-01
8.093410503874626238e-01
8.091816621715640645e-01
8.082715095991035437e-01
8.113547219017291923e-01
8.099951903531158459e-01
7.893681559935289416e-01
7.694524059685777795e-01
7.357669817371084164e-01
7.043501560584667365e-01
6.716830898847188092e-01
6.453530947186836286e-01
6.084964127683560875e-01
5.921061776620447636e-01
5.976972783265082079e-01
6.989091257674771018e-01
7.150868502657967696e-01
7.710123390753190753e-01
7.979932851411489780e-01
8.016929800175994769e-01
7.975286212286086807e-01
7.608180659544058200e-01
7.173053087355799606e-01
6.976390744384116660e-01
6.822599187531119824e-01
6.881378388805385882e-01
6.871792022113345499e-01
6.791534668441104872e-01
6.687535590920786754e-01
6.652581987276512399e-01
6.230469644578424671e-01
5.925242324448533049e-01
5.755107894734042828e-01
5.535589422659406011e-01
5.615265556649432499e-01
5.687048240702761159e-01
5.453694294961428657e-01
5.357275096497671196e-01
5.489532057841579604e-01
5.551070101076226448e-01
5.602124694622739876e-01
5.707711768938574792e-01
5.841902200316010374e-01
6.048213583525172687e-01
6.457911520761967505e-01
6.625257392890795405e-01
