2.250000000000000056e-01
5.943794805273826254e-02
8.577587582074369665e-02
9.750225264830250649e-02
1.089910667327224358e-01
1.273442792569726145e-01
1.428309216580902763e-01
1.558643363215505839e-01
1.628690099754408760e-01
1.857094860604848463e-01
2.016971309015172242e-01
2.211436613681853347e-01
2.315073990037154195e-01
2.430618496146915997e-01
2.589862656071158509e-01
2.770579352081392610e-01
2.997207110245279083e-01
3.090671276401047995e-01
3.160142393598834865e-01
3.316916329206622271e-01
3.442439416157497822e-01
3.674352207947841897e-01
3.798492560053908229e-01
4.015500865681729814e-01
4.468842506473646448e-01
4.743690273163723714e-01
4.861680518384775551e-01
5.123987593049594835e-01
5.147979838713659939e-01
5.048939379981658426e-01
5.201320915031228953e-01
5.393783840126042950e-01
5.875267959415864105e-01
6.160003992176985577e-01
6.361392453729005636e-01
6.389797806774919486e-01
6.479201782073812366e-01
6.572948519160264347e-01
6.645383682780368062e-01
6.765366853402281500e-01
6.907295713526261371e-01
6.929318007733303864e-01
6.956420647547024716e-01
7.038680923549807122e-01
6.966465280063198762e-01
7.047074611983670245e-01
7.124539955787778656e-01
7.083226672384369538e-01
7.023262772859056868e-01
6.995841597368512854e-01
6.858722981245787276e-01
6.826454426039740842e-01
6.766618844334210126e-01
6.749899524012029639e-01
6.798296153621813387e-01
6.837269369211672609e-01
6.813968259818774520e-01
6.772976215739967554e-01
6.658884690410463714e-01
6.590847587425793241e-01
6.719018979186932583e-01
6.888780659882636215e-01
6.915995110904988863e-01
7.045462854110807749e-01
7.125285353144815703e-01
7.105320153409986350e-01
7.137246805923015414e-01
7.210656133055843853e-01
7.243175185305749109e-01
7.318823359164726705e-01
7.407217877394673966e-01
7.501246763255304817e-01
7.609322838870329342e-01
7.702693203069157502e-01
7.689806160296628335e-01
7.775170374687714325e-01
7.717114820185004831e-01
7.795286943245228750e-01
7.908365563613444227e-01
8.085833566767860470e-01
8.168928882818420334e-01
8.236052954673842574e-01
8.283808991869574534e-01
8.345458657823988657e-01
8.305806483766058346e-01
8.320633102446839402e-01
8.332843908546900824e-01
8.320677105449361122e-01
8.385073949024441919e-01
8.395634965031012475e-01
8.428442532443425339e-01
8.477768675229919726e-01
8.526385136546625887e-01
8.587122694500899378e-01
8.615412840577020281e-01
8.705326937311147484e-01
8.830780012101112630e-01
8.924502874862146884e-01
8.995426743025271010e-01
8.997745146309771291e-01
