2.250000000000000056e-01
0.000000000000000000e+00
0.000000000000000000e+00
0.000000000000000000e+00
0.000000000000000000e+00
0.000000000000000000e+00
1.451031408998569638e+00
1.447072983082576592e+00
1.484723243887301480e+00
1.450648410176931913e+00
1.315842438026023409e+00
1.285678501626248860e+00
1.296374017241165300e+00
1.256372502263525259e+00
1.262632416404885660e+00
1.240768816741943725e+00
1.245211909391357175e+00
1.198799657214657310e+00
1.163939176846668921e+00
1.158667347818777227e+00
1.149843407140330509e+00
1.132622092340050513e+00
1.087893559064059046e+00
1.072368496896669354e+00
1.052199871437550005e+00
1.005352700009233047e+00
1.023959926991014457e+00
1.020636555275139301e+00
1.043968759017965153e+00
1.029025240402363206e+00
1.026289272349298454e+00
1.018873007481992943e+00
1.018358058675390199e+00
1.021201605726652639e+00
1.073150654756810374e+00
1.102606956252213166e+00
1.098397181375892373e+00
1.111584184782199003e+00
1.098328014494845517e+00
1.095196186474246325e+00
1.094693613582429448e+00
1.081611172937536169e+00
1.077629215932067064e+00
1.069801368096497063e+00
1.060863964511034485e+00
1.040711474580577889e+00
1.021895428389071547e+00
1.001538805753467765e+00
9.934913992004757999e-01
9.932526399571779407e-01
9.921097164973076143e-01
9.795680542757519982e-01
9.573034178052896026e-01
9.384255044884416419e-01
9.258422090841904595e-01
9.103101608659179833e-01
8.975452337502466404e-01
9.079659211624163673e-01
9.284481639175622414e-01
9.456763935227303630e-01
9.596601241270452665e-01
9.821000351119791860e-01
1.027831672079098313e+00
1.048346970386205168e+00
1.073778897192442239e+00
1.085479203963688910e+00
1.097449464885551285e+00
1.103114968169614185e+00
1.108878896876066333e+00
1.115464704301047272e+00
1.102013200720218800e+00
1.093408278173716663e+00
1.081868681065198956e+00
1.071789270898930724e+00
1.057168195963007928e+00
1.041331310948838018e+00
1.044223820777992584e+00
1.027511247879936640e+00
1.018317536087430586e+00
1.000671800185247484e+00
9.902335878155671400e-01
9.834307944814112412e-01
9.714979726163821550e-01
9.619883784097892354e-01
9.483779751032693772e-01
9.487980128047293071e-01
9.616170659466359849e-01
9.637666871335162089e-01
9.695870635921705061e-01
9.737417852859903133e-01
9.834180265307873592e-01
9.883997073500938590e-01
1.002290180851284296e+00
1.013771446507517160e+00
1.027657049179947713e+00
1.035097418598500907e+00
1.052345763029927106e+00
1.054355268478093022e+00
1.058657042860849939e+00
1.060265181835978066e+00
