2.250000000000000056e-01
0.000000000000000000e+00
0.000000000000000000e+00
7.534436666601178334e-02
7.534712025798638579e-02
1.329748152586266163e-01
1.086543717272628051e-01
8.822856493633413066e-02
8.327018387349878481e-02
1.136579975676853538e-01
1.216228407360645386e-01
1.320059612109790725e-01
1.473471443817800652e-01
1.719660379793301053e-01
1.908396333099982856e-01
2.247535531701674860e-01
2.637998806242898286e-01
2.777286339376529023e-01
2.917207545796041690e-01
3.246910927066176678e-01
3.419266171325147652e-01
3.667113415530608433e-01
3.838274305638501582e-01
4.169412294491384174e-01
4.144222176842279892e-01
4.260857017477651665e-01
4.197362815036168038e-01
4.224236098503920678e-01
3.713845346213756615e-01
3.912967225857099107e-01
3.837469135290006994e-01
4.004849996815011970e-01
4.193007206499053119e-01
4.361887603134847469e-01
4.730222199724747334e-01
5.090590263209128219e-01
5.695570773402367504e-01
6.390829924513304894e-01
7.259106849290993813e-01
8.069291340209645558e-01
8.391330086651489495e-01
8.467083146392511139e-01
8.634296825389478069e-01
8.986782801898896000e-01
9.008437604795982434e-01
9.166355652756114081e-01
9.082566221516729099e-01
9.170146919463916246e-01
9.397946118916432612e-01
9.274030309465705058e-01
9.130467412407338168e-01
9.406827933792901719e-01
9.361476275434649219e-01
9.328204385158453960e-01
9.236425809987104385e-01
9.251492162984651380e-01
9.332540051008625381e-01
9.423510129295541438e-01
9.564537593000684845e-01
1.010432109704605175e+00
1.044353198335349786e+00
1.065018321376171251e+00
1.072968193129422598e+00
1.084434347099904050e+00
1.074637744128481787e+00
1.061625157426494992e+00
1.016099779577193551e+00
9.976377055201145483e-01
9.889957222598028119e-01
9.904088744275597600e-01
9.814492257440255996e-01
9.933887425339988919e-01
9.977794943904544356e-01
1.000383400434295078e+00
1.011876185018894203e+00
1.008474877091244837e+00
1.018530215618591139e+00
1.024894289603785591e+00
1.018622169788286458e+00
1.021683854710553119e+00
1.021587546818133685e+00
1.020433051613015341e+00
1.008485095992327496e+00
9.958331708101006985e-01
9.921136639962160331e-01
9.740514324221051234e-01
9.658508202376904217e-01
9.462892404031478799e-01
9.440352115922474585e-01
9.372740429196507739e-01
9.291188641919932989e-01
9.261607097124947563e-01
9.499674871026467793e-01
9.954086225611492589e-01
1.018798160675389308e+00
1.052006426993583599e+00
1.081302994466751377e+00
1.114065992590662413e+00
1.151718052805295267e+00
1.153337816146146499e+00
