2.250000000000000056e-01
0.000000000000000000e+00
0.000000000000000000e+00
0.000000000000000000e+00
0.000000000000000000e+00
0.000000000000000000e+00
0.000000000000000000e+00
0.000000000000000000e+00
0.000000000000000000e+00
0.000000000000000000e+00
0.000000000000000000e+00
0.000000000000000000e+00
0.000000000000000000e+00
0.000000000000000000e+00
0.000000000000000000e+00
0.000000000000000000e+00
0.000000000000000000e+00
0.000000000000000000e+00
0.000000000000000000e+00
0.000000000000000000e+00
0.000000000000000000e+00
0.000000000000000000e+00
0.000000000000000000e+00
0.000000000000000000e+00
0.000000000000000000e+00
0.000000000000000000e+00
0.000000000000000000e+00
0.000000000000000000e+00
0.000000000000000000e+00
0.000000000000000000e+00
0.000000000000000000e+00
0.000000000000000000e+00
0.000000000000000000e+00
0.000000000000000000e+00
0.000000000000000000e+00
0.000000000000000000e+00
0.000000000000000000e+00
0.000000000000000000e+00
0.000000000000000000e+00
0.000000000000000000e+00
0.000000000000000000e+00
0.000000000000000000e+00
0.000000000000000000e+00
0.000000000000000000e+00
0.000000000000000000e+00
0.000000000000000000e+00
0.000000000000000000e+00
0.000000000000000000e+00
0.000000000000000000e+00
0.000000000000000000e+00
0.000000000000000000e+00
0.000000000000000000e+00
0.000000000000000000e+00
0.000000000000000000e+00
0.000000000000000000e+00
0.000000000000000000e+00
0.000000000000000000e+00
0.000000000000000000e+00
0.000000000000000000e+00
0.000000000000000000e+00
0.000000000000000000e+00
7.456302213920891486e-02
1.010958452451604511e-01
1.196242033336356314e-01
1.206368895018719717e-01
1.292308858885231337e-01
1.484495757002401439e-01
1.528652126836620162e-01
1.642192058773682684e-01
1.854563632465461021e-01
1.878883638629181563e-01
2.129425181906826614e-01
2.302541346197219674e-01
1.996006723131349969e-01
1.915168825885534554e-01
1.933213579679244065e-01
2.208471370079181650e-01
2.215891598585977840e-01
2.397492327937408296e-01
2.421007174929053207e-01
2.559678004965288411e-01
2.550419226129003181e-01
2.829276724053264580e-01
2.946341451862713456e-01
2.994193585272719726e-01
2.970929927550041150e-01
3.076119178854093694e-01
3.059297284005040307e-01
3.247914749658507017e-01
3.377924846718605156e-01
3.549503478084403141e-01
3.667626936622412903e-01
3.797336715825118114e-01
3.960989964672564922e-01
3.849047111465869198e-01
3.755629669330108333e-01
3.933672993648307248e-01
4.139168532364052577e-01
4.138240690332713467e-01
3.799474704702957562e-01
