2.250000000000000056e-01
0.000000000000000000e+00
0.000000000000000000e+00
9.453056675759972105e-01
9.947557371747847155e-01
9.469850831386773526e-01
9.588426720461893371e-01
8.739714380403086347e-01
8.226113421075941234e-01
7.292807841786033141e-01
7.179734572505234169e-01
7.337251816026632012e-01
7.544135432635006300e-01
7.587966636853255009e-01
7.516457915892643671e-01
7.468964296302329497e-01
7.395440812923240737e-01
7.325661393494100615e-01
7.316516344785402026e-01
7.292539509049105195e-01
7.268420991181557822e-01
7.182819277102170386e-01
7.214229417635222852e-01
7.291645972300115908e-01
7.326575048575113547e-01
7.341641097190664267e-01
7.344266570896579305e-01
7.314891943515408057e-01
7.334617039789713688e-01
7.359943837980392756e-01
7.394783565053988372e-01
7.374267074351056328e-01
7.390078695858037783e-01
7.387163547852926282e-01
7.397803910445014397e-01
7.397826446961109914e-01
7.441813798347572950e-01
7.463905216461804715e-01
7.432189146859062845e-01
7.494967138417629737e-01
7.512163228676536075e-01
7.494419764908941684e-01
7.514998634772843689e-01
7.504349696274418280e-01
7.484876093746294368e-01
7.483014933884087894e-01
7.473540467005912458e-01
7.463627323983498263e-01
7.453023238758319513e-01
7.472810302959601580e-01
7.464230721098704668e-01
7.473138550915027212e-01
7.458890168819858335e-01
7.481064398587540243e-01
7.488790791179509299e-01
7.495162209556109900e-01
7.519725983892482368e-01
7.587320613981618500e-01
7.638254493504322840e-01
7.616212914208521090e-01
7.594487453251177467e-01
7.596688946697166545e-01
7.616618184311958473e-01
7.601594067255056375e-01
7.596407587163681585e-01
7.587817975810563498e-01
7.566673498410860788e-01
7.566783700491288567e-01
7.584591475804429717e-01
7.599985058808257365e-01
7.586540373564317763e-01
7.593203812451381207e-01
7.572485242398451222e-01
7.586114900582079379e-01
7.613739803898103009e-01
7.630746653241511357e-01
7.643454645540493919e-01
7.667788518260852948e-01
7.646437857179761988e-01
7.605969434075652291e-01
7.599781195805676015e-01
7.590561743509309789e-01
7.592487262833724770e-01
7.578535717020935536e-01
7.553669735487829051e-01
7.576946938347842719e-01
7.604893487320553147e-01
7.594885218201410382e-01
7.607833944366539924e-01
7.621412366089198587e-01
7.646373516632899436e-01
7.644884018282052107e-01
7.658308182192152813e-01
7.666468776828383458e-01
7.663024111193705856e-01
7.650560774991757018e-01
7.635494312882310508e-01
7.653043562508803355e-01
7.630221539151808008e-01
7.591006154869835987e-01
