2.250000000000000056e-01
0.000000000000000000e+00
0.000000000000000000e+00
0.000000000000000000e+00
0.000000000000000000e+00
0.000000000000000000e+00
0.000000000000000000e+00
0.000000000000000000e+00
0.000000000000000000e+00
1.527007434616686199e+00
1.633100680282497885e+00
1.651612344567987112e+00
1.603475612791794402e+00
1.611709297061045376e+00
1.597710573618700725e+00
1.560984428970006554e+00
1.565328008008520788e+00
1.563155743271918086e+00
1.543315314147003292e+00
1.454471301410644068e+00
1.521693210304431831e+00
1.499173625692832745e+00
1.444777868111486896e+00
1.529995605308346773e+00
1.450287225949928427e+00
1.454435459716493684e+00
1.530239184918072093e+00
1.473680724553645849e+00
1.439710303242317524e+00
1.292868877330402455e+00
1.344912485491632337e+00
1.379641948850604427e+00
1.364824480246352056e+00
1.370038758248123711e+00
1.335056457689613119e+00
1.402196913606481354e+00
1.474663511577503305e+00
1.531081314019504758e+00
1.545244368947855218e+00
1.557788823613963425e+00
1.600540670201703763e+00
1.645278145678328530e+00
1.630012315297917569e+00
1.591671088762276698e+00
1.561156295254815696e+00
1.506671149661845899e+00
1.461566718178369806e+00
1.487546569868155144e+00
1.488214452299905899e+00
1.508579538583839197e+00
1.515150137689645904e+00
1.540015936071978286e+00
1.561734168526747846e+00
1.564662635933711021e+00
1.598460915115902381e+00
1.589163935167763553e+00
1.587148631955078049e+00
1.600077616140639591e+00
1.551438131656396324e+00
1.521458940245339342e+00
1.501577112157757909e+00
1.472324537342370787e+00
1.466120277469155964e+00
1.454281017636009921e+00
1.478798009081565334e+00
1.491746240960666992e+00
1.529456013062005404e+00
1.533372965777349384e+00
1.557138383293559691e+00
1.520191668849375954e+00
1.537836476207706804e+00
1.535926172177390692e+00
1.528897253229151154e+00
1.510314141431631452e+00
1.512295456671344906e+00
1.510208405559796185e+00
1.512452246949081536e+00
1.521499558234770788e+00
1.527980419609524798e+00
1.532632926381192862e+00
1.525988447452452990e+00
1.523079666408123201e+00
1.535206717789598718e+00
1.538951138374495153e+00
1.533213377896314400e+00
1.545351010563740024e+00
1.540735636830568911e+00
1.543105148941627425e+00
1.534102199440895431e+00
1.549791410985040363e+00
1.558588336122168405e+00
1.572465121071771277e+00
1.580183184504972971e+00
1.592223183291928468e+00
1.584415740219048185e+00
1.589952023517523516e+00
1.572867930642994683e+00
1.539600685760549759e+00
1.540666529214606006e+00
1.521437867401808308e+00
