2.250000000000000056e-01
0.000000000000000000e+00
9.537024754086604883e-01
9.105316212124368036e-01
8.737523982844386250e-01
8.532192975461093676e-01
8.364045541125696426e-01
8.116961400934381565e-01
7.902782800906954508e-01
7.696885776242594623e-01
7.523964205449567011e-01
7.172554891917638509e-01
6.744446360050072586e-01
6.474366007434938508e-01
6.498207625988682290e-01
6.533271379170467741e-01
6.484940524663104222e-01
6.356595812544474366e-01
6.241131317056604066e-01
6.066306242817609551e-01
5.838835456048431238e-01
5.758682072374793348e-01
5.627563244118554131e-01
5.470513199985027608e-01
5.317661013348046195e-01
5.245155801275133145e-01
5.180440975815563398e-01
5.123774047886142657e-01
5.075032847395927194e-01
5.033784807085606161e-01
4.865801347542979549e-01
4.893678063637031395e-01
5.501822994948152301e-01
5.824609527351214400e-01
6.358139811661212004e-01
6.459714765734874131e-01
5.956859413865728259e-01
5.797100522520151067e-01
5.835935624424906099e-01
5.631490686701947634e-01
5.745227422526828498e-01
6.193005727155453943e-01
6.292339117916222468e-01
6.429031381883578700e-01
6.354264717429108922e-01
6.019458386927403204e-01
5.810609312750737443e-01
5.731131984975420535e-01
5.656216841272299067e-01
5.559873575181749628e-01
5.591381403355655255e-01
5.525418531309105319e-01
5.697339116690176564e-01
5.839362455114023298e-01
6.062802225451598970e-01
6.290897717734135197e-01
6.523204547733388869e-01
6.503577189957332472e-01
6.822236106911906406e-01
7.122210750645385779e-01
7.250568697329522472e-01
7.610480594868224147e-01
7.843612044347838541e-01
7.955494142603434238e-01
8.110496478705923051e-01
8.109607788678840912e-01
8.062851977340081966e-01
8.003256006792249799e-01
8.154577735266601568e-01
8.129645949228907487e-01
8.122002185989691814e-01
8.264847095305563052e-01
8.341274525316961785e-01
8.364824125142844569e-01
8.332845163926059229e-01
8.341106373668075724e-01
8.373920928967293342e-01
8.369443587300416931e-01
8.324683892916412420e-01
8.482251610890613192e-01
8.623241946838184901e-01
8.723284163279197978e-01
8.822323805346539149e-01
8.801627541240079067e-01
8.805154286256462459e-01
8.779785560907007458e-01
8.695964689242926537e-01
8.514915318365963159e-01
8.481879915846889384e-01
8.400921995357328864e-01
8.368371934929670353e-01
8.346946319675480064e-01
8.440749286819875241e-01
8.495249403299538482e-01
8.452053093621397784e-01
8.540675560692918555e-01
8.623814490002305044e-01
8.671784268631405057e-01
8.701451476884048963e-01
8.768442297622046633e-01
