2.250000000000000056e-01
0.000000000000000000e+00
0.000000000000000000e+00
0.000000000000000000e+00
0.000000000000000000e+00
0.000000000000000000e+00
0.000000000000000000e+00
1.416653156117113177e+00
1.561235513235258665e+00
1.488759407921306677e+00
1.483544900562423496e+00
1.556045524944838609e+00
1.354360656880752467e+00
1.050602274347303133e+00
1.062082060308214393e+00
1.139271000746529205e+00
1.208270861651393524e+00
1.227620753792560748e+00
1.238482943388534707e+00
1.226963499141597413e+00
1.222234110377250493e+00
1.197604634549185976e+00
1.170708902248278171e+00
1.136130847651058984e+00
1.142586035400150690e+00
1.184943849162886087e+00
1.197160527207386860e+00
1.210603219412685672e+00
1.230093484647224900e+00
1.218982094509352798e+00
1.205478129913969854e+00
1.147327233651372902e+00
1.129240762270338205e+00
1.124737381452569407e+00
1.119645892470855664e+00
1.133904747429286486e+00
1.158670525896912773e+00
1.149908921064131784e+00
1.159948498868250910e+00
1.165866205594503713e+00
1.169034315621241493e+00
1.176308462034501234e+00
1.196959596286758076e+00
1.204289212682521093e+00
1.211934873626432152e+00
1.216321955830854895e+00
1.205858646058362016e+00
1.204795664884516837e+00
1.198311129033575950e+00
1.194209380955724376e+00
1.188588748098879933e+00
1.189020497748507710e+00
1.189448035853532426e+00
1.191185951402154108e+00
1.192619934306395457e+00
1.192175558521446410e+00
1.178288311660194987e+00
1.174886246051406458e+00
1.167766895754719370e+00
1.171196360517071655e+00
1.174490867806729621e+00
1.187794400591256849e+00
1.188573275970113086e+00
1.197842973032835712e+00
1.196710915125488439e+00
1.176920506910318798e+00
1.176249240106191474e+00
1.166885497357128543e+00
1.158424707911393847e+00
1.157946766938090510e+00
1.169971377090033293e+00
1.170954674489082192e+00
1.166203442838561699e+00
1.162896958618097720e+00
1.149960489333235136e+00
1.146154311655339875e+00
1.139989844472863556e+00
1.140977700921347759e+00
1.146130824206406329e+00
1.160412612301665147e+00
1.148593339468508612e+00
1.137030334953430755e+00
1.140952514110615601e+00
1.138934247048593473e+00
1.127797692256643503e+00
1.114113090068803880e+00
1.130436965954015216e+00
1.153824929175652381e+00
1.163457644015851944e+00
1.167391449470073672e+00
1.168397780038497702e+00
1.152073252928920377e+00
1.155015513735781596e+00
1.140560090161479634e+00
1.133261947333944253e+00
1.144214893246858322e+00
1.141588325432616235e+00
1.149188913589836325e+00
1.151589552209402401e+00
1.140916989699232387e+00
