2.250000000000000056e-01
0.000000000000000000e+00
0.000000000000000000e+00
0.000000000000000000e+00
8.823703348852449668e-01
8.823703348852449668e-01
8.823703348852449668e-01
9.178884677825874805e-01
9.186478848456450796e-01
9.291861930676250658e-01
9.200448301430349529e-01
9.549874507489417574e-01
9.734979983076715859e-01
9.569569287682793135e-01
9.693390934269262571e-01
8.679791178747453539e-01
8.553340264905078261e-01
8.774097860815126548e-01
8.910817567085873581e-01
7.927124094700388479e-01
7.309052613024502598e-01
6.836409743358115021e-01
6.701454167605591650e-01
6.870371960849559478e-01
6.979662318485549966e-01
7.110556329226325190e-01
7.191013234308261115e-01
7.205324315910596189e-01
7.226253266937996411e-01
7.198345990161976182e-01
7.377224754888800362e-01
7.455037765543041095e-01
7.530167475439663027e-01
7.599377522147942043e-01
7.660044500126285127e-01
7.615692129296373070e-01
7.554180148467607436e-01
7.597808575107504181e-01
7.566522451701438445e-01
7.539832729993789506e-01
7.648054624980170635e-01
7.663550261496892002e-01
7.616913376404770286e-01
7.643365133639022924e-01
7.700639392834875974e-01
7.675090800636165111e-01
7.633499791424905867e-01
7.534167840443161124e-01
7.496536015395636188e-01
7.435467951537564346e-01
7.385283128607094127e-01
7.414356456279279639e-01
7.463878997495084766e-01
7.473107299996901709e-01
7.512001577065234859e-01
7.480675863875131393e-01
7.496548772276262484e-01
7.428891993049037135e-01
7.470671910996214971e-01
7.510560626246542970e-01
7.545913800406346406e-01
7.612700310825396555e-01
7.628706976271886209e-01
7.666863202209011074e-01
7.673453211919819550e-01
7.685894972247683254e-01
7.686751849912402124e-01
7.655172171790349811e-01
7.590929985060314023e-01
7.613206237451263236e-01
7.581968153733932292e-01
7.569306131803150706e-01
7.531694592162829771e-01
7.565589789281003119e-01
7.568950087351192790e-01
7.527612503334161209e-01
7.523431799447527490e-01
7.559308464651615100e-01
7.547719089983716545e-01
7.593775092208686628e-01
7.590671062560185867e-01
7.609298538675700607e-01
7.632660438056266816e-01
7.689948894627799403e-01
7.660851104531851696e-01
7.660908748673574964e-01
7.591947882881606713e-01
7.552729766421799606e-01
7.541303991292476194e-01
7.565045671195433918e-01
7.540643323850072521e-01
7.550247133800945809e-01
7.551925047401586433e-01
7.531177340740528026e-01
7.477001467638383359e-01
7.468180076145819468e-01
7.504724557396508233e-01
7.500318381642807619e-01
7.520600260849605867e-01
7.484236969753417235e-01
