2.250000000000000056e-01
0.000000000000000000e+00
0.000000000000000000e+00
0.000000000000000000e+00
0.000000000000000000e+00
0.000000000000000000e+00
0.000000000000000000e+00
0.000000000000000000e+00
0.000000000000000000e+00
8.400344794940083071e-02
8.216888460079571632e-02
1.004913673526621060e-01
5.987398235603973440e-01
6.812247250194571890e-01
6.489542267163289635e-01
6.606809784454991119e-01
6.828592875576795507e-01
7.276958271404693201e-01
7.586077021878697701e-01
7.877154077202607185e-01
6.871473201844237044e-01
6.389700464238087241e-01
6.113957724759211398e-01
6.625601587568088480e-01
6.881493595654663009e-01
6.949806604194641579e-01
7.515339130492706410e-01
7.462761494218447256e-01
7.738310306449472931e-01
7.965713720707838785e-01
8.219719660743537437e-01
8.331058179107997397e-01
8.609207242756615752e-01
8.633456912310157882e-01
8.859153161942986410e-01
9.070647163435990867e-01
9.209391205660207858e-01
9.194957075277825354e-01
9.171620177542362251e-01
9.282752729467300679e-01
9.431480187170713236e-01
9.498364833860486467e-01
9.625472211554312318e-01
9.710241868156045397e-01
9.778439509164140730e-01
9.718867858275070937e-01
9.806658897116703466e-01
9.786402886945535506e-01
1.002423269634188818e+00
1.001752862218573847e+00
1.010549087376188870e+00
1.013337225699770805e+00
1.012050046752706711e+00
1.008890539804574882e+00
1.005923963412597821e+00
1.004513853105327481e+00
9.927945245432345800e-01
9.710326562901355762e-01
9.677799644481414054e-01
9.702716510427766838e-01
9.758367853220737409e-01
9.810299096734763635e-01
9.754035798420437331e-01
9.856407598102464584e-01
9.937869740131513030e-01
1.004106156550281570e+00
1.009368818719619476e+00
1.017150828728734746e+00
1.029130255522508364e+00
1.037035832981109573e+00
1.045495228674744981e+00
1.049118706926084998e+00
1.049204326912472007e+00
1.069595768401582658e+00
1.068636963782675142e+00
1.083221212265044864e+00
1.087143678124387058e+00
1.061974170462341993e+00
1.044839805141403399e+00
1.037781868928617124e+00
1.040274277667807779e+00
1.038799477812541783e+00
1.038249194005909759e+00
1.032796239825024998e+00
1.027968133769813219e+00
1.013844240038693556e+00
1.008329240702585228e+00
9.930569213547945084e-01
9.745409401398406057e-01
9.555352739830765829e-01
9.355833654162932778e-01
9.020005477311352493e-01
8.856567739008966988e-01
8.725817892413644250e-01
8.613340036022054669e-01
8.420731264528721338e-01
8.424209379884388671e-01
8.534348370912829829e-01
8.523961331751718218e-01
8.491494935852471615e-01
