2.250000000000000056e-01
0.000000000000000000e+00
0.000000000000000000e+00
0.000000000000000000e+00
8.044244279782311047e-01
7.767126769122680852e-01
7.433798579794200778e-01
7.978376612584988647e-01
8.355003950456636463e-01
8.616537739811449548e-01
8.606516266226075240e-01
8.629492608700881640e-01
8.664677612114909389e-01
8.573468746406623930e-01
8.502662077962105380e-01
8.579342119686700352e-01
9.025759497882037685e-01
8.876589544700705936e-01
8.778247034868713605e-01
8.907924513210726536e-01
9.047941372995521592e-01
8.994173527600770601e-01
9.021677362971765035e-01
8.898999371889900756e-01
8.818369874567676403e-01
8.806299372978805273e-01
8.757672545451049562e-01
8.766467457158455545e-01
8.767601545807985897e-01
8.647945410960264923e-01
8.632725475111641122e-01
8.593414286474415631e-01
8.569243162368205269e-01
8.633622122623149098e-01
8.638221604806601839e-01
8.730935296155731828e-01
8.686441558155374443e-01
8.724676814577015938e-01
8.766876169954842535e-01
8.816082146428890765e-01
8.729570238206263433e-01
8.835693000965587629e-01
8.855489621538811251e-01
8.835817084931352206e-01
8.828968189012553758e-01
8.854760736642828256e-01
8.847336116439489251e-01
8.873965047413380214e-01
8.846004316464244344e-01
8.842635444044220083e-01
8.798596086018531937e-01
8.758015487113393061e-01
8.738201496025572723e-01
8.713323762837955622e-01
8.698174615478905247e-01
8.660821765641696368e-01
8.662209226353709823e-01
8.663972916894161491e-01
8.691606221239149832e-01
8.758791539016204108e-01
8.768248522468371497e-01
8.704715388328390091e-01
8.697334004800931773e-01
8.673914350405393936e-01
8.721839052744313481e-01
8.742675055427658881e-01
8.826001957835502010e-01
8.801931357121214328e-01
8.762626504570882879e-01
8.787223551570215729e-01
8.845507201672244690e-01
8.873884901260461477e-01
8.842847803288966801e-01
8.837788233052524811e-01
8.806887419697004837e-01
8.807557925528326503e-01
8.751228498887454466e-01
8.794591208498636625e-01
8.779692570014231423e-01
8.760948118221025815e-01
8.767334985514296797e-01
8.775956152889355932e-01
8.819529347597073743e-01
8.854142231355309756e-01
8.843710051565432106e-01
8.859609602415949858e-01
8.867667323793164691e-01
8.913792898339558679e-01
8.912504047636531368e-01
8.974895263386608590e-01
8.993096190344339602e-01
8.988700709372731135e-01
8.989773897152908422e-01
9.025281728088889732e-01
8.924386267444265330e-01
8.904251424566189677e-01
8.890602621330626620e-01
8.911900821294778119e-01
8.901190730913215443e-01
8.938723672696148315e-01
