2.250000000000000056e-01
0.000000000000000000e+00
0.000000000000000000e+00
0.000000000000000000e+00
0.000000000000000000e+00
0.000000000000000000e+00
0.000000000000000000e+00
0.000000000000000000e+00
0.000000000000000000e+00
0.000000000000000000e+00
0.000000000000000000e+00
0.000000000000000000e+00
1.767173351603574527e-01
2.544615796353340564e-01
2.977376668058130949e-01
3.336432899301141064e-01
3.773754540493389209e-01
4.114817887903080562e-01
4.565756950338552556e-01
5.003684395370207039e-01
5.404615581610586750e-01
5.602184633167360817e-01
5.736090090845239464e-01
5.847607803933104753e-01
5.861920205226838210e-01
6.088528939107121785e-01
6.387669374753611740e-01
6.778082475006372842e-01
7.173851627063637659e-01
7.471052037506558108e-01
7.800530369200159297e-01
8.086305031972829127e-01
8.321713208811222229e-01
8.337521965694596471e-01
8.405330866212034069e-01
8.455444953812371045e-01
8.508985202227743461e-01
8.527779744983924326e-01
8.517204775566885600e-01
8.539137598011374841e-01
8.530397536009216575e-01
8.498616465107884377e-01
8.453436516135408585e-01
8.419953468346937919e-01
8.392179360558836843e-01
8.352117991349887749e-01
8.344577779938016082e-01
8.299698875522071306e-01
8.297182121003515709e-01
8.281284088296944068e-01
8.252626566567590194e-01
8.230859600773194895e-01
8.227696442979087754e-01
8.217944605846762007e-01
8.204740674988426630e-01
8.175901177228477312e-01
8.158808011164284668e-01
8.146383719389284073e-01
8.134155222329809698e-01
8.128500609668106724e-01
8.161621431615571076e-01
8.198337263871608993e-01
8.247771032072926944e-01
8.267890331231003698e-01
8.312858876770611305e-01
8.316451811052693044e-01
8.307032699440514145e-01
8.293507116519028832e-01
8.271547817017544935e-01
8.271071738422043351e-01
8.230539626604226333e-01
8.248779432332604689e-01
8.251215633918849157e-01
8.224191205809067151e-01
8.212179405486466077e-01
8.216340702341927704e-01
8.223755613032341927e-01
8.216146622815779788e-01
8.217417028253681810e-01
8.243916676578824099e-01
8.255500854388310161e-01
8.285147456682603329e-01
8.282187994569857326e-01
8.255077685497909101e-01
8.232935367230683754e-01
8.205712005890057892e-01
8.165406823235688005e-01
8.148433174929732292e-01
8.144127749095069202e-01
8.136434032036895525e-01
8.106968655716538796e-01
8.074156831362885312e-01
8.040557014060608632e-01
8.017298471644306312e-01
8.019069830487181028e-01
8.004223219778672238e-01
7.997036488682891520e-01
7.993198592349248788e-01
7.950998751054442204e-01
7.959192941090124096e-01
