2.250000000000000056e-01
0.000000000000000000e+00
0.000000000000000000e+00
0.000000000000000000e+00
0.000000000000000000e+00
0.000000000000000000e+00
0.000000000000000000e+00
0.000000000000000000e+00
0.000000000000000000e+00
0.000000000000000000e+00
0.000000000000000000e+00
0.000000000000000000e+00
9.454443800601575187e-02
1.195115148491736612e-01
1.198817264301128144e-01
1.684460779722564694e-01
1.868389889686112304e-01
2.217673331828422800e-01
2.731724316417440401e-01
2.786763469064879040e-01
3.232267844017846503e-01
3.401240253753113341e-01
3.786546893125541935e-01
3.740960295469185626e-01
4.074722670630244181e-01
4.025280518621744408e-01
4.358632880314078917e-01
4.322938147481935056e-01
4.647466943253471539e-01
4.863043636380407486e-01
5.048244106435649803e-01
5.002989933827715063e-01
5.619161789520510375e-01
5.537882938128720900e-01
5.925934196202277127e-01
5.805604850895812463e-01
6.141195043855539604e-01
6.401078177902749244e-01
6.202189789694684263e-01
6.105442355084954587e-01
6.311772501340987551e-01
6.424155710684927856e-01
6.073570734055301346e-01
6.237383766945087116e-01
6.669149677082997218e-01
6.683954380008443330e-01
6.357201535722111219e-01
6.955996266399190331e-01
6.872493134745782939e-01
6.743884963093333962e-01
7.747751668438971340e-01
8.607273922821530032e-01
1.153129170643708123e+00
1.183731322647680440e+00
1.173044180797389702e+00
1.206955129674924354e+00
1.305382061111305392e+00
1.315700203733616291e+00
1.290373426749754415e+00
1.307244891156405187e+00
1.293637016559350483e+00
1.267795756298726095e+00
1.253527098853850719e+00
1.214600090470350224e+00
1.168229749400094164e+00
1.270782076711449937e+00
1.364206850526504811e+00
1.426216202929178500e+00
1.430688627873507590e+00
1.460099119057721495e+00
1.456931909008299275e+00
1.452996446148292264e+00
1.455871677648851836e+00
1.438192621035038643e+00
1.483627734438297097e+00
1.482305452530556789e+00
1.477563221501874358e+00
1.460598155382402341e+00
1.432401963509655207e+00
1.464564930760079431e+00
1.473146149787477155e+00
1.542022672657450189e+00
1.536557242591216621e+00
1.563896399070607846e+00
1.573634357284922736e+00
1.591920455923337530e+00
1.644338582045798747e+00
1.673218932518510504e+00
1.652356792867616830e+00
1.631244447724909952e+00
1.636141140222833856e+00
1.622745336869001465e+00
1.685847348391860567e+00
1.712070148946716497e+00
1.709234753024198472e+00
1.722412294366177710e+00
1.686597617166804230e+00
1.681820657595674229e+00
1.668511165472507107e+00
1.632658145311915554e+00
