2.250000000000000056e-01
0.000000000000000000e+00
0.000000000000000000e+00
0.000000000000000000e+00
0.000000000000000000e+00
0.000000000000000000e+00
0.000000000000000000e+00
1.508572981367783949e+00
1.493498308872036384e+00
1.493246513686050880e+00
1.496506689283811253e+00
1.476780882242002102e+00
1.475542256038531841e+00
1.474375764636027597e+00
1.488615456510334667e+00
1.489455496211035568e+00
1.451831781596035320e+00
1.448995864340740791e+00
1.446366414766769859e+00
1.476909112696144666e+00
1.478888520314343147e+00
1.421918981985625496e+00
1.416762682171560650e+00
1.411801840887857873e+00
1.483109702977199573e+00
1.482997935887166330e+00
1.487626090749644581e+00
1.474255856711450097e+00
1.461500474849120046e+00
1.460536622994689893e+00
1.442774653628431158e+00
1.450518553131839417e+00
1.466395451431963926e+00
1.451643019858819494e+00
1.494885326756120403e+00
1.504880439989116914e+00
1.554240274729561389e+00
1.578755775255560989e+00
1.547396411193931121e+00
1.591890375590808926e+00
1.602470154447518613e+00
1.602234479917473919e+00
1.585597077489716344e+00
1.525206531113102004e+00
1.588530845369015010e+00
1.577341509357078841e+00
1.578834596352941988e+00
1.577282002515018045e+00
1.454943891196031736e+00
1.410490719712176544e+00
1.308035430927595222e+00
1.289671064276490808e+00
1.295077756982977446e+00
1.307530738053998665e+00
1.287368357197163915e+00
1.281800494641186949e+00
1.273403676430826081e+00
1.254125266014799456e+00
1.260448255530609352e+00
1.324993773223399618e+00
1.312314678228028830e+00
1.315584255284784954e+00
1.255919204844214487e+00
1.272566394492319342e+00
1.286335197316051060e+00
1.234078012140008784e+00
1.196387744781626239e+00
1.236747038830279477e+00
1.241980364830100436e+00
1.239656431744785570e+00
1.256877547633276526e+00
1.247912340575912715e+00
1.265895065169874600e+00
1.271101058569981124e+00
1.271363395199273771e+00
1.281078065425731216e+00
1.286707500270224847e+00
1.496142771944086736e+00
1.548481695087639221e+00
1.528772397474273959e+00
1.542390851420090137e+00
1.529919092067563158e+00
1.476636905436344183e+00
1.442150333510579641e+00
1.438030273126353453e+00
1.406021143822408392e+00
1.347734447574314931e+00
1.317590201415617557e+00
1.322089991545492449e+00
1.283505943115934578e+00
1.255941151713307447e+00
1.264811910304969533e+00
1.265200054938502960e+00
1.257835854808867504e+00
1.274949380068212568e+00
1.283607428850115140e+00
1.288896004312340970e+00
1.273264331348720413e+00
1.277359186034594085e+00
1.269990687257992246e+00
