2.250000000000000056e-01
0.000000000000000000e+00
0.000000000000000000e+00
0.000000000000000000e+00
0.000000000000000000e+00
0.000000000000000000e+00
0.000000000000000000e+00
0.000000000000000000e+00
0.000000000000000000e+00
0.000000000000000000e+00
0.000000000000000000e+00
0.000000000000000000e+00
0.000000000000000000e+00
0.000000000000000000e+00
0.000000000000000000e+00
0.000000000000000000e+00
0.000000000000000000e+00
0.000000000000000000e+00
0.000000000000000000e+00
0.000000000000000000e+00
0.000000000000000000e+00
0.000000000000000000e+00
0.000000000000000000e+00
0.000000000000000000e+00
0.000000000000000000e+00
0.000000000000000000e+00
0.000000000000000000e+00
0.000000000000000000e+00
0.000000000000000000e+00
0.000000000000000000e+00
0.000000000000000000e+00
0.000000000000000000e+00
0.000000000000000000e+00
0.000000000000000000e+00
0.000000000000000000e+00
0.000000000000000000e+00
0.000000000000000000e+00
0.000000000000000000e+00
0.000000000000000000e+00
0.000000000000000000e+00
0.000000000000000000e+00
0.000000000000000000e+00
0.000000000000000000e+00
0.000000000000000000e+00
0.000000000000000000e+00
0.000000000000000000e+00
0.000000000000000000e+00
0.000000000000000000e+00
0.000000000000000000e+00
0.000000000000000000e+00
0.000000000000000000e+00
0.000000000000000000e+00
0.000000000000000000e+00
0.000000000000000000e+00
0.000000000000000000e+00
0.000000000000000000e+00
0.000000000000000000e+00
0.000000000000000000e+00
0.000000000000000000e+00
0.000000000000000000e+00
0.000000000000000000e+00
0.000000000000000000e+00
8.269903721301424815e-02
1.310868046048335178e-01
1.315977819096796064e-01
1.819945376458614317e-01
2.020680017195479183e-01
2.378164707741265149e-01
2.526242125624819646e-01
2.936617029931108958e-01
3.053224882987392030e-01
3.575782202845400604e-01
3.685762757496271469e-01
3.822225271055441631e-01
4.391603213114209647e-01
4.507797504830504676e-01
4.654857627617904337e-01
4.522337574012869621e-01
4.220231929251629377e-01
4.164525639523581901e-01
4.210320182895975760e-01
3.997640390183446191e-01
3.976561530001413991e-01
4.047171673150541937e-01
4.042605126759819534e-01
4.299707870852520486e-01
5.030590012189654070e-01
5.224354835076556736e-01
5.409750587786430476e-01
5.139865630007875996e-01
5.175849306147495277e-01
5.053647669794517627e-01
5.200766575172974804e-01
5.561697812128596485e-01
5.415923085913590951e-01
5.457952685890691269e-01
5.830538002893598248e-01
6.126226199391225924e-01
6.419359553343803038e-01
6.603759227975845025e-01
