2.250000000000000056e-01
0.000000000000000000e+00
0.000000000000000000e+00
0.000000000000000000e+00
0.000000000000000000e+00
0.000000000000000000e+00
0.000000000000000000e+00
3.874998359006963100e-01
4.879444606128032214e-01
4.873629616236694884e-01
5.823860975716610433e-01
6.674351746233003757e-01
6.800300979293095738e-01
7.709839097480603032e-01
7.763617356861208796e-01
7.899693195393762135e-01
8.161305292367555531e-01
9.509139816803022782e-01
1.080930834787257044e+00
1.099986135829513545e+00
1.097242714352700155e+00
1.141538833671961406e+00
1.435421151519536975e+00
1.549758271411292077e+00
1.626294466391131399e+00
1.624512622806545403e+00
1.595343599890935771e+00
1.587113686297021875e+00
1.582997327380104791e+00
1.596375377367712733e+00
1.620653042171248615e+00
1.635858107621517954e+00
1.679021579751504900e+00
1.690884005708172877e+00
1.684362678444331296e+00
1.680877514272099749e+00
1.686144764078989056e+00
1.700543235384949003e+00
1.724499731864724161e+00
1.747834304558435470e+00
1.743863812123686241e+00
1.747090978287255458e+00
1.762225221396063635e+00
1.766944813354235144e+00
1.775121628193537804e+00
1.784210343523354059e+00
1.763030445734451890e+00
1.734620696383185612e+00
1.730776947025199242e+00
1.733655425784356385e+00
1.740193332359349476e+00
1.743671345084082613e+00
1.745635548697399786e+00
1.712784488590560983e+00
1.727529918080662474e+00
1.721188185332895415e+00
1.717009921217775181e+00
1.736171040868911497e+00
1.748874417364971734e+00
1.759662872701303948e+00
1.753416484159303623e+00
1.734092011995355342e+00
1.717328136441310660e+00
1.705991189416427467e+00
1.699597608002989757e+00
1.702760968185752288e+00
1.712196039669660941e+00
1.724052258070128518e+00
1.744975471390259880e+00
1.747746543586047974e+00
1.749559426882724145e+00
1.756439188631421011e+00
1.760047242253443889e+00
1.765090334823706808e+00
1.755616694954074797e+00
1.746859538058900263e+00
1.738402185169807268e+00
1.738133542143723620e+00
1.738022962784464998e+00
1.732184776048754760e+00
1.737499090945471947e+00
1.746443239477446285e+00
1.764915679695843176e+00
1.782746767851296044e+00
1.773957522206713655e+00
1.760920364228141022e+00
1.762543731792109103e+00
1.764961960021858234e+00
1.747929025803512282e+00
1.740831571897591523e+00
1.748320118100784804e+00
1.740994523358779578e+00
1.753654331026779811e+00
1.765432377199116942e+00
1.773603528231843640e+00
1.774787461280830980e+00
1.766267616312860556e+00
1.745523440117636937e+00
1.744918574291783431e+00
1.730668611872093532e+00
