2.250000000000000056e-01
0.000000000000000000e+00
0.000000000000000000e+00
0.000000000000000000e+00
0.000000000000000000e+00
0.000000000000000000e+00
0.000000000000000000e+00
0.000000000000000000e+00
0.000000000000000000e+00
0.000000000000000000e+00
0.000000000000000000e+00
0.000000000000000000e+00
0.000000000000000000e+00
0.000000000000000000e+00
0.000000000000000000e+00
0.000000000000000000e+00
0.000000000000000000e+00
0.000000000000000000e+00
0.000000000000000000e+00
0.000000000000000000e+00
1.010431974383562137e+00
1.010431974383561915e+00
1.010431974383562137e+00
9.779638108604811197e-01
9.171560984691478069e-01
8.918596628588297826e-01
8.322902789555883807e-01
8.120908381179364754e-01
7.371749920862352701e-01
7.305664989519951025e-01
7.703453212442060716e-01
7.968668883755841703e-01
7.784446287778236107e-01
8.007432740745259458e-01
8.290077169007291635e-01
8.515041953789098672e-01
8.541025716805215051e-01
8.883282954741559267e-01
9.020313953311568378e-01
9.146807968504787612e-01
9.847544445425692183e-01
1.018168320488361811e+00
1.043829672732832448e+00
1.072773446406071640e+00
1.061876420263947240e+00
1.066883187234479946e+00
1.115698945807656939e+00
1.117293875840923656e+00
1.111861309887829385e+00
1.093592681758112306e+00
1.082509345288943159e+00
1.083984928123122637e+00
1.089970396419025933e+00
1.114344153192055709e+00
1.107979487306375521e+00
1.099493652029895463e+00
1.094559358523654824e+00
1.103792973947433698e+00
1.118510538265527821e+00
1.133276928424550967e+00
1.143576576006057222e+00
1.138151222654389949e+00
1.132665055635875051e+00
1.129278000747094390e+00
1.140842114935388896e+00
1.141926335704584128e+00
1.134960933019499185e+00
1.127717518467092894e+00
1.114886654563353341e+00
1.122367898792544727e+00
1.125305485440541986e+00
1.126577252452345634e+00
1.116860662672374715e+00
1.113943407676044162e+00
1.115979910844806744e+00
1.121780609770061554e+00
1.133309664733505695e+00
1.142921958079797129e+00
1.145728351664988098e+00
1.135320700539021566e+00
1.136536069151733219e+00
1.143787001437496009e+00
1.142003427425133832e+00
1.138570335281686940e+00
1.134870398055576768e+00
1.124052901125826676e+00
1.118066372024071997e+00
1.122415269177708508e+00
1.127630601316428782e+00
1.123536136037746713e+00
1.136234361524500303e+00
1.126668316178037976e+00
1.128766526889420030e+00
1.126435055873315383e+00
1.121265589126698936e+00
1.122261269315148136e+00
1.127411388941756520e+00
1.132334697357876063e+00
1.129093280071110650e+00
1.121669363085852300e+00
