2.250000000000000056e-01
0.000000000000000000e+00
0.000000000000000000e+00
0.000000000000000000e+00
0.000000000000000000e+00
0.000000000000000000e+00
0.000000000000000000e+00
0.000000000000000000e+00
1.610666042098857220e+00
1.645934939730578250e+00
1.645825616788754386e+00
1.617756984350961380e+00
1.465672742765429470e+00
1.317403221928812096e+00
1.382605284331390960e+00
1.347374154535461610e+00
1.302184665248364626e+00
1.373781553972125202e+00
1.424969972420748521e+00
1.512763500261408378e+00
1.575177438683657449e+00
1.725487581662834558e+00
1.771444685669427255e+00
1.809736319127887683e+00
1.794477305134773104e+00
1.770094403361041069e+00
1.830175791018964659e+00
1.875628190046166210e+00
1.875080207744372229e+00
1.865720820983459705e+00
1.865155076695927061e+00
1.858417566363392837e+00
1.844224505947598569e+00
1.837446099460248394e+00
1.858822805707611492e+00
1.865326976179576546e+00
1.863069834635807887e+00
1.853401649301783749e+00
1.841767360812879062e+00
1.804292698328249678e+00
1.810438370456344925e+00
1.804598191367327020e+00
1.814587444592321797e+00
1.822384938528901932e+00
1.816385238005471248e+00
1.792382440353311068e+00
1.785296553110129025e+00
1.777571824741060791e+00
1.754744960977065116e+00
1.742359329121011768e+00
1.719122653134042222e+00
1.695101555339900035e+00
1.677925614526724507e+00
1.684973892785231797e+00
1.670263431259426667e+00
1.665819222475408257e+00
1.659944982687322046e+00
1.661086298835299901e+00
1.629116474014165483e+00
1.619753285321856140e+00
1.602687638167027639e+00
1.605590969171843518e+00
1.643687626128105261e+00
1.661536892338225213e+00
1.660717389293731694e+00
1.660374907315580240e+00
1.666365026493505042e+00
1.705132958589544279e+00
1.712326660692775615e+00
1.726592893652622696e+00
1.776830145919765291e+00
1.765109861070708552e+00
1.760353010103716143e+00
1.748708967068005604e+00
1.742106936081418755e+00
1.744764772157468835e+00
1.762074979905261518e+00
1.761540790176188587e+00
1.762774617147883971e+00
1.752519551951619015e+00
1.756311421843094855e+00
1.752105721342920974e+00
1.742824667337355082e+00
1.770084551623005042e+00
1.772375430258904982e+00
1.778935774312147000e+00
1.790675152514467516e+00
1.785439268205133212e+00
1.766849309181997008e+00
1.774545422947048090e+00
1.788556405404131189e+00
1.811738638289577485e+00
1.846832044361435443e+00
1.857314613648125112e+00
1.858779518522684970e+00
1.840996445467030229e+00
1.832961926430756838e+00
1.832587586362119936e+00
1.806666494402972667e+00
1.780343874603601995e+00
