2.250000000000000056e-01
0.000000000000000000e+00
0.000000000000000000e+00
6.835259644801645607e-01
8.052493010820817032e-01
7.938524307751813058e-01
8.335112595135183433e-01
8.311752156853485785e-01
8.472265478180878162e-01
8.734045882763145086e-01
8.632604505785288485e-01
8.747078425240946142e-01
8.778212298264554958e-01
8.796337870814159299e-01
8.804467550056338521e-01
8.985672855332186293e-01
8.947837431489293891e-01
8.955630540145387286e-01
8.985735889541809351e-01
9.157890205069669776e-01
9.074934639621772270e-01
9.040406737923039060e-01
9.109137688082060702e-01
9.153113882570704796e-01
9.114054291183253387e-01
9.051119842135660898e-01
9.019770199828903712e-01
8.959462968625953039e-01
8.958228450277033739e-01
8.927922957639354840e-01
8.874326892402002454e-01
8.856186685112975576e-01
8.857142817632355225e-01
8.827008030406183758e-01
8.772791911095513262e-01
8.698323388040788418e-01
8.634698051159891419e-01
8.569276265714117491e-01
8.489797731802937175e-01
8.484758074150952067e-01
8.402149226739731303e-01
8.317574120278846683e-01
8.300728429310465506e-01
8.226454157220632890e-01
8.081060858302152594e-01
8.060886574258704362e-01
7.895324935139845790e-01
7.788837895097910913e-01
7.700171888324974789e-01
7.626624083963677858e-01
7.603057893582630955e-01
7.635266418549233602e-01
7.550095524264087699e-01
7.555838992682116784e-01
7.585534503777278115e-01
7.691845049794185929e-01
7.693051983205743127e-01
7.672283870582033982e-01
7.668858292110742880e-01
7.718733995194407838e-01
7.732201784883843132e-01
7.775094087841171175e-01
7.855436815335491429e-01
7.934441687533799747e-01
8.003588111801490657e-01
8.113311401578097160e-01
8.190012304174790758e-01
8.282244976980369655e-01
8.231150010987893229e-01
8.218084169886058499e-01
8.191184858176344674e-01
8.092157481483408521e-01
8.084308505576802695e-01
7.994627942070292592e-01
7.916454520802975736e-01
7.885755047621753056e-01
7.753383373134594692e-01
7.598403296596349943e-01
7.565744070789904852e-01
7.559505111957913748e-01
7.620984825267377305e-01
7.571530597652911254e-01
7.606426851269630918e-01
7.588973105832351740e-01
7.606882854784903225e-01
7.665286702406978181e-01
7.783056763608598994e-01
7.805735363895355272e-01
7.819272801911751891e-01
7.934981002564664987e-01
7.988929847538992490e-01
8.058480988411058643e-01
8.117043600645889034e-01
8.201093113659156941e-01
8.215977159153697862e-01
8.230456942233307371e-01
8.346358490750073189e-01
8.456665351508145800e-01
8.514026371795263559e-01
8.547885771725545201e-01
