2.250000000000000056e-01
0.000000000000000000e+00
0.000000000000000000e+00
1.195795883198574217e+00
1.090030786173564969e+00
1.009038062550805526e+00
9.362056907941893602e-01
7.879967000904583019e-01
8.883611550119271394e-01
8.596887437538386356e-01
9.323076240069180232e-01
8.893240123669797770e-01
8.749588052443804109e-01
8.958877579259156843e-01
8.932170513715896876e-01
9.230609714379179875e-01
9.008555797926829367e-01
9.175150257859342462e-01
9.148811203935796055e-01
9.356919373930683292e-01
9.005406815585974556e-01
8.956922926164481158e-01
9.039122329563914482e-01
8.884064046599776665e-01
9.133116940409512496e-01
9.210622216253804284e-01
9.225861627887301797e-01
9.123941024807997735e-01
9.089460305139347440e-01
9.144950272451475293e-01
9.150129923724948933e-01
9.109012689794614426e-01
9.135420436522874166e-01
9.055902935981712254e-01
9.021950086093643018e-01
9.006653305588391278e-01
8.918515495533814175e-01
8.896849168147459297e-01
8.866220846957887369e-01
8.855576020170138341e-01
8.820335276081795461e-01
8.768369619388223235e-01
8.781368250189808267e-01
8.702212564012993257e-01
8.696589808408513589e-01
8.696954000349357283e-01
8.754942783239432202e-01
8.735045109976341537e-01
8.736929443813856722e-01
8.710388299491323982e-01
8.743305071084105373e-01
8.697411748748477001e-01
8.718589727387980881e-01
8.727044791670781620e-01
8.796600787108360686e-01
8.880690605561416540e-01
8.819901867526590555e-01
8.804688509998163104e-01
8.891232189398756702e-01
8.871763024034126088e-01
8.926878049906559198e-01
8.989822881507546493e-01
9.007449216341875120e-01
9.010738388175022484e-01
9.112680022193411222e-01
9.190738653035908090e-01
9.168987100906447196e-01
9.243358174052319631e-01
9.193836527067795750e-01
9.275775599390926329e-01
9.255420653446535528e-01
9.264723351516201966e-01
9.167744045303523048e-01
9.147641373175730006e-01
9.162101952487267109e-01
9.076225195995197836e-01
9.050625981258143549e-01
9.027204645945103856e-01
9.002763002293008299e-01
8.992777411736474491e-01
8.919935583765624676e-01
8.908887090078256854e-01
8.830644192607490783e-01
8.776367981311032906e-01
8.759399162318807219e-01
8.746943213124307448e-01
8.753666926344282340e-01
8.687149897491903694e-01
8.672324275790377346e-01
8.657990740387919715e-01
8.658162791070981301e-01
8.591288027476650102e-01
8.640182674336746027e-01
8.636348518021187415e-01
8.683289434464743772e-01
8.641935443260074790e-01
8.662639185759595239e-01
8.662491394105344966e-01
8.714275843631477114e-01
8.758874892997340345e-01
