2.250000000000000056e-01
0.000000000000000000e+00
0.000000000000000000e+00
1.467363811599153633e+00
1.467498909737442458e+00
1.467627813200910181e+00
1.390582056560174307e+00
1.357215109590550695e+00
1.358286030154540081e+00
1.381702783014458813e+00
1.382000170306886044e+00
1.380902571997025818e+00
1.362804336825831797e+00
1.341764844249106137e+00
1.313848519764132972e+00
1.332076213325290581e+00
1.330493463337796500e+00
1.312979908469266155e+00
1.326866491016122307e+00
1.326206207167040629e+00
1.312570546886083100e+00
1.311226769133996939e+00
1.299455802980889807e+00
1.280534672339231461e+00
1.272265104904557020e+00
1.288167368809248092e+00
1.284858659675149006e+00
1.281155974934305553e+00
1.258683738848534572e+00
1.250082681133762197e+00
1.249651193206382516e+00
1.236457315749987851e+00
1.209144583165579157e+00
1.194040320144938105e+00
1.188587775589962536e+00
1.163935511581648985e+00
1.163886314571491720e+00
1.153416191221753540e+00
1.195875223586743141e+00
1.212446179219308418e+00
1.211916201702472273e+00
1.226072553210541649e+00
1.224546033459257055e+00
1.237802574600805894e+00
1.219739635365340025e+00
1.224853178691012845e+00
1.201236618096463094e+00
1.207730937745673305e+00
1.180568397834951710e+00
1.192341824195279676e+00
1.190148760125322891e+00
1.178003353963357869e+00
1.188966792972701914e+00
1.191624946187854972e+00
1.187718120428558288e+00
1.185748965263014210e+00
1.201581336534759625e+00
1.218822700235676404e+00
1.222666703388835208e+00
1.216720329862618577e+00
1.206295131581642366e+00
1.186307669190906688e+00
1.155878807486033777e+00
1.131457190973687910e+00
1.115883355532372168e+00
1.109190412178625573e+00
1.109431908344982176e+00
1.106878672453800894e+00
1.120855378778893519e+00
1.113360652854700206e+00
1.112317207728970914e+00
1.089040046158131103e+00
1.077280641199803268e+00
1.050445918176766025e+00
1.050031133445466169e+00
1.058096176686251555e+00
1.042322277437669920e+00
1.034945037454013006e+00
1.029977386250742422e+00
1.020129651857390352e+00
1.008929372525829704e+00
1.007124369387499829e+00
1.001755740681466111e+00
1.003445529235703848e+00
1.008793681677264242e+00
1.020094529516106574e+00
1.013369761239889311e+00
1.016570168340368729e+00
1.037334152287385569e+00
1.049496761367538111e+00
1.047470201954954883e+00
1.050778279117246194e+00
1.031565026456106260e+00
1.002728818257986987e+00
9.518417317375479358e-01
9.096008015134943170e-01
8.982922949977459881e-01
9.033429489587146977e-01
9.198108933651457653e-01
9.140402598414074653e-01
