2.250000000000000056e-01
0.000000000000000000e+00
0.000000000000000000e+00
0.000000000000000000e+00
1.756494213788826642e+00
1.738206240502784938e+00
1.745480412755966659e+00
1.724872397601854956e+00
1.724113331098508839e+00
1.712971003089952760e+00
1.696712804222347382e+00
1.694310363112783158e+00
1.679674608198593821e+00
1.676728493709934042e+00
1.656937814624945160e+00
1.653151796935733664e+00
1.636364018801905740e+00
1.632676482803283369e+00
1.596254512975977757e+00
1.291326214927248417e+00
9.364374654170319889e-01
7.729580631855031969e-01
8.560252148249996029e-01
8.771362194861362926e-01
9.493921346469956779e-01
9.756210501350107700e-01
9.645021574418078947e-01
9.446930807325631951e-01
9.827008462704831526e-01
9.547697845445253240e-01
9.340206834422667415e-01
9.174900017701094201e-01
9.146044059356207567e-01
8.938164312271745793e-01
8.953675558899920617e-01
9.354472688994128760e-01
9.840695471326950106e-01
1.039021135732398626e+00
1.070577549730162614e+00
1.107379485403764408e+00
1.119936360449373725e+00
1.153331968349381897e+00
1.178987088896607860e+00
1.193594684630948866e+00
1.142466045723320223e+00
1.094494932417320987e+00
1.010727169543802928e+00
9.749187883747956196e-01
9.408676056750702177e-01
9.130054191931034069e-01
9.090039870831472246e-01
9.141207680909050337e-01
9.808689391006480962e-01
9.846620657270385157e-01
9.667475488185420796e-01
9.917062543214241188e-01
9.934881829739775627e-01
1.010791381297954539e+00
1.029459319192972622e+00
1.041151758270647543e+00
1.056084116366477144e+00
1.045201945380786146e+00
1.053718942115635437e+00
1.059692203905501673e+00
1.052350449609375627e+00
1.050544610206052054e+00
1.043986406061173433e+00
1.032402124730052106e+00
1.018482034828357419e+00
1.019713963825425118e+00
1.005697005107872410e+00
1.007233464169021708e+00
1.013531692597289924e+00
1.013750952941392169e+00
9.945501655155770671e-01
9.665658724735716190e-01
9.886816025027418409e-01
1.024631347480566390e+00
1.062237829169774050e+00
1.084625028060387297e+00
1.095873260017134365e+00
1.113098273663090998e+00
1.123646885121956318e+00
1.139663914808565659e+00
1.123712498147737326e+00
1.130989294932327027e+00
1.131847101947912604e+00
1.132821431829083680e+00
1.140812300918976563e+00
1.140588743677453776e+00
1.137331533492413005e+00
1.120388080329129510e+00
1.094278118002103950e+00
1.093722426864097930e+00
1.099525058857109716e+00
1.104008104264965207e+00
1.103276959543498581e+00
1.098018540195289106e+00
1.097425791678832141e+00
1.102828891551098867e+00
