2.250000000000000056e-01
0.000000000000000000e+00
0.000000000000000000e+00
8.876754895873463502e-02
8.875333893678261088e-02
3.282527466277732620e-01
3.307123607779791086e-01
4.558717634478774428e-01
4.593358033958934161e-01
6.017382845339837028e-01
5.655810683218497337e-01
5.537737774659492462e-01
7.105834193256083120e-01
6.582437265594801579e-01
7.296342330951345323e-01
6.758023877931698120e-01
7.765034789917429903e-01
7.511146953444675090e-01
8.673002312576911788e-01
8.509607635537251857e-01
1.498541466490098895e+00
1.795834088478930113e+00
1.808702852665085237e+00
1.874306448846166928e+00
1.920383105737037965e+00
1.931766882756737136e+00
1.934792737267227336e+00
2.038077537894657176e+00
2.074612430546129094e+00
2.058549406541807514e+00
2.061575902626136880e+00
2.082935161780687494e+00
2.068106144817223324e+00
2.104050226416342095e+00
2.176983640760011607e+00
2.180634291276248415e+00
2.179502079249067137e+00
2.126847577594173089e+00
2.104473884723480293e+00
2.069588529358943774e+00
2.085740119588132213e+00
2.077185419337177485e+00
2.079756482761356384e+00
2.054109749263327789e+00
2.016464077234030761e+00
1.978720816292409701e+00
1.973089019308065906e+00
1.981226718786287089e+00
2.063271913094773868e+00
2.086831586513381520e+00
2.085747673324612084e+00
2.090993820846056561e+00
2.092933156639948944e+00
2.104608524584107077e+00
2.100512125096166915e+00
2.131987599543080592e+00
2.149649953831693328e+00
2.180687501043160115e+00
2.179704400780301476e+00
2.154351396923309014e+00
2.140876091466568543e+00
2.140269901441447686e+00
2.147074794256122576e+00
2.153266076884752689e+00
2.160308317151209856e+00
2.143668589760328480e+00
2.113398023117770919e+00
2.111569232497329196e+00
2.094368950196132229e+00
2.098820937812515108e+00
2.106207683004198472e+00
2.127841521693180304e+00
2.128195606180295574e+00
2.158510918113801580e+00
2.158843240830200294e+00
2.143967989196399415e+00
2.148934119501074935e+00
2.144621531060229458e+00
2.139608220352637868e+00
2.145765269605536929e+00
2.149666459654558270e+00
2.154923374237089018e+00
2.156115106285073413e+00
2.163160672195436174e+00
2.143018854992140731e+00
2.113850042109195027e+00
2.099347913600270399e+00
2.107730153200347623e+00
2.140498691990281088e+00
2.149802597443122743e+00
2.177046264714342705e+00
2.179327883333245452e+00
2.181331079460251843e+00
2.199875818068556033e+00
2.202202266301836353e+00
2.215194982068410479e+00
2.204667001683573879e+00
2.196159281802749330e+00
2.191276084239414335e+00
2.192277500337574736e+00
