2.250000000000000056e-01
0.000000000000000000e+00
0.000000000000000000e+00
0.000000000000000000e+00
0.000000000000000000e+00
0.000000000000000000e+00
0.000000000000000000e+00
0.000000000000000000e+00
0.000000000000000000e+00
0.000000000000000000e+00
0.000000000000000000e+00
0.000000000000000000e+00
0.000000000000000000e+00
0.000000000000000000e+00
0.000000000000000000e+00
0.000000000000000000e+00
0.000000000000000000e+00
0.000000000000000000e+00
0.000000000000000000e+00
0.000000000000000000e+00
0.000000000000000000e+00
0.000000000000000000e+00
0.000000000000000000e+00
0.000000000000000000e+00
9.671196070425187585e-01
9.679114549221227159e-01
9.736711044414771976e-01
9.537416447129868358e-01
9.570587487912912694e-01
1.069959052188206083e+00
1.056139777745679131e+00
1.059886347064210810e+00
1.059981933927403919e+00
1.065185297255067942e+00
1.068243703205563389e+00
1.058605535500877437e+00
1.059527012473402419e+00
1.063509015011122605e+00
1.057542145188544280e+00
1.031679629688149635e+00
1.021208534400424472e+00
1.030168366993487794e+00
1.023460417520100751e+00
1.015397321095552696e+00
1.014717116064556501e+00
1.001823476132379653e+00
9.950820504031439029e-01
9.827657059049553778e-01
9.828904738682200382e-01
1.000990653702211519e+00
1.009550710357302705e+00
1.008046756702955626e+00
1.008478493886640681e+00
1.005364226150548657e+00
1.007162946444879692e+00
1.008697842676644418e+00
1.015085404019356652e+00
1.020465297180692898e+00
1.028083992766789079e+00
1.027998486943680234e+00
1.021378480155580526e+00
1.027231875812902429e+00
1.028936827311466073e+00
1.024798870745392998e+00
1.025968170792630252e+00
1.025822102348119991e+00
1.031794338647818332e+00
1.033794725263005532e+00
1.030412214317955266e+00
1.030130606929763548e+00
1.029886966117664615e+00
1.032652842828871265e+00
1.030961060984834310e+00
1.024635868979326014e+00
1.020729178184829999e+00
1.023955994018419968e+00
1.025317360022465651e+00
1.022532938243997158e+00
1.019963204212978702e+00
1.026621534367739841e+00
1.027083338685293334e+00
1.029791842404819580e+00
1.034130859730185481e+00
1.034033810255920338e+00
1.030027550834514694e+00
1.026443645533647420e+00
1.024329357805866536e+00
1.032878903312832275e+00
1.036044818847421833e+00
1.031697563133018525e+00
1.034504222894494063e+00
1.036024036968923312e+00
1.031296671840676860e+00
1.027444024178982396e+00
1.025127116092123591e+00
1.034822007702506985e+00
1.039155980350197961e+00
1.034395521624555059e+00
1.036502991416743180e+00
1.038058385437353959e+00
