2.250000000000000056e-01
6.730437596780568243e-02
6.730437596780568243e-02
1.782145462177296413e-01
1.590802186872786184e-01
1.609186234398589654e-01
2.048349258436283904e-01
2.049907705620195586e-01
2.063785088743619045e-01
2.178343624673961809e-01
2.593864266902648485e-01
2.631428228101631017e-01
2.664045144136106269e-01
2.687048618677499445e-01
3.289290952317155403e-01
3.309847618377532719e-01
3.354898470312931424e-01
3.379754918101426364e-01
3.947491803854314418e-01
3.980158574316813858e-01
4.092849244888652205e-01
4.137520205310167842e-01
4.136914791889888532e-01
4.751013458812807233e-01
4.760112034775044743e-01
4.937793727069256233e-01
4.922930463058192152e-01
4.955039907854962844e-01
5.537049291385288674e-01
5.578847021116410954e-01
5.553327806530210520e-01
5.686075926709120987e-01
6.352454412799388717e-01
5.526661772529382066e-01
5.473953184976424469e-01
5.485575474435988585e-01
4.885931908028842696e-01
5.768323886886376206e-01
5.775999546708889820e-01
5.576703100147022418e-01
5.405215501387741206e-01
6.157163984116713618e-01
6.198617014606957465e-01
6.173044121532152984e-01
6.014116033633167824e-01
6.828349788658817365e-01
6.895388037320492325e-01
6.800287255969740263e-01
7.564339770086190295e-01
7.532009230989750170e-01
7.583586185646934430e-01
8.422245704790595200e-01
8.189528650841584323e-01
9.029329278704062434e-01
8.942586199561289861e-01
9.783312427186516835e-01
9.758250889701475250e-01
1.060764898939002165e+00
1.180630492390850383e+00
1.487838050133572843e+00
1.624802979344816878e+00
1.683240997613796308e+00
1.673756378375380161e+00
1.666400555366345237e+00
1.678836327389330974e+00
1.646365307835051084e+00
1.612575998697922008e+00
1.637028397261996338e+00
1.605862613249090520e+00
1.588925869638988297e+00
1.585484642884738893e+00
1.557822628201386506e+00
1.555165294100341766e+00
1.550529981679082070e+00
1.579769356659460833e+00
1.668902577956086208e+00
1.784266577959008115e+00
1.847222693639383184e+00
1.839943408698167859e+00
1.835357788831636583e+00
1.789286954973725363e+00
1.776495059726395764e+00
1.783523137171081796e+00
1.777033575439719737e+00
1.757711571797690775e+00
1.730218037734635894e+00
1.723487743786504822e+00
1.728480802098185887e+00
1.739911377588361674e+00
1.747268702976225718e+00
1.749147773170731668e+00
1.743171390994393555e+00
1.773111108716936890e+00
1.755133769472029037e+00
1.766609301802057885e+00
1.780461850682954372e+00
1.793167238493822424e+00
1.788638619969899368e+00
1.804253521748477418e+00
1.773832274193860359e+00
