2.250000000000000056e-01
0.000000000000000000e+00
0.000000000000000000e+00
0.000000000000000000e+00
0.000000000000000000e+00
0.000000000000000000e+00
0.000000000000000000e+00
0.000000000000000000e+00
0.000000000000000000e+00
7.618281629939303856e-02
1.093601739466846523e-01
1.100259791923288155e-01
1.550391281126281273e-01
1.454597002267192241e-01
1.474160350665976449e-01
1.912166215310362460e-01
1.949276085186310847e-01
1.892395658961471272e-01
2.124824825769728864e-01
2.109026200670665041e-01
2.166940361455571840e-01
2.326042001938083970e-01
2.687083459582219058e-01
2.753209183751966771e-01
2.998386654426111186e-01
3.293260677229996047e-01
3.567206889475739162e-01
3.924515030526254944e-01
4.088031681156032437e-01
7.240269354786575962e-01
8.218044144770670911e-01
9.093850650358453747e-01
9.519369449502136371e-01
9.014758576319634731e-01
8.717566820469943023e-01
8.636425425436449199e-01
8.564398615126689318e-01
9.346348952884726557e-01
9.264252465562227146e-01
9.443687311620373448e-01
9.773937774159334735e-01
9.998772429890359081e-01
9.892444221253405834e-01
9.833098675405445022e-01
9.950913606039514248e-01
9.995345910980680815e-01
1.042084281488502739e+00
1.066514037349894695e+00
1.049538436856447543e+00
1.036392356810047044e+00
1.028529549873095750e+00
1.038864556325367783e+00
1.041470324468988018e+00
1.048398518866066942e+00
1.048120525767755051e+00
1.054636211170192128e+00
1.063636320275580083e+00
1.082179977326179543e+00
1.096798258242196011e+00
1.060683581083903926e+00
1.045068136493003230e+00
1.034876319349216978e+00
1.041685340120181547e+00
1.020138288698261064e+00
1.009055012438539123e+00
1.013273457962292845e+00
9.959754593932969025e-01
1.012857896242905120e+00
1.041259583709360559e+00
1.058394579157716064e+00
1.076297575402846984e+00
1.076327483127583529e+00
1.131690746621334842e+00
1.140549832811409425e+00
1.174741694029327599e+00
1.167166205819460290e+00
1.164219885108012109e+00
1.156898437405307956e+00
1.147442583789260784e+00
1.139164649752832936e+00
1.118865565701429254e+00
1.124053637571708952e+00
1.127243131008370591e+00
1.126587552174663776e+00
1.142361216598999585e+00
1.141076563155994927e+00
1.150253141325045858e+00
1.155753654396727725e+00
1.152042298940405773e+00
1.143438676289837419e+00
1.138391298258510487e+00
1.145788556085515442e+00
1.159359443118505695e+00
1.157602404809227048e+00
1.170028077633413099e+00
1.173192553958914530e+00
1.166195949465953952e+00
1.160551143189910261e+00
1.157645008509880613e+00
1.161381346136056925e+00
