2.250000000000000056e-01
0.000000000000000000e+00
0.000000000000000000e+00
0.000000000000000000e+00
0.000000000000000000e+00
0.000000000000000000e+00
0.000000000000000000e+00
7.187495891779120682e-02
5.558674046393358159e-01
6.315519941430862705e-01
6.078684250217027962e-01
6.529294024793828033e-01
6.700093700442402156e-01
7.316374808588880230e-01
7.678829478820088372e-01
8.047948630792028935e-01
8.135173107765497624e-01
8.254458708100961273e-01
8.511195151457190411e-01
8.522400849616051932e-01
8.147014077143489574e-01
8.049974783099347331e-01
7.989790539286053539e-01
7.809021818629815481e-01
8.046376187455314133e-01
8.319755857865526183e-01
8.153205433626509180e-01
8.172881170786761018e-01
8.367791581763209807e-01
8.544024433479373570e-01
8.511953477222151676e-01
8.470854403496735907e-01
8.128963307674388350e-01
7.983598618666253310e-01
7.823315881109532688e-01
7.754584046109552764e-01
7.735392413677503187e-01
7.642658175016565636e-01
7.450072220644512466e-01
7.278163164593633994e-01
7.448140426184601814e-01
7.574580715541756604e-01
7.578730824435232494e-01
7.644131867316547035e-01
7.673011538547864774e-01
7.744196182072816681e-01
7.711955302538306967e-01
7.659844777072630784e-01
7.704710673693800915e-01
7.569789179516964728e-01
7.573276533423132229e-01
7.519944044475015410e-01
7.569630820702845098e-01
7.542437050168639967e-01
7.637196256998199928e-01
7.843523542671626547e-01
7.902092797783917266e-01
8.149041092328731528e-01
8.235938797301429748e-01
8.221323649549593382e-01
8.298497729330696071e-01
8.180302720440750797e-01
8.044623836003385042e-01
8.046594062418903626e-01
7.884589745609973388e-01
7.979522778177643438e-01
7.995388251496607923e-01
8.215590172996221074e-01
8.248675091381654223e-01
8.221383485543153347e-01
8.262540039006172066e-01
8.345814258248061002e-01
8.304423539888176053e-01
8.386986850147226669e-01
8.455986408826740020e-01
8.505068966266760011e-01
8.446513918415956557e-01
8.464478231900766092e-01
8.429052626004169824e-01
8.466114687588454091e-01
8.475598057455169254e-01
8.466107078851493606e-01
8.475611050691420623e-01
8.373436699561899177e-01
8.332191781843404366e-01
8.319591474007429488e-01
8.422920230895617477e-01
8.613721610128352024e-01
8.563736039686919987e-01
8.570924695181283415e-01
8.617603993293253550e-01
8.527152309298456911e-01
8.404222908095454470e-01
8.246880370661187065e-01
8.185155596399897870e-01
8.135759732253630139e-01
8.090875476497904062e-01
8.053524598571646376e-01
8.102706384019515706e-01
8.215192681249963158e-01
