2.250000000000000056e-01
0.000000000000000000e+00
0.000000000000000000e+00
0.000000000000000000e+00
0.000000000000000000e+00
0.000000000000000000e+00
8.683071035925863379e-01
8.683071035925863379e-01
9.521245648181245746e-01
9.567287489590775573e-01
9.385326429033039597e-01
9.376353115976987507e-01
9.254247888112412390e-01
9.329683612451226127e-01
9.088626435413119653e-01
8.976729858044599775e-01
9.222005514231570444e-01
9.312401141668763538e-01
9.232483701944307342e-01
8.164327596034620660e-01
8.335015904254680086e-01
8.059148204632159418e-01
8.088160935960562181e-01
8.249556046838136814e-01
7.995746566482334616e-01
7.923952088299864860e-01
7.463051052889906334e-01
8.043965031294793011e-01
8.398866551169819061e-01
8.382477872131419705e-01
8.375415195250348610e-01
8.877016544396811870e-01
9.881766339726394399e-01
1.008534024265446805e+00
1.075615397211289626e+00
1.086732330923974033e+00
1.086707203686704704e+00
1.065132983764121910e+00
1.046394972136138746e+00
1.021547884290287866e+00
1.003825583351919848e+00
9.768748927887691558e-01
9.570652669797613532e-01
9.341521181755209069e-01
9.210654657079717644e-01
9.162997219381572300e-01
9.126048690916974682e-01
9.194127270488277048e-01
9.545859678935439963e-01
9.865512380456359365e-01
9.836013390147361202e-01
9.923789826234983291e-01
9.908559671460628326e-01
9.918031775236227920e-01
9.828157966797058664e-01
9.713774132914759774e-01
9.689373871243179837e-01
9.752537493145462255e-01
9.829766150695068427e-01
9.825086728949095072e-01
9.717397077172751363e-01
9.596976287480636358e-01
9.733245220118851293e-01
9.788578624467100253e-01
9.901603731718831014e-01
9.999323653850334948e-01
9.982625118097772088e-01
1.024715232057380465e+00
1.030819658254252813e+00
1.031566961488546541e+00
1.013915377759313952e+00
1.004280728011740509e+00
9.953056432139764098e-01
9.844687906536006006e-01
9.812582555944061591e-01
9.650550741415168110e-01
9.632510002855285691e-01
9.518062701340956888e-01
9.709162777656615839e-01
9.592799600260303317e-01
9.599669106211540237e-01
9.660420560287344971e-01
9.589106934742843702e-01
9.582704374569471772e-01
9.720762748445732626e-01
9.852514332466053570e-01
9.913524226661907246e-01
9.949858544327045973e-01
9.957390273023127847e-01
9.877956153414272356e-01
9.780883790156528201e-01
9.738145372314329640e-01
9.628862016388383127e-01
9.598220785929237886e-01
9.579549204264127260e-01
9.515068544380368420e-01
9.606748249532912620e-01
9.634577218748763272e-01
9.608865872248271156e-01
9.568013682043291501e-01
