2.250000000000000056e-01
0.000000000000000000e+00
0.000000000000000000e+00
0.000000000000000000e+00
0.000000000000000000e+00
0.000000000000000000e+00
0.000000000000000000e+00
2.915908828597905678e-01
2.877204501704539452e-01
3.044037635490126625e-01
3.105712737128789591e-01
3.168848117104796080e-01
3.416421177521625774e-01
3.512146980384850958e-01
3.508669327659393322e-01
3.696655223325015505e-01
3.753977385418536539e-01
3.753965578965562933e-01
3.856808807870913403e-01
3.956325913930319182e-01
4.003348174907356838e-01
4.013999829226313487e-01
4.106608796159594843e-01
4.196576952728519605e-01
4.255672503928979444e-01
4.366669069264785263e-01
4.445056826271674422e-01
4.564468323655823667e-01
4.683107411906523576e-01
4.866477598665084892e-01
4.959766277087446773e-01
5.057543975935703262e-01
5.319777289920241126e-01
5.470319104255949583e-01
5.619217220117526113e-01
5.776295407879508126e-01
6.018620230098298274e-01
6.169339419667856372e-01
6.286397885240357919e-01
6.410080192042761915e-01
6.632114735308229925e-01
6.769975759984837582e-01
6.875899302133968716e-01
7.101696386695720564e-01
7.287051082148930936e-01
7.492075058676544996e-01
7.659848836329409272e-01
7.820937042195033051e-01
7.981068361897920571e-01
8.260285245095636553e-01
8.505246166124171836e-01
8.676776035899691486e-01
8.866867756613117102e-01
8.947881823000907175e-01
9.044382826655302798e-01
9.113370284019276513e-01
9.014057556503890511e-01
8.324435090087760614e-01
8.166644449146567286e-01
7.963904576244544842e-01
7.956199278857025714e-01
8.100479521007436512e-01
8.251126353950206660e-01
8.071990619939927170e-01
8.171356540388157175e-01
7.951932958409364538e-01
7.828481585784169416e-01
7.651366620099208093e-01
7.500424200823975207e-01
7.453782043401129265e-01
7.228218316137065003e-01
7.188494827375115914e-01
7.322868484106008768e-01
7.209039139930533135e-01
7.236417937480766893e-01
7.304680781547764346e-01
7.426572618713974672e-01
7.483626482892342668e-01
7.603595482637379721e-01
7.822064828460018049e-01
7.985499781343253778e-01
8.131646037956978823e-01
8.268623422057351791e-01
8.371890119870820657e-01
8.444434725063635350e-01
8.444281560037024681e-01
8.422957173091041305e-01
8.383030512982241333e-01
8.328984640159700081e-01
8.268214860624748530e-01
8.178462281091924968e-01
8.097426778994002428e-01
8.045386530892943977e-01
7.952705746294997935e-01
7.895437563505419698e-01
7.827647856794588410e-01
7.785784886133120253e-01
7.648149207110390702e-01
7.476031917964542917e-01
7.363412158538936714e-01
