2.250000000000000056e-01
0.000000000000000000e+00
0.000000000000000000e+00
1.391383640425642554e+00
1.265307253401120713e+00
1.287572199875792966e+00
1.239373701218254853e+00
1.148717825481720523e+00
1.008248369107006992e+00
9.863342141690867315e-01
9.202388076891669932e-01
9.859853467190401455e-01
9.555886184041801901e-01
9.118575808574853614e-01
8.870670998654697215e-01
8.893056659606370928e-01
8.932245202633156689e-01
9.147950089161791531e-01
9.709666092016773220e-01
9.714059295503058022e-01
9.681613643189787011e-01
9.637427197703776205e-01
9.814979738555275057e-01
1.005294875172120905e+00
1.018702816732418803e+00
1.041561986486808644e+00
1.050291748704234474e+00
1.057698192667748893e+00
1.057425232840413676e+00
1.068362018671998204e+00
1.066175346436532001e+00
1.073689547926931054e+00
1.088629596490735985e+00
1.083490752873070617e+00
1.040883813242608813e+00
1.016341906652047156e+00
1.010037453055221413e+00
1.004369599160820803e+00
9.970686423684288480e-01
9.934534356913623521e-01
9.904150061662345683e-01
9.743102856571903558e-01
8.462495016563944539e-01
7.817343123405424699e-01
7.313537576890627445e-01
7.060924457704486068e-01
6.895054788178105465e-01
7.109838968098763923e-01
6.532947810724513138e-01
8.376921211347518881e-01
9.064771632980038740e-01
9.198055687262238767e-01
9.330345779398192541e-01
9.431376252706693553e-01
9.515709433763299696e-01
9.482403958044880454e-01
9.432016416106085988e-01
9.486009068367401431e-01
9.487304960780981178e-01
9.770042086077047605e-01
9.706175359596159735e-01
1.006164014252296290e+00
1.007919386008466756e+00
1.012266508488307570e+00
1.030961341429440514e+00
1.038545526839328437e+00
1.075348462944617500e+00
1.053235809124785316e+00
1.038321659351900683e+00
1.025226607748715324e+00
1.024882339884909177e+00
1.018026981503810546e+00
1.013751229720359914e+00
1.030165979198982784e+00
1.034527601433636423e+00
1.043392488127788731e+00
1.048208124236271521e+00
1.049281254815301212e+00
1.054271567958470879e+00
1.046732871643849094e+00
1.094977434772869351e+00
1.105966944882391001e+00
1.108183512608380994e+00
1.114036438475100255e+00
1.122165982269822448e+00
1.138438736454588929e+00
1.127435790502953505e+00
1.123705478738290076e+00
1.119742293012633061e+00
1.114832277133230631e+00
1.122753770378293936e+00
1.119241365722807524e+00
1.134989677651144779e+00
1.082392412080526167e+00
1.019597272049417747e+00
9.750571089124427937e-01
9.515141958175925563e-01
9.807418364341110584e-01
9.900412960074130853e-01
9.589016618992755037e-01
