2.250000000000000056e-01
0.000000000000000000e+00
0.000000000000000000e+00
0.000000000000000000e+00
2.188100428774790163e-01
2.174128676807360883e-01
2.457821175063976127e-01
2.557536105391930437e-01
2.707500453835328114e-01
2.820643276658780230e-01
3.053890743542039266e-01
3.261291991868993656e-01
3.268810143084848185e-01
3.532330034201662805e-01
3.775616873650733396e-01
3.801621791076593704e-01
4.101772773875991263e-01
4.364691422717309477e-01
4.441156361847287126e-01
4.546539792168295957e-01
4.626019081321950388e-01
4.889947804265663556e-01
4.926556257111865955e-01
4.927864322298578514e-01
5.180198471273548266e-01
5.228618368944013550e-01
5.153838728003453662e-01
5.248081131265033283e-01
5.490514350344485317e-01
5.507664541853475315e-01
5.642705862257375582e-01
5.930069590566134918e-01
5.966030393558980904e-01
6.139444584392520499e-01
6.366657489292435468e-01
6.503208576908581229e-01
6.576807543482942053e-01
7.661149728334863962e-01
7.846378248284345824e-01
8.467297607564543416e-01
9.434850014141454855e-01
9.602643396714329871e-01
9.491593170570955529e-01
9.176587616752573950e-01
9.156866800263743222e-01
8.840603693136415142e-01
8.518738657549269622e-01
8.939014650083978442e-01
9.185596715688566505e-01
9.899214042234784072e-01
1.014306439804746773e+00
1.037218478680692169e+00
1.046896337543834932e+00
1.105007781023280344e+00
1.169817339407412726e+00
1.184515395198767029e+00
1.190325743487970600e+00
1.195452375296217618e+00
1.227989435905403770e+00
1.215597679687888011e+00
1.234329917995867332e+00
1.274846108849465587e+00
1.289638406455489994e+00
1.327070147460586824e+00
1.358745816013727126e+00
1.299402313924913122e+00
1.266213940825303697e+00
1.255081996432043434e+00
1.270743418079131049e+00
1.257105456966036927e+00
1.235530289703516527e+00
1.225602210787370305e+00
1.230554988470146549e+00
1.229276485875711700e+00
1.236980066420403368e+00
1.260879752568577317e+00
1.280284233668328220e+00
1.274962340930704929e+00
1.280974882640079970e+00
1.260965297973756005e+00
1.253259651970524802e+00
1.263402079890795893e+00
1.253211094869875808e+00
1.269899140491296485e+00
1.300459501900844028e+00
1.278647085447467857e+00
1.275237447948269098e+00
1.282156435776522496e+00
1.263908101064947775e+00
1.250585336982983353e+00
1.234941825886499256e+00
1.229728993493853340e+00
1.219573748864849927e+00
1.196386994509291757e+00
1.181386858924523997e+00
1.166766239614660527e+00
1.138509502265341089e+00
1.118871328130219833e+00
1.079837860875603184e+00
1.068184097071645633e+00
