2.250000000000000056e-01
0.000000000000000000e+00
0.000000000000000000e+00
0.000000000000000000e+00
0.000000000000000000e+00
0.000000000000000000e+00
0.000000000000000000e+00
0.000000000000000000e+00
0.000000000000000000e+00
0.000000000000000000e+00
0.000000000000000000e+00
0.000000000000000000e+00
0.000000000000000000e+00
0.000000000000000000e+00
0.000000000000000000e+00
0.000000000000000000e+00
0.000000000000000000e+00
0.000000000000000000e+00
0.000000000000000000e+00
0.000000000000000000e+00
0.000000000000000000e+00
1.013255629730797081e+00
1.013928289823541107e+00
1.024150259068582480e+00
1.031696751188752037e+00
1.040766256739819262e+00
1.053025415614773364e+00
9.740534581835362804e-01
9.734665751854362226e-01
9.734792911746552591e-01
9.119272468870014414e-01
9.171189219560486050e-01
9.217309151822123958e-01
9.253044996318794402e-01
9.427373992568287564e-01
9.433361138208703478e-01
9.295609308319924269e-01
9.510797159759761810e-01
9.703116195924372800e-01
9.616471602927784135e-01
9.553537780053716899e-01
9.858704307116304966e-01
1.015341245339187237e+00
1.034984187077649276e+00
1.072503581494738567e+00
1.098728896230933394e+00
1.084923066354162691e+00
1.076014456544993614e+00
1.105556672486699421e+00
1.105365140526249013e+00
1.100153092652368603e+00
1.106005992047293995e+00
1.104119224941174204e+00
1.115320112649605289e+00
1.104421324027154316e+00
1.102879770286156136e+00
1.117183394088821835e+00
1.104953360317978861e+00
1.096958955714806727e+00
1.091054509819255225e+00
1.092818492211730996e+00
1.084885951112271707e+00
1.090745595264554169e+00
1.098110646645496402e+00
1.105099320920163830e+00
1.093899013070658732e+00
1.098287368555131316e+00
1.108987054527677873e+00
1.106687817661919704e+00
1.110695518325428344e+00
1.102009258137317316e+00
1.103789210955409050e+00
1.109201198984926195e+00
1.108104219364866694e+00
1.121038331208472405e+00
1.120956266404745660e+00
1.125604718479805477e+00
1.115653550086424861e+00
1.104563908999189659e+00
1.107334669119742321e+00
1.100138823372820651e+00
1.103367164191010330e+00
1.098391794383365427e+00
1.091882744655806370e+00
1.089548937867895750e+00
1.090002371919842172e+00
1.089834816516579208e+00
1.095826588117480460e+00
1.091248380138118534e+00
1.089629398282676798e+00
1.088696931356107234e+00
1.104571686188606572e+00
1.100318033907447646e+00
1.095373140174715543e+00
1.100620451412451350e+00
1.104107891224174853e+00
1.100136885881429327e+00
1.089270015450945150e+00
1.085580018203955666e+00
1.093837028089131191e+00
