2.250000000000000056e-01
0.000000000000000000e+00
0.000000000000000000e+00
0.000000000000000000e+00
0.000000000000000000e+00
4.504013210601297001e-01
1.948307665024829882e-01
2.576677885548629421e-01
3.471968035610204506e-01
3.545526950371704067e-01
3.995895615216272234e-01
4.629232062079208232e-01
5.075674373797591787e-01
5.401422936156140553e-01
5.847842121591015907e-01
6.305027651357930640e-01
6.504940271334693769e-01
6.684044833817011089e-01
6.872042648635564577e-01
7.150186146906739593e-01
7.217200680741043817e-01
6.931050310074884369e-01
6.625028359161115876e-01
6.543911274740659145e-01
6.630350009459918814e-01
6.315325916925975669e-01
6.193494070857775702e-01
5.905084358312856496e-01
5.788305375322471136e-01
5.698363935366075328e-01
5.620767555924354175e-01
5.676396664677788584e-01
5.738324666211706004e-01
5.757790804576820021e-01
5.695006221095028076e-01
5.874067453833620167e-01
6.036467905527427291e-01
5.930372278742321868e-01
5.970166743442057999e-01
6.050323807611452942e-01
6.250565253397667442e-01
6.338411726459350914e-01
6.435606382847759432e-01
6.394176380429545947e-01
6.395507807864324601e-01
6.374472000668093274e-01
6.391091548864179517e-01
6.333206925241782193e-01
6.412447385154030899e-01
6.245907934490809721e-01
6.190141141891716270e-01
6.179536231023404769e-01
6.069443475230813512e-01
5.834880709877587890e-01
5.908683560214293973e-01
6.014161508782653875e-01
6.323032695328302255e-01
6.396283272682604659e-01
6.642519135749700432e-01
6.977079168913329354e-01
6.747513422945919936e-01
6.845985683326207827e-01
7.010746826564842049e-01
7.080010688952079745e-01
7.164233786864111497e-01
7.142736220007377401e-01
7.311019317545704999e-01
7.467967490082052517e-01
7.518381354540358830e-01
7.548720552048509003e-01
7.605914425386299804e-01
7.721069395244796185e-01
7.755358077173458708e-01
7.829962280679944042e-01
7.786336261512168955e-01
7.589429850481734796e-01
7.484520123935113345e-01
7.510673983770502771e-01
7.465591543418961251e-01
7.354216327634188755e-01
7.258449919026703778e-01
7.173555012708346945e-01
7.063365008123426714e-01
7.061434908199505367e-01
6.980114723814119237e-01
6.938035807334146376e-01
6.960666298842724808e-01
6.992827488753809995e-01
6.994088397822543213e-01
6.910691114259576162e-01
6.934353182825404582e-01
6.956208120803474282e-01
6.985120539690854446e-01
7.037338667520331992e-01
7.016640864845559156e-01
7.015079351305781863e-01
6.979692296275389340e-01
6.911707202544981055e-01
6.873708985012818573e-01
6.854625192462132643e-01
