2.250000000000000056e-01
0.000000000000000000e+00
0.000000000000000000e+00
9.184890594893058147e-01
1.138370236391950341e+00
1.219406590842996518e+00
1.313075325362142554e+00
1.270196759012948151e+00
1.154794670671134060e+00
1.087975427374939574e+00
1.064757949648287072e+00
1.075349569434542962e+00
1.116802249855748608e+00
1.187594908121879733e+00
1.244595208396373831e+00
1.254215564095001678e+00
1.269387029969146319e+00
1.273268855163392166e+00
1.281375648833702030e+00
1.282119180869989439e+00
1.280387609653051095e+00
1.291947442422296310e+00
1.286760960902507245e+00
1.291858368435393922e+00
1.293177848612778291e+00
1.279563031210516177e+00
1.284749059677454897e+00
1.284378439299371788e+00
1.258547413581629471e+00
1.266228865655831815e+00
1.264392181818599248e+00
1.223301241096736547e+00
1.237913918808949409e+00
1.235221534591450787e+00
1.209704489124246551e+00
9.601705638101422080e-01
1.135589106206205345e+00
1.216187801698754622e+00
1.236253449820302164e+00
1.210178677295987049e+00
1.208014973362567801e+00
1.287378703052258544e+00
1.263443880273636744e+00
1.335185792066068133e+00
1.332749082499566695e+00
1.310949039489386347e+00
1.293466075510317337e+00
1.248338369077059529e+00
1.203247839806913966e+00
1.177889453329150626e+00
1.171723054858224478e+00
1.162541670767255786e+00
1.162554636501694105e+00
1.191204314713639967e+00
1.188818723823727108e+00
1.195703631983284554e+00
1.203320847868160071e+00
1.200808630085258955e+00
1.182886870684010994e+00
1.195000078562507007e+00
1.194576919741905385e+00
1.203093891352668088e+00
1.197084221758291323e+00
1.203129590599897547e+00
1.206939418778701256e+00
1.201597178565300350e+00
1.235604416631221891e+00
1.232628196022130584e+00
1.207941178676755323e+00
1.186300139412968635e+00
1.172956739674664517e+00
1.172370649641366613e+00
1.236667748945325052e+00
1.245835083766382523e+00
1.225787901060086282e+00
1.207496286493179971e+00
1.221022350366896880e+00
1.234488322482738099e+00
1.241165239069726312e+00
1.224346799730719138e+00
1.205725584520214166e+00
1.192927263935405158e+00
1.182581773292742611e+00
1.179201816830797833e+00
1.185628738076995869e+00
1.179494628018719737e+00
1.170347519687361615e+00
1.177871696033414128e+00
1.191719735457911877e+00
1.211588850004224449e+00
1.211366579892342310e+00
1.236938809281900031e+00
1.234151261945398925e+00
1.231791012623790316e+00
1.213793351967842771e+00
1.197548013293540103e+00
1.179508367787667211e+00
1.159573167403339156e+00
1.193728248478022724e+00
1.211427983801126151e+00
