2.250000000000000056e-01
0.000000000000000000e+00
0.000000000000000000e+00
0.000000000000000000e+00
0.000000000000000000e+00
0.000000000000000000e+00
0.000000000000000000e+00
0.000000000000000000e+00
0.000000000000000000e+00
0.000000000000000000e+00
0.000000000000000000e+00
4.804260626619076824e-01
7.035644012339291598e-01
9.988969198945838457e-01
1.483606571504720639e+00
1.438091039240797064e+00
1.549609720286235781e+00
1.577127049874616382e+00
1.566095163736326290e+00
1.579730679994703291e+00
1.579083344513541265e+00
1.562061757199126433e+00
1.561075389347846620e+00
1.568702295543579206e+00
1.662111757220143149e+00
1.684240655310832224e+00
1.720678868390302929e+00
1.749492280420634760e+00
1.736033183061348906e+00
1.739016643456339439e+00
1.747965840672339732e+00
1.771739732183884586e+00
1.775265493041617182e+00
1.752382586520223606e+00
1.739837290433067230e+00
1.764793068303055268e+00
1.741648319556985403e+00
1.712617769809663848e+00
1.674382730435337363e+00
1.635064620564233406e+00
1.660296598369753962e+00
1.582250660987128299e+00
1.654919373524427417e+00
1.675034946757097742e+00
1.662829185561360612e+00
1.626282822950515294e+00
1.584480122819036607e+00
1.587645268150315259e+00
1.565296165916268301e+00
1.547017458951242874e+00
1.553350039035066077e+00
1.569540316308080552e+00
1.582937055039332686e+00
1.606895958020620352e+00
1.599991935672506083e+00
1.571433105892881432e+00
1.555292640873431109e+00
1.590248499177112418e+00
1.568530604497988978e+00
1.589205610624750742e+00
1.584796598015680624e+00
1.594488987394560020e+00
1.599630129577707560e+00
1.601641759282359523e+00
1.560732311801196870e+00
1.536995339787458725e+00
1.513908470369530024e+00
1.480081971964117615e+00
1.474632666428462802e+00
1.506387388639489178e+00
1.524391997125915887e+00
1.539854678285698553e+00
1.529921658293624365e+00
1.497927890678159235e+00
1.482755911664436210e+00
1.475103180356543753e+00
1.482050280434992429e+00
1.484593945691605299e+00
1.485853781177773447e+00
1.484362417609951246e+00
1.487405688971936479e+00
1.477216647000063166e+00
1.487122242966626873e+00
1.494696061258446340e+00
1.464021847916342267e+00
1.449177514009570400e+00
1.458085887846126472e+00
1.451779984895795517e+00
1.468652477030157000e+00
1.467627395100939980e+00
1.482418191657554729e+00
1.485454154414312278e+00
1.489944975885702405e+00
1.494952184511809667e+00
1.479936163077561373e+00
1.469356880311202929e+00
1.459886492860841933e+00
1.459781499803736393e+00
1.470162236017868107e+00
1.478979156221855051e+00
