2.250000000000000056e-01
0.000000000000000000e+00
0.000000000000000000e+00
0.000000000000000000e+00
0.000000000000000000e+00
0.000000000000000000e+00
0.000000000000000000e+00
0.000000000000000000e+00
0.000000000000000000e+00
0.000000000000000000e+00
0.000000000000000000e+00
0.000000000000000000e+00
0.000000000000000000e+00
1.988283063234321524e-01
2.481818216042382397e-01
3.145417305075051684e-01
3.707620964623734583e-01
4.305736533270876354e-01
5.961996348905972409e-01
6.712109013084793796e-01
7.423866038954149982e-01
8.818406342017199862e-01
9.106497564011324375e-01
9.085743812642472772e-01
9.212608304338262277e-01
9.780743924367315545e-01
1.048062015672180936e+00
1.071006236630270170e+00
1.083019285372777585e+00
1.073229753420924082e+00
1.091892816910523312e+00
1.094683785732398329e+00
1.095844719431655623e+00
1.096379124420159501e+00
1.097354789389665575e+00
1.083248659513232681e+00
1.104019407532205177e+00
1.101429199911018841e+00
1.101572509053345694e+00
1.111482419431986779e+00
1.122272104573202478e+00
1.123878310423083837e+00
1.112132183312678047e+00
1.112298073123472841e+00
1.111419644823145481e+00
1.098369186141665121e+00
1.100142522937701983e+00
1.095118467878765767e+00
1.094943344892821857e+00
1.100742689415185716e+00
1.098654595523095301e+00
1.092506245703740664e+00
1.089737763457430564e+00
1.089949394128031823e+00
1.091784215094975252e+00
1.087405641930437872e+00
1.086140271398631674e+00
1.098246620888129632e+00
1.094620842629336233e+00
1.099715374546330393e+00
1.091528947302593089e+00
1.090277714532609910e+00
1.093868294429825028e+00
1.096247319840601087e+00
1.091124139748883781e+00
1.087753353123076305e+00
1.092848656232436655e+00
1.093745572151795020e+00
1.088555366847594907e+00
1.092649450898313335e+00
1.089878947466703663e+00
1.086649221625601625e+00
1.085763489413005267e+00
1.086683334288788272e+00
1.084070541931688725e+00
1.084270278963523904e+00
1.084438710591476784e+00
1.092322668448645784e+00
1.097660677311661948e+00
1.091937628268595750e+00
1.082195716571763722e+00
1.083454373559070705e+00
1.077295607254129761e+00
1.082148286251431557e+00
1.094983900548883504e+00
1.103877539572005739e+00
1.100074945839150997e+00
1.101175767456883170e+00
1.095578701743260108e+00
1.093419918293686788e+00
1.095628436891986635e+00
1.095990196479248668e+00
1.097670838998594300e+00
1.096314640749189273e+00
1.092636495951787801e+00
1.100173047134452187e+00
1.113307730137703677e+00
1.117095924758123138e+00
1.126820117164463397e+00
1.135094490122401156e+00
