2.250000000000000056e-01
0.000000000000000000e+00
0.000000000000000000e+00
0.000000000000000000e+00
0.000000000000000000e+00
0.000000000000000000e+00
0.000000000000000000e+00
0.000000000000000000e+00
5.566916201457452473e-01
5.627027951376253334e-01
6.958440725071757260e-01
6.841595314457280530e-01
6.940100409400083992e-01
6.818141986947211519e-01
6.090472173044882975e-01
5.746262362718190797e-01
5.589052463005385052e-01
5.428102166047550359e-01
5.486200053683635280e-01
5.441402719892174389e-01
5.222878485492044032e-01
5.080167531446410090e-01
5.138034485427447340e-01
5.271197404283035626e-01
5.259626044281831003e-01
5.207008063597914349e-01
4.925586792793272828e-01
4.765768288839148381e-01
4.953399902641285601e-01
5.004935882085587151e-01
5.066100170023245530e-01
5.199081462989250113e-01
5.273692017428891488e-01
5.308512641231944995e-01
5.346058004453755341e-01
5.554850140134867109e-01
5.772762561013350391e-01
5.961960633441707458e-01
6.071348943276549948e-01
6.151901670081334483e-01
6.247921588507615587e-01
6.236855927244823183e-01
6.188072815334190180e-01
6.081913355586796577e-01
6.018517879923550584e-01
6.014442106956700007e-01
6.032918312037004460e-01
6.132399365060678953e-01
6.128117181798287127e-01
6.157081936994773796e-01
6.180222476396368680e-01
6.122223477387788160e-01
6.184132381640892184e-01
6.176513890228206849e-01
6.171860975986744879e-01
6.144829361606769513e-01
6.114300621345641895e-01
6.089411633688407433e-01
6.073932973280496972e-01
6.064631896867257455e-01
6.063061742624553663e-01
6.099668291299045197e-01
6.076015966461190132e-01
6.080518973312943887e-01
6.070029144587764103e-01
6.022085771943654908e-01
5.951775260238756360e-01
5.930591810051391022e-01
5.888644972325338678e-01
5.813566127458593691e-01
5.793566729948779193e-01
5.717685800432571464e-01
5.683918893304025222e-01
5.597096491507038696e-01
5.576147627604648438e-01
5.528142866483730655e-01
5.548567342399862712e-01
5.542788821642705699e-01
5.537578313906256211e-01
5.497469792120421861e-01
5.430004208166799851e-01
5.436051018361310883e-01
5.400251885597940893e-01
5.419543275580145369e-01
5.415201115636253393e-01
5.438911463220066356e-01
5.418981859386882149e-01
5.412001393023816442e-01
5.432393687105976365e-01
5.425823292294725819e-01
5.424221138109011076e-01
5.361858590114795264e-01
5.310916394307977351e-01
5.278650289470419033e-01
5.268380122365359242e-01
5.268306986902177025e-01
5.367372944423961512e-01
5.414327861821870425e-01
5.472862538388062470e-01
5.489384207118243042e-01
