2.250000000000000056e-01
0.000000000000000000e+00
1.385305551336825369e-01
2.680005091356635893e-01
2.160759120291425861e-01
1.836314006045491054e-01
5.366916207674865547e-01
6.743348351476503577e-01
7.707468099054770594e-01
7.731441488268691042e-01
7.705038206945791224e-01
7.662148475325402108e-01
7.319188468825555960e-01
7.546046975886098185e-01
7.230748954276849938e-01
6.951603257420878590e-01
6.994284637638724655e-01
6.610972698731771846e-01
6.432045790497211701e-01
6.681446901283450979e-01
6.015656961943427472e-01
6.774705492450677768e-01
6.826136367275327244e-01
7.026183465903449443e-01
7.175485891052481024e-01
7.266790904639919280e-01
7.556850328245000581e-01
7.566983005920439043e-01
7.649201273655380495e-01
7.914852704120750593e-01
8.233906273703007761e-01
8.344123170500847841e-01
8.492069606696980300e-01
8.575512483395554275e-01
1.016172164057451033e+00
1.011646779396331519e+00
1.012316709735439080e+00
9.938433987999638619e-01
9.713694655456233118e-01
9.577727342259479970e-01
9.400709331298360283e-01
9.176462366744748689e-01
8.919821697639592761e-01
8.726872466495733116e-01
8.451791268083885811e-01
8.331241689586547094e-01
8.195524423439959349e-01
8.131638813556014700e-01
8.042469903853810553e-01
8.028716484617565152e-01
8.066321931552449254e-01
7.975330837762225622e-01
7.968072641780150622e-01
7.897343764269020294e-01
7.856335159596020690e-01
7.920184774698940666e-01
8.013427398134144175e-01
8.116219584469773762e-01
8.706432736610641987e-01
9.012893689689258636e-01
9.028395233609211035e-01
9.018818167962757704e-01
8.984469836487231076e-01
8.904121163149243401e-01
8.843354817110536947e-01
8.780015265410980874e-01
8.617682146306939739e-01
8.606628045542752403e-01
8.459918359549032374e-01
8.999593995805854618e-01
9.008035656824635584e-01
8.971578817289607155e-01
8.904602324504731214e-01
8.813189311193351250e-01
9.079765795733545364e-01
9.012158905177218848e-01
8.895120981937791882e-01
8.773393319723418182e-01
8.721176987446035422e-01
8.630213334402652148e-01
8.551515621243129806e-01
8.451930531682034786e-01
8.363334225599536875e-01
8.335054833832079568e-01
8.333323007732554855e-01
8.302051704138005972e-01
8.527089628449940895e-01
8.857523939911712274e-01
9.043925226384704752e-01
9.196881975578613533e-01
9.170412330226145325e-01
9.130742675735461500e-01
9.092504302529080817e-01
9.325526672978620146e-01
9.210841826914504260e-01
9.082779950954886772e-01
8.871354920644421993e-01
8.761615496239778533e-01
8.624125895756817872e-01
8.481446308648550314e-01
