2.250000000000000056e-01
0.000000000000000000e+00
0.000000000000000000e+00
1.098060077474360519e+00
8.315965299170244851e-01
8.606836392060379648e-01
8.586386560066616713e-01
8.542357790296121189e-01
9.151664725585274551e-01
8.671058371372800666e-01
9.577623612451390267e-01
9.868795981175593202e-01
9.552072944583867020e-01
9.873844913330681594e-01
1.032472385227529044e+00
1.051953723220119929e+00
1.030760939853534008e+00
9.941898728540220498e-01
9.364667990316282165e-01
9.101854140275746907e-01
9.267632484139890492e-01
9.476351975081614976e-01
9.479823601097084884e-01
9.431976779940596245e-01
9.517114934776339519e-01
9.555979994331990079e-01
9.589977839132860504e-01
9.478175236880043153e-01
9.533486564629948257e-01
9.375906912451457131e-01
9.120129994872210322e-01
9.069851658815263340e-01
8.931605837827187866e-01
8.905912321041921098e-01
8.998592227100117302e-01
9.130859858046287414e-01
9.163465731257159907e-01
9.250532228880434804e-01
9.367834853975686160e-01
9.374045838221626292e-01
9.460313186302911070e-01
9.541144989414463984e-01
9.550876121834855903e-01
9.561293155293696389e-01
9.444876010468742367e-01
9.546702399147176665e-01
9.556418200540726104e-01
9.560703089181458170e-01
9.571384029451750486e-01
9.480869843079439141e-01
9.444555437172449386e-01
9.542752185861986813e-01
9.309079606440657795e-01
9.237607561053974292e-01
9.279326013714999100e-01
9.732999071573915639e-01
9.974045085347548190e-01
1.015319874970298519e+00
1.037417456284874806e+00
1.051231303719690535e+00
1.028774123092682791e+00
9.929339510404370239e-01
9.777817346752267769e-01
9.508006274270001112e-01
9.355532173588611000e-01
9.196769181323104503e-01
9.265691410990553045e-01
9.141673036651065676e-01
9.158172209076663739e-01
9.203058560484561612e-01
9.224508015897776581e-01
9.146215953743733751e-01
9.061430433201849155e-01
9.042483824067640841e-01
9.031102007668735387e-01
9.114895947732480908e-01
9.100156378573014404e-01
8.931169850777471719e-01
8.827957070233946046e-01
8.908259479472692144e-01
9.008638347697265347e-01
9.164842568389941491e-01
9.397924883731932910e-01
9.505566347434564189e-01
9.387210570035191548e-01
9.419745954632102736e-01
9.371771952303227238e-01
9.395296732981912591e-01
9.497891813894455693e-01
9.545240937031426176e-01
9.546446926636387165e-01
9.587594940052651671e-01
9.536325731681526419e-01
9.456469982452504475e-01
9.492418844784135112e-01
9.490731103092588938e-01
9.496307709103949390e-01
9.669796502069267774e-01
9.593131687222686832e-01
9.616959868506022024e-01
