2.250000000000000056e-01
0.000000000000000000e+00
0.000000000000000000e+00
0.000000000000000000e+00
0.000000000000000000e+00
0.000000000000000000e+00
0.000000000000000000e+00
0.000000000000000000e+00
0.000000000000000000e+00
0.000000000000000000e+00
0.000000000000000000e+00
2.611832504901012264e+00
2.580193006041853643e+00
2.548912473245187105e+00
2.380020967082790317e+00
2.321682307978277127e+00
2.288712690069174993e+00
2.202465740634619529e+00
2.051178909223367430e+00
2.011822208148466018e+00
1.970578077111593718e+00
1.927158037208890118e+00
1.891841470820394999e+00
1.863120083576019770e+00
1.854451883582771021e+00
1.854528621270749023e+00
1.863595749669725521e+00
1.841473998269863799e+00
1.824871949978229768e+00
1.833985936054397525e+00
1.813348565766972786e+00
1.836593402624453697e+00
1.824061404479667248e+00
1.852524943468889074e+00
1.839263022941630910e+00
1.835445083503326025e+00
1.858652277284773113e+00
1.959075175045579487e+00
1.949563010087986381e+00
1.928949311833790592e+00
1.906074390559765241e+00
1.934866870952488771e+00
1.983460329768711228e+00
1.997688641491262018e+00
2.024219417574876445e+00
2.022599059043890257e+00
2.008697579264736799e+00
2.035092912678975630e+00
2.046769254350707001e+00
2.027503334414692215e+00
1.989708973955108151e+00
2.000338138416871026e+00
1.990773163253704681e+00
1.969779411259874768e+00
1.943095427546229326e+00
1.912840114067516195e+00
1.893908209135245047e+00
1.878336504883204361e+00
1.868899480879125941e+00
1.859985741946085680e+00
1.845266252216894109e+00
1.804920086159603088e+00
1.781496381194454859e+00
1.801022655399771910e+00
1.803434144188469812e+00
1.797628370154888966e+00
1.834470745989435159e+00
1.846996522581518807e+00
1.837977531561197475e+00
1.845477297633814961e+00
1.859742756369599403e+00
1.871997549685441298e+00
1.871609130780131469e+00
1.876759409775911713e+00
1.868512041170738325e+00
1.871281726652101796e+00
1.868719669640639403e+00
1.868227124938472761e+00
1.866321725615053939e+00
1.869126327565947099e+00
1.860797604682204343e+00
1.859243907638796767e+00
1.829678068262586610e+00
1.816343497915746896e+00
1.806312063482842456e+00
1.806814643696124545e+00
1.797822467126450885e+00
1.799434224513199343e+00
1.824186478536458766e+00
1.815733376775470420e+00
1.811178368132156713e+00
1.811043938617246996e+00
1.821746831942097744e+00
1.832095762754024193e+00
1.834246754961717407e+00
1.836940178895581033e+00
1.856619700154100050e+00
1.850334770706540066e+00
1.858759386196714880e+00
1.852968717014155775e+00
