2.250000000000000056e-01
0.000000000000000000e+00
7.290270448496051492e-02
7.290122014718465604e-02
1.314238597182972590e-01
1.321314135281197732e-01
1.327618690380722444e-01
1.843144721474861414e-01
1.864967987214170841e-01
1.532875741005448045e-01
1.523005971086306976e-01
1.951997440594474553e-01
1.510706639976304999e-01
1.503850774379631716e-01
1.548671807893984009e-01
1.731577001480475164e-01
1.945411592186691851e-01
2.048951467608678412e-01
2.078283487178723965e-01
2.969521564707697792e-01
3.872407759447561437e-01
4.373642851805156218e-01
4.365057487287564708e-01
6.508359760592886678e-01
7.239843844487405811e-01
7.297373556731566735e-01
7.423971384483689651e-01
7.122118428541517332e-01
7.309428391540947478e-01
6.824022932801356855e-01
6.991522760181321239e-01
7.434010270363432538e-01
8.258388213923703036e-01
8.756365655629693157e-01
8.770037791756094547e-01
9.170036155788059418e-01
9.251798640274004892e-01
9.356448808616995017e-01
9.560019204352357969e-01
9.806112118179975967e-01
9.935573019046058940e-01
1.006359708467211345e+00
1.079466285613863263e+00
1.108060160953269868e+00
1.105456897105452585e+00
1.096528079295764568e+00
1.135170694736754582e+00
1.175088561171114376e+00
1.193402309253496663e+00
1.202198548779942033e+00
1.170452406214404828e+00
1.186768980695783293e+00
1.190599627907282798e+00
1.216724404004403626e+00
1.209628853175745089e+00
1.206903122294281649e+00
1.184040981843423435e+00
1.178140112690834407e+00
1.159564116562462610e+00
1.174797107306392530e+00
1.167369702138858045e+00
1.146425144269334062e+00
1.130377844236907459e+00
1.118552541060288341e+00
1.105533223832689371e+00
1.113277204326730496e+00
1.121243688465964228e+00
1.112623585138537763e+00
1.107891262416584199e+00
1.084813027908781535e+00
1.091691429213074604e+00
1.091378626654614381e+00
1.085770555309992558e+00
1.074500214418789179e+00
1.070313251145838862e+00
1.062695533766238931e+00
1.078363751352618749e+00
1.059337409796379470e+00
1.047551942455301921e+00
1.037451535435275574e+00
1.039541889374350880e+00
1.040585257772116634e+00
1.035628055780625667e+00
1.022540352373381145e+00
9.868485876908016374e-01
9.816087451001550557e-01
9.863117366289461119e-01
9.900930367909119845e-01
9.915499946895730554e-01
1.007994393473841122e+00
1.049768113183783935e+00
1.074697624377243921e+00
1.087630482308049373e+00
1.094338122825804449e+00
1.099033914193439987e+00
1.119386213738399860e+00
1.134024927540859373e+00
1.143230865170717703e+00
1.150368036963097529e+00
1.152090068366447895e+00
