2.250000000000000056e-01
0.000000000000000000e+00
0.000000000000000000e+00
0.000000000000000000e+00
0.000000000000000000e+00
0.000000000000000000e+00
0.000000000000000000e+00
0.000000000000000000e+00
0.000000000000000000e+00
0.000000000000000000e+00
0.000000000000000000e+00
0.000000000000000000e+00
0.000000000000000000e+00
0.000000000000000000e+00
0.000000000000000000e+00
0.000000000000000000e+00
3.597361805618768948e-01
3.369624612034791689e-01
5.695134742559671004e-01
5.778876972045964289e-01
6.467669303684223658e-01
6.432089622556395048e-01
7.795405789045033451e-01
8.065091182152017701e-01
8.142229364100608269e-01
8.404435426661975850e-01
8.454963865180875615e-01
8.443729886596758050e-01
8.426931783633677675e-01
8.758100344224205580e-01
8.906377274546605216e-01
8.927347768883391321e-01
8.959737632401195695e-01
8.990526227337437559e-01
9.472245907642631302e-01
9.570773836033420467e-01
9.546526170635438735e-01
9.414047094979747232e-01
9.490475205727647579e-01
9.487541358386514245e-01
9.704384640148339125e-01
9.634120915906250193e-01
9.670146882045582704e-01
9.777184861826639928e-01
9.919561452297249726e-01
9.900837634253319974e-01
9.862057564596683479e-01
9.894514335580574249e-01
9.946726161868030269e-01
9.879451446703131356e-01
9.856372224872665955e-01
9.810118678391266389e-01
9.798583877151303412e-01
9.884285053516391750e-01
9.781175128061141422e-01
9.704706965428437915e-01
9.645965179968021275e-01
9.738082257560728427e-01
9.728668576179853034e-01
9.801514090620451203e-01
9.886193131663596478e-01
9.843143510713964206e-01
9.795054686766899721e-01
9.835369017538798664e-01
9.865897847887175054e-01
9.891893317820336096e-01
9.841380572552739237e-01
9.812427748114161963e-01
9.842606147363913704e-01
9.786117758372149256e-01
9.801296300405669681e-01
9.769795263825289400e-01
9.789182732027412737e-01
9.789288291649728135e-01
9.743340450962536536e-01
9.700058366507090524e-01
9.766150108788450579e-01
9.705666926226723668e-01
9.710919666319631771e-01
9.707292129218206833e-01
9.681675788263147675e-01
9.690130178005302852e-01
9.753111192942193197e-01
9.792266424901250321e-01
9.794102353273290706e-01
9.837701698165244313e-01
9.820109466336486292e-01
9.811372191546906540e-01
9.803901292495262876e-01
9.767166314523555437e-01
9.806959612172283514e-01
9.815065283549940789e-01
9.824574042130707063e-01
9.793737923995884387e-01
9.749907429087588673e-01
9.702134384610847651e-01
9.727257581855733859e-01
9.733357064780885359e-01
9.739234265379650424e-01
9.752962084617693428e-01
