2.250000000000000056e-01
0.000000000000000000e+00
0.000000000000000000e+00
0.000000000000000000e+00
1.754452532269874521e+00
1.739586373917313633e+00
1.736128136638713126e+00
1.722772573815157138e+00
1.711956353854656054e+00
1.710535350698400237e+00
1.709223795629911447e+00
1.679772466178149015e+00
1.676566516688791530e+00
1.673683929081157817e+00
1.653574232254876986e+00
1.636959996825856578e+00
1.632830402557394534e+00
1.629274151793340675e+00
1.594295883966374561e+00
1.453019181804090731e+00
1.268805080021449871e+00
1.030296456094683455e+00
9.610869406294146877e-01
8.849134760193745342e-01
8.206542901630969888e-01
8.266497243861131716e-01
9.137833119928132630e-01
9.253925638654154628e-01
9.282045101853978464e-01
9.097602304602291357e-01
8.688822374951390426e-01
8.696807175071084028e-01
8.578137497807800660e-01
8.845192911297008465e-01
9.214379707294499955e-01
9.786205671416555729e-01
1.012444891547361614e+00
1.054574730002309169e+00
1.097125813360929181e+00
1.111013581035908082e+00
1.129552838390331715e+00
1.153431385338625326e+00
1.195158461208842171e+00
1.212279786513325908e+00
1.194801813818120007e+00
1.135398396622358641e+00
1.033869840719688460e+00
9.592512993353801143e-01
9.093511885183135357e-01
8.845574235791018314e-01
8.819384795505753605e-01
9.203885279576778933e-01
9.531013877056833117e-01
9.481190462653557027e-01
9.489550607831849227e-01
9.820661296955006669e-01
1.000092473850807906e+00
1.019278502699789701e+00
1.022577870878935036e+00
1.035070917958238246e+00
1.043972807749798504e+00
1.043783372229831530e+00
1.052965673645841038e+00
1.061244354449243144e+00
1.063977095641071902e+00
1.066136699003418897e+00
1.066258668770961426e+00
1.060655837231918586e+00
1.051205471506421407e+00
1.032865005377823442e+00
1.003071394627862656e+00
9.963840626320290550e-01
9.966463425237065410e-01
1.006628938566763054e+00
9.909894517549776571e-01
9.855568244586342397e-01
9.974214464527214608e-01
1.020322428966650374e+00
1.058246292134135347e+00
1.061168715161104892e+00
1.080734432587528993e+00
1.086027193325418416e+00
1.109306350877159897e+00
1.130194444930177289e+00
1.121281805069915816e+00
1.106642346980216463e+00
1.109816197925847181e+00
1.125017388182238509e+00
1.148508075082252278e+00
1.150705617104683887e+00
1.135586893063977865e+00
1.128882031146604348e+00
1.124373594116916175e+00
1.114192924176364841e+00
1.103019469661732144e+00
1.110223684688458556e+00
1.104797651581874263e+00
1.108623410375885188e+00
1.106517077267583637e+00
1.106240024433902569e+00
