2.250000000000000056e-01
0.000000000000000000e+00
0.000000000000000000e+00
8.585115627473005606e-01
4.987665491473645130e-01
6.469263533141141886e-01
6.501424103893103101e-01
6.384275504107830290e-01
7.703044736538748882e-01
7.826032489877519094e-01
7.942975771357316805e-01
8.051003451116176546e-01
8.148150083479406280e-01
8.233418730752446457e-01
8.306682634691076039e-01
8.368488385096254367e-01
7.621162656417170833e-01
7.525870209369293073e-01
7.426158696269971049e-01
7.328193558753404169e-01
7.236547390471812502e-01
7.154069954357490380e-01
1.225786687888677395e+00
9.313991704434655405e-01
7.921137865906892062e-01
7.265880021465832561e-01
6.659036102245238231e-01
6.366759696661581369e-01
5.725653833823255434e-01
5.384915392085373176e-01
5.535632575701958658e-01
5.865970132288195193e-01
6.187873243770896092e-01
5.961844789296640856e-01
5.438750314037029687e-01
7.136766856131979697e-01
6.967661701094259863e-01
6.874905419574370846e-01
7.810275030875233337e-01
7.723503582691072511e-01
7.504425755239091389e-01
7.376870155022726694e-01
7.828677857460886180e-01
9.095233690609935140e-01
9.053889431917914177e-01
8.748260908344390741e-01
8.350280520873730739e-01
8.368081170793417733e-01
8.299689787574728861e-01
8.486740865350057561e-01
9.149761230500406128e-01
7.279716120465037354e-01
7.340324233821695632e-01
7.457703082925908333e-01
8.273702726524919671e-01
8.166946518243243247e-01
7.938690025226021740e-01
8.869257509781325322e-01
9.990155910078926116e-01
1.000584276323295940e+00
1.008623232144080228e+00
1.014174836824208281e+00
9.927145678994310218e-01
9.864180989414164102e-01
9.844897030590461506e-01
9.805774802899929199e-01
9.447376633667676771e-01
9.213670670441774790e-01
9.420591920456519164e-01
9.818043826863521728e-01
9.348279063485336327e-01
9.116541159243835013e-01
8.759101274473195531e-01
8.660337263326109980e-01
8.408533319840570952e-01
8.142003089798734994e-01
8.159111551169350163e-01
7.980206688633550982e-01
8.241328029164117774e-01
8.113355425271868704e-01
7.890879699137430814e-01
7.973026893595709375e-01
8.011377970296433837e-01
7.955872331532851671e-01
8.892971726560128243e-01
9.183228537320203833e-01
9.984768745280152569e-01
1.074101299465781034e+00
1.113337601749907479e+00
1.120514944937623714e+00
1.119534290048941783e+00
1.115984988285278590e+00
1.140703255807171468e+00
1.145446711216839164e+00
1.146213888627211741e+00
1.159924179578688319e+00
1.174817904002083635e+00
1.176323220822843796e+00
1.175656012491484548e+00
1.166324071742347090e+00
