2.250000000000000056e-01
0.000000000000000000e+00
0.000000000000000000e+00
0.000000000000000000e+00
6.639080448378007482e-01
5.628078565192065064e-01
5.937938790826501334e-01
5.905707732818421540e-01
5.743830130772746845e-01
5.892109777088887501e-01
6.232797844431779977e-01
6.234091680425344340e-01
6.157159714028760389e-01
5.871276233298136082e-01
5.751038831511648963e-01
5.685534650031260906e-01
5.538839270104283230e-01
5.749348715861034576e-01
5.943200849862659840e-01
6.029837195699417896e-01
6.005875599741237192e-01
6.043563144546495458e-01
6.015522604175177479e-01
5.975087776838730047e-01
6.036034714685347691e-01
6.092968025780470809e-01
6.089692246312855550e-01
6.106743270771709531e-01
6.090026253929625710e-01
6.086304931325819956e-01
6.133398480422264099e-01
6.164021296282793383e-01
6.263603669117475681e-01
6.234550065414968811e-01
6.147511365066525846e-01
6.143891019026344047e-01
6.081555039334693991e-01
6.070548411296635694e-01
6.029466368760041384e-01
5.999768119680839451e-01
5.973287474092925375e-01
5.999385308866961308e-01
6.112307376501736611e-01
6.108400247843744912e-01
6.032420687289117289e-01
5.984565234458149030e-01
5.953463104855418742e-01
5.981125689183869332e-01
5.984332254147231023e-01
5.957765027683771253e-01
5.952744873764457267e-01
5.957670578738578637e-01
5.900204282578542792e-01
5.873446854655175464e-01
5.900600522413176341e-01
5.916839578287379497e-01
5.898977886924353653e-01
5.908563680224402370e-01
5.928348770552548386e-01
5.940487011386837990e-01
5.992768345972275812e-01
5.982156976970862683e-01
5.951464945688065278e-01
5.961209032229138893e-01
5.970064974057275320e-01
6.006237046674843816e-01
6.012899918384920772e-01
6.038535232478511317e-01
6.059561825223684917e-01
6.077259865367885538e-01
6.109470215219522382e-01
6.112271900991190776e-01
6.146346267146332032e-01
6.184038171348352764e-01
6.237843331383490231e-01
6.242315727450430396e-01
6.255433699636595568e-01
6.233801992049549101e-01
6.202577402413823604e-01
6.229329314660235761e-01
6.227558596319743289e-01
6.224145874973748827e-01
6.222048250795497726e-01
6.212463314070654219e-01
6.229519225260814475e-01
6.191847655426080399e-01
6.152409820209155944e-01
6.116720166763572886e-01
6.071320433635382097e-01
6.037010226418492165e-01
5.998995957205301988e-01
5.963970025184274215e-01
5.939081916641757442e-01
5.928537646029057306e-01
5.871511737640690010e-01
5.865418215423345849e-01
5.883141964302074367e-01
5.912201402869137201e-01
5.961500445141737492e-01
5.957308958912067576e-01
