2.250000000000000056e-01
0.000000000000000000e+00
0.000000000000000000e+00
0.000000000000000000e+00
0.000000000000000000e+00
0.000000000000000000e+00
0.000000000000000000e+00
0.000000000000000000e+00
0.000000000000000000e+00
0.000000000000000000e+00
0.000000000000000000e+00
0.000000000000000000e+00
0.000000000000000000e+00
0.000000000000000000e+00
0.000000000000000000e+00
0.000000000000000000e+00
0.000000000000000000e+00
1.489267986481098149e-01
1.489267986481098149e-01
1.293635825002592554e-01
1.145481028237547855e-01
1.552739795213154694e-01
1.562995351869734262e-01
1.591358690133330145e-01
1.597404294417740234e-01
1.756791695931441966e-01
1.648322760411822518e-01
1.929893029407609983e-01
2.888567209738427954e-01
3.728649620862313219e-01
4.123142168045390021e-01
4.330939851156611620e-01
4.314567571310930494e-01
4.315681994027630863e-01
4.364991645160206102e-01
4.365642189965186493e-01
4.236598425484671693e-01
4.292918717061017797e-01
4.325011789623192660e-01
4.168878543846402107e-01
4.100704584160862476e-01
4.123150312111932281e-01
4.011107400734428285e-01
3.983150658968822033e-01
3.889862584691379244e-01
3.997919428431085387e-01
3.843960365951184510e-01
3.923954712022385549e-01
3.944308481228074870e-01
3.974278191534444393e-01
4.058791109272402164e-01
4.040772140146102753e-01
3.967773183673387605e-01
3.870043358566375158e-01
3.773501915628969527e-01
3.937290203987235393e-01
4.131683902856234103e-01
4.129006927494824342e-01
4.076407189268898001e-01
4.046739791543687015e-01
4.007070051223757257e-01
4.023991830026467098e-01
4.042866152550209646e-01
4.021833289841467707e-01
3.956260569935093341e-01
3.942275090498514323e-01
3.930808188189628405e-01
3.900057571540042622e-01
3.830180998573876061e-01
3.882084058197097232e-01
4.074220518155313164e-01
4.067215571763145854e-01
4.065052064031473011e-01
4.102380954738485963e-01
4.052820481500787331e-01
4.057642490401350277e-01
4.087768826921252541e-01
4.017328494833811159e-01
3.948421368282640787e-01
3.885151355420244368e-01
3.865157771988796953e-01
3.885774757310018201e-01
3.885427749482721071e-01
3.875821118444980895e-01
3.907279779021851085e-01
3.970744780857023981e-01
3.955458390165920712e-01
3.955984282482661318e-01
4.013862880972585701e-01
4.049017557564101311e-01
4.076316941701036423e-01
4.129633496299657258e-01
4.161052983744746858e-01
4.184898954140867100e-01
4.112111723209790348e-01
4.148364392475052953e-01
4.221697364304161093e-01
4.231533016625857457e-01
4.178970899996883870e-01
4.162969757646439173e-01
