2.250000000000000056e-01
0.000000000000000000e+00
0.000000000000000000e+00
0.000000000000000000e+00
0.000000000000000000e+00
0.000000000000000000e+00
0.000000000000000000e+00
0.000000000000000000e+00
0.000000000000000000e+00
2.268416176888595537e+00
2.268416176888595537e+00
2.268416176888595537e+00
2.268416176888595537e+00
2.219469606324543598e+00
2.188621417893379828e+00
2.198567707987920450e+00
2.157625684504390851e+00
2.101866388407860331e+00
2.094155222013273754e+00
2.051956616370484543e+00
2.025464534262618521e+00
1.938581864870370097e+00
1.935239615142088754e+00
1.939960848582418684e+00
1.897424909786691760e+00
1.822549207642125912e+00
1.798560376956881424e+00
1.748532110831859665e+00
1.663827857966774015e+00
1.630249909317557533e+00
1.586132429211500661e+00
1.600817753577910452e+00
1.622112236818086028e+00
1.624621765679599594e+00
1.589301562275298840e+00
1.600827506918091281e+00
1.589990618981304227e+00
1.624898155626984586e+00
1.638656196621823824e+00
1.636128300821865000e+00
1.651148536078498985e+00
1.639068258965319824e+00
1.610889776847112653e+00
1.547961888095761296e+00
1.516910466733695007e+00
1.518357910202405403e+00
1.547375086895751650e+00
1.585718861184107764e+00
1.603134875308176666e+00
1.619903050659482036e+00
1.679790180907066999e+00
1.715151946256583182e+00
1.766107378356218893e+00
1.823422192150722321e+00
1.830378217683045872e+00
1.823167975810675134e+00
1.766150276655138907e+00
1.690232641557251947e+00
1.695354429476781277e+00
1.693993699405832665e+00
1.705638289875160751e+00
1.709762160592918745e+00
1.709717268324277173e+00
1.702895859672024503e+00
1.680446786610634291e+00
1.669355677952651718e+00
1.687950527170031245e+00
1.687546408887101279e+00
1.719895277546479750e+00
1.709040523327342909e+00
1.725927262444935995e+00
1.712422212525128051e+00
1.677029936255196585e+00
1.651011760087372160e+00
1.655020597585921571e+00
1.675318797243371849e+00
1.699997209481258320e+00
1.700310140527762304e+00
1.708343221692322667e+00
1.674994681166464661e+00
1.611836613802089424e+00
1.587474579050298873e+00
1.595765661769269483e+00
1.587382288660487584e+00
1.606456893026692034e+00
1.610696473975282927e+00
1.619901282838686063e+00
1.643477130084147086e+00
1.643313381324285061e+00
1.675055724094156817e+00
1.657098122320020073e+00
1.677372495546418429e+00
1.693913953561364982e+00
1.731586604433671184e+00
1.732179930521103861e+00
1.736811755602660323e+00
1.723620337576294403e+00
1.710858923945373089e+00
1.736757814611481932e+00
1.737275087364793080e+00
