2.250000000000000056e-01
0.000000000000000000e+00
1.430031340907536475e+00
1.190204321221897787e+00
1.132348111155746961e+00
8.767447741756925206e-01
8.353633010160835815e-01
9.441190852490879415e-01
1.066016315538442116e+00
1.031972668079536914e+00
9.538834110515509446e-01
9.195059401449697800e-01
9.369587264666323634e-01
9.906552601164232419e-01
9.994333520201927890e-01
9.915704571222679897e-01
9.813176955415430225e-01
9.700466800708523740e-01
9.418026229112391734e-01
9.757506799372808182e-01
1.003258882233514226e+00
1.012432425377416179e+00
1.040202311198199059e+00
1.045591323961656549e+00
1.050447777617010914e+00
1.054720649131835719e+00
1.058402332646192212e+00
1.061518033677811168e+00
1.064114652191271881e+00
1.129327406127510924e+00
1.207590066814746566e+00
1.205990547685262371e+00
1.185835551317262482e+00
1.139894978174799123e+00
1.079361799718491222e+00
1.044279780677898950e+00
1.044690732678996037e+00
1.037337308966661098e+00
1.047554501347840228e+00
1.062212522655801683e+00
1.090883212435632910e+00
1.095313060233803260e+00
1.056651262579550110e+00
1.013174183537751460e+00
9.964565330211406780e-01
9.827911226672199074e-01
1.001874400914565477e+00
1.011196488651761483e+00
1.013796013406565555e+00
9.972161600156558281e-01
1.005508153048354281e+00
1.006930236127902223e+00
1.016143192458248468e+00
9.970945895487297594e-01
9.846866191364082033e-01
9.750492263316676844e-01
9.635898493573228363e-01
9.684998877460080369e-01
9.544282156472226886e-01
9.686740047348744165e-01
9.655634104974085696e-01
9.656971501230722232e-01
9.621047096522716835e-01
9.647198477404304029e-01
9.760671579392252717e-01
9.749222872769176540e-01
9.866105858637437276e-01
9.980111699553200211e-01
9.797456209659054505e-01
9.738760772481439565e-01
9.487124828638624496e-01
9.702493712556570227e-01
9.891685983013772665e-01
1.008174409558248330e+00
1.003980313193560736e+00
1.001026742628666311e+00
1.018967071848649653e+00
1.011765076828577969e+00
1.000382262417341961e+00
9.952230975334300789e-01
9.922745565354774699e-01
9.639731626427667788e-01
9.753979841454519795e-01
9.812775811554742544e-01
9.827545607394639893e-01
9.970652842533460625e-01
9.915703836704975460e-01
9.827427354796596237e-01
9.961301876026129598e-01
9.814540052910465384e-01
9.715042220167218190e-01
9.831311952838571733e-01
9.919746664349808896e-01
9.964247988242923570e-01
9.937512583583862913e-01
9.957371275813523548e-01
9.946966081336096055e-01
9.944696235785108751e-01
9.951894389001101349e-01
1.010081454765852982e+00
