2.250000000000000056e-01
0.000000000000000000e+00
0.000000000000000000e+00
2.280935749209931501e-02
1.418588514496179828e-02
1.830052423832980932e-02
2.209064925870283733e-02
2.576338898437990216e-02
2.822042700759882020e-02
1.159278545186786802e-01
1.427773810935436261e-01
1.521654243294230935e-01
1.562699387610917701e-01
1.636984050179032535e-01
2.110457126194851818e-01
4.354672027610241858e-01
4.986952037433626250e-01
5.186246665269725886e-01
5.021314143894978210e-01
4.787657206128261844e-01
5.074447778986795887e-01
5.200050288911587382e-01
5.293663247005794270e-01
5.285902949456726674e-01
5.293418400994810424e-01
5.584382675702058707e-01
5.787500023540124161e-01
5.941871993873764080e-01
5.941448458258387078e-01
6.023994605224459731e-01
6.076751255483234804e-01
6.091332227764638674e-01
6.053522701717917176e-01
6.023184574089444077e-01
6.043998081921648780e-01
6.181819146984303126e-01
6.240175876345277484e-01
6.364821195416368038e-01
6.511316837287555170e-01
6.627325287629483030e-01
6.563316297992701775e-01
6.404723530249175623e-01
6.313211859366535394e-01
6.239426494458685246e-01
6.216272266335302055e-01
6.143358413714314903e-01
6.156866325249633620e-01
6.213341624263293284e-01
6.195083350039516379e-01
6.229486380382439625e-01
6.215960604527788202e-01
6.180912024356944867e-01
5.934447581100307234e-01
5.929895589117638588e-01
5.891642870612956440e-01
5.838199015249920798e-01
5.825876261921518751e-01
5.690856443671731268e-01
5.556320401634649020e-01
5.479896788721865253e-01
5.473477813329536978e-01
5.559234267196898616e-01
5.561812447265918058e-01
5.500437447219334031e-01
5.419961796100549734e-01
5.378919095859612254e-01
5.539193322546329679e-01
5.573807597009005077e-01
5.676179425753899999e-01
5.809117908803421715e-01
5.921740595886642033e-01
6.000006715649650602e-01
5.976442212257919717e-01
6.070385074781029511e-01
6.216146903064186935e-01
6.238006175057017044e-01
6.340913390126409199e-01
6.477729184063768519e-01
6.597336033056917515e-01
6.653013999957970714e-01
6.817511700355253224e-01
6.913328551263032695e-01
6.950610525235031423e-01
6.997220688287992818e-01
6.987634501292531164e-01
6.912637467042633821e-01
6.870505721555950629e-01
6.839305394882007061e-01
6.844454642702672009e-01
6.833788918832579551e-01
6.883513229597233440e-01
6.934256519025061571e-01
6.972626757707217626e-01
6.999603350671145252e-01
7.032770451687636593e-01
7.093060386295440001e-01
7.100483227985581181e-01
7.134214499785065389e-01
7.144847820932499483e-01
7.144519995860761918e-01
