2.250000000000000056e-01
0.000000000000000000e+00
0.000000000000000000e+00
0.000000000000000000e+00
0.000000000000000000e+00
0.000000000000000000e+00
0.000000000000000000e+00
1.191516992809942499e+00
1.190221041954236503e+00
1.191334874213651362e+00
1.194847553242496030e+00
1.193126200458880515e+00
1.199145131955601240e+00
1.184864621944563101e+00
1.206652257144853913e+00
1.190849002757167874e+00
1.192167408983282106e+00
1.176585522094291569e+00
1.188361502146942472e+00
1.187973937089751075e+00
1.168279506688852276e+00
1.130349722959959502e+00
1.105440264977528120e+00
1.248655251017509515e+00
1.259796612380880587e+00
1.255111791245119512e+00
1.265618573880505027e+00
1.245165077793470854e+00
1.311903378124541053e+00
1.324956596049188917e+00
1.346881920103871533e+00
1.332031653971119667e+00
1.361414847002766271e+00
1.377964717422796248e+00
1.351342242015395989e+00
1.356723503944031961e+00
1.323625636879188994e+00
1.309443124641975542e+00
1.288461571120344873e+00
1.267694722949424646e+00
1.241146126082707690e+00
1.249635194409511652e+00
1.247794554365902808e+00
1.243276632178077046e+00
1.248284120591232282e+00
1.271308045353063410e+00
1.275582714264342332e+00
1.281075687800545149e+00
1.310571942961962666e+00
1.314433574957200701e+00
1.320273855164115329e+00
1.384799491486221390e+00
1.390755165950075867e+00
1.389205452006764929e+00
1.406784935895334598e+00
1.425544237357108335e+00
1.389089202090167730e+00
1.355344590904939750e+00
1.354663765402651876e+00
1.314051116096278227e+00
1.277708805464714548e+00
1.236600894291963515e+00
1.223435645130585669e+00
1.164753555144377062e+00
1.115354827371407342e+00
1.088817918862335032e+00
1.132158653481062816e+00
1.156968821552806448e+00
1.192662627693825028e+00
1.189693893513452450e+00
1.170159168324540921e+00
1.205850266538415427e+00
1.197525186552941934e+00
1.202978821855930303e+00
1.198909821663483033e+00
1.192367397855414124e+00
1.174816094493782881e+00
1.180348732754437302e+00
1.194850658367051510e+00
1.204897053553256381e+00
1.209721864098250776e+00
1.225661911257327485e+00
1.230465434682671333e+00
1.229110438370021985e+00
1.216964246344944600e+00
1.245528462954540005e+00
1.241364312921303892e+00
1.247432999544650478e+00
1.246022949427161297e+00
1.239034612761676035e+00
1.228279993880142085e+00
1.238278845773887360e+00
1.235964991120327205e+00
1.218525274698474270e+00
1.240604790811111080e+00
1.230640253018006280e+00
1.233803965029208527e+00
1.235939993374524981e+00
1.242397610467301572e+00
1.239938855708634158e+00
