2.250000000000000056e-01
0.000000000000000000e+00
0.000000000000000000e+00
9.739290481813576150e-01
9.208750821710450785e-01
7.412517684969737175e-01
7.157439315728354456e-01
7.004652081367532812e-01
7.511986510946233597e-01
7.555276592720595596e-01
8.776505496333547596e-01
8.923776897308585143e-01
8.641404338583290601e-01
8.955276339121891471e-01
8.967423672653895839e-01
9.012303356053791292e-01
9.554545699764872557e-01
9.967908685241844147e-01
9.801625421285444784e-01
9.987294295162862934e-01
1.004552914507117478e+00
1.026213785827337688e+00
1.042986402971195714e+00
1.051215957644168864e+00
1.049225842484720506e+00
1.052402791756921641e+00
1.055764913745059097e+00
1.072511887388424956e+00
1.066360148274369424e+00
1.072601393223635569e+00
1.082915166782233429e+00
1.091910890910397836e+00
1.094729602228804222e+00
1.075914005488356917e+00
1.063377730459163395e+00
1.043796193018191820e+00
1.024788274883282835e+00
1.021114760238866825e+00
1.036207212200131123e+00
1.029666788327345595e+00
1.028396137114684805e+00
1.019768392628893405e+00
1.021434343986314941e+00
1.034084959643855495e+00
1.040724408131411094e+00
1.020495185820939010e+00
1.019353678518029716e+00
1.028683831199660670e+00
1.033089397518083707e+00
1.040195810397130272e+00
1.043841753254624471e+00
1.032661291899451328e+00
1.036572780915479441e+00
1.037551796569979867e+00
1.032803425562675681e+00
1.028162865999645570e+00
1.034817029093839214e+00
1.045277773668171983e+00
1.047919325919944411e+00
1.054989648145418846e+00
1.057100366953541259e+00
1.052490605704326843e+00
1.050716823063052141e+00
1.053481293293992760e+00
1.050725942878387720e+00
1.047988343545085188e+00
1.044641009281037647e+00
1.048850146810417439e+00
1.056635973205128920e+00
1.058469865706431756e+00
1.058763361936977176e+00
1.051658430346486872e+00
1.048465307383274592e+00
1.045472344593854075e+00
1.048203760601790213e+00
1.043567751847941594e+00
1.033623810706771895e+00
1.027385400478448396e+00
1.037589767026311449e+00
1.044127418296272092e+00
1.048345148251634606e+00
1.047408915934259888e+00
1.045628295850195455e+00
1.044839854284734360e+00
1.049961950259795440e+00
1.046670151967077800e+00
1.042232201868515507e+00
1.040188377197820424e+00
1.033436638461137980e+00
1.041121225571900677e+00
1.043281218481651784e+00
1.032993725177074884e+00
1.034278221371645490e+00
1.030000427493788617e+00
1.033727132846987473e+00
1.032239878234109565e+00
1.030224742459595610e+00
1.031186342871162731e+00
1.035788070494211288e+00
1.044734639871609527e+00
