2.250000000000000056e-01
0.000000000000000000e+00
9.517971951672303532e-02
1.095227206955556171e-01
1.514900683852539731e-01
1.462898205839096855e-01
1.664381316730937921e-01
1.985180556584629219e-01
2.090268362862595652e-01
2.279645944103077249e-01
2.594728558302335508e-01
2.724924518179560606e-01
2.899072877511363333e-01
2.764646403937972563e-01
2.831638030284076013e-01
2.867910909371156336e-01
3.066949338228774358e-01
3.174254143276819540e-01
3.387674933730411841e-01
3.554381632504313160e-01
3.624165979091182876e-01
3.648176665002312302e-01
5.604079257660115054e-01
6.748569385779312757e-01
8.099864291278188189e-01
9.926172950726421806e-01
1.166933798905598563e+00
1.592196548685024471e+00
1.719189758546580293e+00
1.741436058632537476e+00
1.691780539454873500e+00
1.651280947529355281e+00
1.600578111394826752e+00
1.533928990191350428e+00
1.489294956360714739e+00
1.533914969459744482e+00
1.557160095327177363e+00
1.541386466287198997e+00
1.525917177750744536e+00
1.488809623822707540e+00
1.459272053401376334e+00
1.435885778072802266e+00
1.420522077132561289e+00
1.387293911491251031e+00
1.378748281800889597e+00
1.349958192563421644e+00
1.318781589890409167e+00
1.298216331725430717e+00
1.275565773346196252e+00
1.250097331162961733e+00
1.218428044998945747e+00
1.197681388174138828e+00
1.195568699346151398e+00
1.210749208245129660e+00
1.249877826842859196e+00
1.352282951385187948e+00
1.428091931369785073e+00
1.517269700208884187e+00
1.575164205571564890e+00
1.619901567781999674e+00
1.676163616777365917e+00
1.713860884755756597e+00
1.702650644217523546e+00
1.680175093375126050e+00
1.692441048947695315e+00
1.676816458063197457e+00
1.656262835220857710e+00
1.650376280030602327e+00
1.655162310613640608e+00
1.655570033039765798e+00
1.630767631904367354e+00
1.616213895430219649e+00
1.602511916855648755e+00
1.580566215780056405e+00
1.549278702036478217e+00
1.519649785729236147e+00
1.507926671075451974e+00
1.494633924299188177e+00
1.499249215013513714e+00
1.495861530048491428e+00
1.485827232183629887e+00
1.479696027587544149e+00
1.472879190220371282e+00
1.455571446239589894e+00
1.440645593925349965e+00
1.439971763496386004e+00
1.427191692815581670e+00
1.424097995958478080e+00
1.414936835735855380e+00
1.445766202247070531e+00
1.468122031333866984e+00
1.476204417137211511e+00
1.506883156091441300e+00
1.539537160009396333e+00
1.563597889787497586e+00
1.549490661497344268e+00
1.547424178535859340e+00
1.539905874461303448e+00
1.525507655666023421e+00
1.526596028402172012e+00
