2.250000000000000056e-01
0.000000000000000000e+00
0.000000000000000000e+00
0.000000000000000000e+00
0.000000000000000000e+00
0.000000000000000000e+00
0.000000000000000000e+00
0.000000000000000000e+00
0.000000000000000000e+00
1.163437393575518897e+00
1.179384782081770444e+00
1.086986514082439959e+00
1.189266358753814368e+00
1.232046734239628627e+00
1.265725545164671839e+00
1.325406930871237066e+00
1.388437282715431431e+00
1.375773102085900534e+00
1.343479925957262289e+00
1.322701271091849540e+00
1.289298775852169676e+00
1.268168463964871595e+00
1.238144177341152563e+00
1.221210026930161785e+00
1.203076875097940146e+00
1.208512888944276886e+00
1.188806180416136504e+00
1.167508662525393426e+00
1.151478840588736396e+00
1.126561130484226014e+00
1.112209516428177558e+00
1.106639228646140172e+00
1.099885578574176570e+00
1.098850254756069678e+00
1.094709052710481911e+00
1.098336643821372638e+00
1.093975858051883909e+00
1.098879619309207412e+00
1.094435737169901390e+00
1.096374804883302634e+00
1.096929507444235785e+00
1.085693141875946566e+00
1.083913634079309407e+00
1.080958098522639688e+00
1.083489878714571031e+00
1.093934495698468679e+00
1.098307610788175737e+00
1.105292555295565693e+00
1.119794019289794385e+00
1.110548894589333369e+00
1.109596391755809375e+00
1.109680155191445250e+00
1.115765932103179425e+00
1.125223384022398854e+00
1.129367068388651418e+00
1.125670191222875260e+00
1.114688877423837043e+00
1.096571662827809046e+00
1.098760330578556710e+00
1.105218548976177884e+00
1.108359845800066745e+00
1.105137051653913405e+00
1.109083886652028506e+00
1.102657527257683734e+00
1.105617531595259662e+00
1.108168838583412974e+00
1.099098930636953853e+00
1.096220878233491014e+00
1.094785988253017983e+00
1.088416897911119285e+00
1.088062322689634209e+00
1.090091943289753340e+00
1.098352038264432284e+00
1.101854584481691601e+00
1.103724570448423092e+00
1.109639287078379111e+00
1.113277824522955095e+00
1.111453872857658176e+00
1.108145647323650840e+00
1.102111010903050969e+00
1.100819391841128647e+00
1.101911121687170869e+00
1.106002391654345551e+00
1.115547554955383935e+00
1.120536439110029647e+00
1.122019467566456097e+00
1.113194550480559153e+00
1.107894753724919079e+00
1.110273730729266051e+00
1.107850200731467005e+00
1.114785523895028385e+00
1.118543581155806210e+00
1.119142201838310369e+00
1.117331817955486750e+00
1.113067311988278130e+00
1.109611461322089321e+00
1.104913470727304725e+00
1.105155664566716878e+00
1.113336637012126262e+00
1.115350249559538209e+00
