2.250000000000000056e-01
0.000000000000000000e+00
8.303556569266691556e-02
8.304923848410657172e-02
9.426989959224388316e-02
1.389723480628174135e-01
1.400577038390259099e-01
1.390830589606648904e-01
1.959268791783685404e-01
1.984248117012019919e-01
2.005943664001469118e-01
2.085240545406996937e-01
2.628877329754248926e-01
2.633995517921714491e-01
2.623870318642177457e-01
2.690207546508508463e-01
3.270027208317018985e-01
3.323817300001062902e-01
3.370976374103727968e-01
3.411731015224315766e-01
4.151441594543029412e-01
4.002359739914368997e-01
3.948999490838603910e-01
4.689229014929098827e-01
4.738130332545004708e-01
8.980527072312556314e-01
1.201371593920729008e+00
1.248352120273318100e+00
1.280144198645392972e+00
1.270624715447615793e+00
1.295593313557743764e+00
1.286847897341718561e+00
1.293744355784580469e+00
1.299487338644555567e+00
1.320280851223969432e+00
1.303568975986688194e+00
1.329031348727560902e+00
1.308805614305070364e+00
1.305594751476485849e+00
1.292544024857407603e+00
1.276388931912426195e+00
1.279807133051985124e+00
1.295401239778043445e+00
1.292147286755209734e+00
1.293236434479126951e+00
1.313529281669024718e+00
1.277134926563986195e+00
1.309061506749930270e+00
1.332234688659397870e+00
1.390017247784370635e+00
1.448637972303047361e+00
1.515208368147438645e+00
1.534672357256797737e+00
1.521677332133583249e+00
1.503012180107948348e+00
1.493804788412991469e+00
1.466601062441938552e+00
1.448161652553654477e+00
1.428857019169925691e+00
1.399324570376241139e+00
1.372061287649345429e+00
1.360691458555264077e+00
1.342406771864920412e+00
1.321804953924292647e+00
1.320151466755848491e+00
1.308870999192077944e+00
1.305627512621324815e+00
1.265729669570691884e+00
1.268980725649198504e+00
1.271145038697650831e+00
1.254924356818444497e+00
1.244931300739384294e+00
1.219971639725186741e+00
1.198598617898813501e+00
1.198705585363442072e+00
1.176606834825622450e+00
1.172476145972012551e+00
1.122966980272944282e+00
1.125521101283706971e+00
1.108899545464472780e+00
1.121064673834705427e+00
1.073341249461462699e+00
1.053708410559359487e+00
9.917052197663349666e-01
9.918766290425162779e-01
1.031133321878214160e+00
1.020773519705987953e+00
1.031046313959690153e+00
1.007682305789371124e+00
1.045230597917694126e+00
1.076103949734722232e+00
1.059375577689162462e+00
1.094401628242720914e+00
1.100206429576728651e+00
1.173832655391215507e+00
1.170620164588079604e+00
1.173823912407085057e+00
1.166790361628651240e+00
1.137741179736347918e+00
1.112622444338523087e+00
