2.250000000000000056e-01
0.000000000000000000e+00
0.000000000000000000e+00
0.000000000000000000e+00
2.890324331353318899e-01
2.475418836684425694e-01
2.476266431240431443e-01
3.198481108081890900e-01
3.264492730257451125e-01
3.196359086136337790e-01
3.668106299799418490e-01
3.482878000807927421e-01
3.639847616239818007e-01
3.699815149110287638e-01
3.914591514890622403e-01
3.881261626040507506e-01
3.975523848668576221e-01
4.034755914983756409e-01
4.116992609324593433e-01
4.105513252306742800e-01
4.240555413304240573e-01
4.210954209268925608e-01
4.351030104179804403e-01
4.493761276492712620e-01
4.542163809490794568e-01
4.656589218584614720e-01
4.911399730048109924e-01
5.019410104391440752e-01
5.100480295128104746e-01
5.260871400379554252e-01
5.637087499306022709e-01
5.642163472159547055e-01
5.748064004004410643e-01
5.977507240107293729e-01
6.394804474534556693e-01
6.438873104254274615e-01
6.458310555169846090e-01
6.630247428011557531e-01
6.827669736115612453e-01
6.865440291406117446e-01
6.850763477739478802e-01
6.978625036530499148e-01
7.046945944014821883e-01
7.274848478598945345e-01
7.336194349979523466e-01
7.367004503332051923e-01
7.545345169187569478e-01
7.796279944359850722e-01
7.795621676210783280e-01
7.880001638143641074e-01
8.092272909084676780e-01
8.061098590392973273e-01
8.154571255170277588e-01
8.155659091146783002e-01
8.299325617598957150e-01
8.514749965636014828e-01
8.480841693633262013e-01
8.342616226373109622e-01
8.362832820433034886e-01
8.391648913793094966e-01
8.203239735306301350e-01
8.353205005471205924e-01
8.300009885411129273e-01
8.007944821523739209e-01
7.908887507961644969e-01
7.858647923242150224e-01
7.790443989475619446e-01
7.675204261746110257e-01
7.527507879680767067e-01
7.485848307884105379e-01
7.221549020475154235e-01
7.231193739792990405e-01
7.469047177931761317e-01
7.398184160861340786e-01
7.411911735988387928e-01
7.774726512275205170e-01
7.869995399217860621e-01
8.123068540040074836e-01
8.182201431126155944e-01
8.175917458350686617e-01
8.021609428948920373e-01
7.981192134577166364e-01
8.020143618542517894e-01
8.130838718497412909e-01
8.227449374454247621e-01
8.393486926624564859e-01
8.643662657151799378e-01
8.854275382041817410e-01
9.036765484811010163e-01
9.134211115776355028e-01
9.038275753262974277e-01
8.927072098227144537e-01
8.919868898704192972e-01
8.950968479154924884e-01
9.035897386547669941e-01
9.093772422795862731e-01
9.147178660921349014e-01
9.091337811593545037e-01
9.047206902737436884e-01
8.901579960779024692e-01
