2.250000000000000056e-01
3.402491198176879061e-01
4.515850387968068924e-01
4.897792326801344576e-01
5.598744468612560921e-01
6.445536369746439620e-01
6.715880867984326263e-01
6.811097719891417990e-01
6.777783377464967618e-01
7.466855985649047955e-01
7.639512131379924131e-01
7.730880757012932314e-01
7.315634131375303717e-01
7.629149696488256582e-01
8.306099224915302059e-01
8.281266207856462502e-01
8.299729889862286214e-01
8.440868391324669595e-01
8.729384706937335370e-01
8.768975659633782005e-01
8.706815055757559652e-01
8.791305305871426334e-01
8.880832188939017380e-01
8.874630562077105989e-01
8.859163590819050249e-01
8.917892433238245875e-01
8.850437774671026103e-01
8.612540798567519529e-01
8.401240140951540258e-01
8.299007635326763888e-01
8.319562580475616809e-01
8.206620097599310881e-01
8.100146546119908475e-01
8.141648175975333412e-01
8.030924359391111711e-01
8.141554093900911226e-01
8.158979405397956963e-01
8.027814089070579584e-01
8.107832942736648008e-01
8.121421138816972141e-01
8.033675297465328047e-01
8.095967194779420950e-01
8.054903433101688881e-01
8.012729085075236402e-01
8.100453523160817682e-01
8.084960692007752137e-01
8.154858679346952410e-01
8.151185385100833125e-01
8.105474715935223617e-01
8.084754766748601940e-01
8.137644640636138016e-01
8.181442940924369411e-01
8.125803997462041073e-01
8.162791058500930008e-01
8.088579848938780570e-01
8.183727004967810137e-01
8.191505883579845992e-01
8.197194232242069889e-01
8.190255745776967577e-01
8.221653002072539795e-01
8.219253070332511735e-01
8.256109021858213382e-01
8.183479704551525069e-01
8.232671153692300292e-01
8.365594684651576074e-01
8.353576505770351490e-01
8.415666001142361186e-01
8.421303156636895659e-01
8.416459536091531746e-01
8.432944310120200626e-01
8.442460025581780547e-01
8.447954915249210606e-01
8.392316737859181197e-01
8.424476394896781573e-01
8.445316723544100679e-01
8.419020414694817767e-01
8.403813674370016473e-01
8.439610913573872830e-01
8.442355206039946491e-01
8.482354367925869498e-01
8.498785200924613425e-01
8.487778298506831742e-01
8.548874207502146216e-01
8.630572951923125569e-01
8.594533418570790007e-01
8.585724687740909911e-01
8.545072477929781529e-01
8.576303612163452827e-01
8.576876540598350473e-01
8.527148640716335493e-01
8.557094347765592524e-01
8.571603685253348370e-01
8.604113020994518246e-01
8.591194352813661395e-01
8.609262499845791172e-01
8.613821471670275454e-01
8.643125146399365244e-01
8.696621402044075744e-01
8.704581340282790958e-01
8.730217397341191177e-01
