2.250000000000000056e-01
0.000000000000000000e+00
0.000000000000000000e+00
0.000000000000000000e+00
0.000000000000000000e+00
0.000000000000000000e+00
0.000000000000000000e+00
0.000000000000000000e+00
0.000000000000000000e+00
0.000000000000000000e+00
0.000000000000000000e+00
1.292477090750157043e+00
1.277098899753807526e+00
1.159828260800972455e+00
1.036214986159053275e+00
9.948829126969599423e-01
9.695474284138212440e-01
9.437546588032648121e-01
9.350098217226019415e-01
8.996568238667258521e-01
9.287673168901271481e-01
9.117749273128504806e-01
8.850808706869014442e-01
8.645766459569543816e-01
8.818309034563222015e-01
8.343462572182539505e-01
8.126885126465102083e-01
7.970384757076064419e-01
7.966647255686994944e-01
7.862001626407570942e-01
7.777377714087022609e-01
7.973131412005887153e-01
8.273170395762496909e-01
8.357071762861807418e-01
8.445659644024187118e-01
8.670799075442643389e-01
8.749346636763252194e-01
8.874352357778024780e-01
8.863614535055441834e-01
8.690075797395204749e-01
8.640149088736568395e-01
8.590008588353460484e-01
8.534762121534198442e-01
8.466932422688372428e-01
8.587387213799568819e-01
8.623785312979614925e-01
8.684084397187092907e-01
8.735169458764989736e-01
8.660184758028871554e-01
8.520368236921088689e-01
8.469175073681842747e-01
8.286406233530904109e-01
8.225114059510849618e-01
8.194385914959962935e-01
8.056624998693624473e-01
8.014667280420817441e-01
7.981167593416013117e-01
7.938159849897555853e-01
7.957136384615934865e-01
7.958965940906344017e-01
7.971726535139382896e-01
8.023718287319041576e-01
7.906730192309118221e-01
7.837459589752094891e-01
7.791080650245020278e-01
7.693868143462612164e-01
7.559228185547869350e-01
7.369812830754334243e-01
7.158483401747609554e-01
7.031678748898667619e-01
6.908449235197584581e-01
6.749393148715416846e-01
6.571793722454934983e-01
6.295054882808914787e-01
6.129763878755561946e-01
5.973190201679713374e-01
5.964262095445617140e-01
7.301983135412114523e-01
8.247452826371298729e-01
8.460376442293627841e-01
8.827699808261586512e-01
8.858828260931618237e-01
8.483574277199097402e-01
8.294373950645206328e-01
8.609226803137605133e-01
8.690102001980564150e-01
8.775517498273383010e-01
8.829445208097905784e-01
8.499707751748570850e-01
8.384442640670404234e-01
8.376916535212652892e-01
8.489876423230542368e-01
8.473453682126905750e-01
8.252543510869206900e-01
8.109630504957003883e-01
7.944982948700067826e-01
7.897272875832610506e-01
7.966642259858860431e-01
8.014453382198227782e-01
8.067440976131026176e-01
