2.250000000000000056e-01
0.000000000000000000e+00
0.000000000000000000e+00
0.000000000000000000e+00
1.820543916827317421e-01
3.563794998213017928e-01
4.939650963435404107e-01
4.888943399418472779e-01
5.228587263297225229e-01
5.605315569990292346e-01
5.732921072047041378e-01
5.552369675712934827e-01
5.657949906926011963e-01
5.515152915639941478e-01
5.614235702257353022e-01
5.630443430891791667e-01
5.367655827205073393e-01
5.339317044914106969e-01
5.286449568361109019e-01
5.504875495422422160e-01
5.742725220707786127e-01
5.713197754059232691e-01
5.775726191587347014e-01
5.855437360616357889e-01
6.008268773733356216e-01
6.159451051846155378e-01
6.301462605219806390e-01
6.314072818908724738e-01
6.508084953738566547e-01
6.616080478067120074e-01
6.576445399468221487e-01
6.523567539568263518e-01
6.398783821955271733e-01
6.391615304469629999e-01
6.355227667671267122e-01
6.345898414699416845e-01
6.268275080280368838e-01
6.168251118756628015e-01
6.026627582348041967e-01
5.996587695340908075e-01
6.040204213637763164e-01
6.004346475651111126e-01
5.978421535023288325e-01
6.053342614665579990e-01
5.988284572635288461e-01
5.920872938430308263e-01
5.960334924120750388e-01
5.927901059730065203e-01
5.957497327574929891e-01
6.024420127724170460e-01
6.004660542936028911e-01
6.065397564108120365e-01
6.110819813575830706e-01
6.085484092230366571e-01
6.019965385548359249e-01
5.979949259227104186e-01
6.015506881414636187e-01
6.082786853770927316e-01
6.168188438437038901e-01
6.198069654359541492e-01
6.209609378188878370e-01
6.170066616957275984e-01
6.252449045625454449e-01
6.249570139864257801e-01
6.301994797846129925e-01
6.300291169366549759e-01
6.309263044476939308e-01
6.304932557975604368e-01
6.334357374511381256e-01
6.318744109273201071e-01
6.311523524229849524e-01
6.251462860610794703e-01
6.222668382070718485e-01
6.218759326178286972e-01
6.270116825172611374e-01
6.299493517594875192e-01
6.292240017242228811e-01
6.327278734630754631e-01
6.282851460812064470e-01
6.253939446802067037e-01
6.289496271001455696e-01
6.293924465306794946e-01
6.315670698426082419e-01
6.368275470906245017e-01
6.375609850141632506e-01
6.323278363988985573e-01
6.303253107629871455e-01
6.254455451026019741e-01
6.230982864630689733e-01
6.163145413454708121e-01
6.126814960593506276e-01
6.098940777601724594e-01
6.046350881263636845e-01
6.040698810310335398e-01
6.012488274775739105e-01
6.038547760629947581e-01
6.065157912123152473e-01
6.002330919312498514e-01
5.964607317497802041e-01
5.969271638437693150e-01
