2.250000000000000056e-01
0.000000000000000000e+00
0.000000000000000000e+00
0.000000000000000000e+00
0.000000000000000000e+00
0.000000000000000000e+00
0.000000000000000000e+00
0.000000000000000000e+00
0.000000000000000000e+00
9.970541999521024268e-01
9.787021731692516768e-01
1.009376302975616424e+00
1.156512012541361933e+00
1.450371804356194838e+00
1.459636590631259390e+00
1.459316349288024117e+00
1.474060839916891963e+00
1.443928205226652883e+00
1.381945439240592766e+00
1.335223511107710426e+00
1.292315941075357522e+00
1.182841952641520589e+00
1.179948965629715296e+00
1.205523615492428702e+00
1.241709878892044872e+00
1.239054107161502216e+00
1.243786743593393807e+00
1.263020193108677081e+00
1.279703608257652503e+00
1.276182377783261490e+00
1.271287661096746291e+00
1.265702775196104746e+00
1.254630717895074854e+00
1.246124104943815647e+00
1.174017375792864915e+00
1.149064064709020228e+00
1.140325430665386497e+00
1.136992306758562998e+00
1.133260891678530502e+00
1.174779206816006782e+00
1.187394865155649848e+00
1.186068659027095684e+00
1.186775418947192851e+00
1.193676531464930468e+00
1.198317989436713304e+00
1.201080905559890777e+00
1.202058037390018264e+00
1.205478676345292266e+00
1.227699737268105773e+00
1.226456169137580821e+00
1.185141038793394719e+00
1.174929400725246875e+00
1.179918351320961012e+00
1.194811011306519344e+00
1.197571176009303073e+00
1.218774410908554318e+00
1.226582191656128584e+00
1.235678867710802598e+00
1.239410958503788907e+00
1.241181432187482336e+00
1.247171677022405278e+00
1.258109194673284748e+00
1.237620454284265703e+00
1.226913377766355673e+00
1.206460274279448130e+00
1.194648262875726008e+00
1.196481967860812956e+00
1.201349022778702924e+00
1.202024108629392352e+00
1.198247377918349565e+00
1.196937138890004970e+00
1.206421975503442434e+00
1.221287382942264577e+00
1.236772823573792257e+00
1.252379988827599711e+00
1.269105667172857999e+00
1.277811978811224103e+00
1.287041202417422037e+00
1.293174172579778514e+00
1.307044511761348060e+00
1.315397549040196123e+00
1.317918859453116376e+00
1.318879806206448180e+00
1.322945362186645601e+00
1.301599743709517254e+00
1.267277053435573064e+00
1.261165790623451466e+00
1.253676012973061527e+00
1.255806148054237736e+00
1.260271250365950335e+00
1.271271035081988687e+00
1.298369858213092476e+00
1.310444639095519559e+00
1.337572900518897212e+00
1.357738757668926599e+00
1.378596775515944284e+00
1.391922160031812128e+00
1.386013456344159067e+00
1.376621959922579075e+00
1.376925679275035064e+00
