2.250000000000000056e-01
0.000000000000000000e+00
1.077293452915803362e+00
9.083856866305597411e-01
7.719060332272006386e-01
8.505309100981587322e-01
8.193591689025270242e-01
8.197693412499910126e-01
7.825155901878458886e-01
7.367787293624226130e-01
7.406738596996597090e-01
7.515712980151546541e-01
7.980781982945619468e-01
8.250077191914673147e-01
8.402201479514499471e-01
8.483596349473389031e-01
8.420476248054614699e-01
8.436590279679294646e-01
8.487206930875880184e-01
8.536429678495259799e-01
8.550493241951511170e-01
8.511782482967766850e-01
8.450887208352124702e-01
8.372537132303863316e-01
8.318204390865234776e-01
8.213272367423206655e-01
8.202540539225492422e-01
8.272404819795711184e-01
8.393259688136925911e-01
8.465216650383073915e-01
8.470204569986142795e-01
8.525005526002189526e-01
8.516034877685983995e-01
8.545139493311093570e-01
8.634099086394280143e-01
8.694302591628653154e-01
8.724355824578029495e-01
8.614894082442288159e-01
8.584898115888109915e-01
8.551326324396392176e-01
8.544261401857182747e-01
8.537922097600008087e-01
8.576048585593579743e-01
8.592621980751782296e-01
8.621974524992140898e-01
8.595880727078404338e-01
8.675911641907358973e-01
8.760879101381371381e-01
8.799660445103811846e-01
8.758234224594299011e-01
8.768243087750776654e-01
8.808119538526512082e-01
8.849472385225728432e-01
8.924983131273327430e-01
9.038997264581699609e-01
9.076727777311341949e-01
9.069136469185055116e-01
9.117128742170035327e-01
9.148912867899480217e-01
8.669537812930285803e-01
8.327168785011388463e-01
8.268691728495475290e-01
8.317381373181323978e-01
8.365728681917301568e-01
8.404292279487249884e-01
8.305198056277871554e-01
8.426988293433700372e-01
8.588516091916967854e-01
8.646425388352592112e-01
8.802765054248781196e-01
8.789028527800692991e-01
8.806606580684962493e-01
8.798747110129100379e-01
8.645020862016237206e-01
8.447500917759582784e-01
8.384058589221914382e-01
8.395127347148688690e-01
8.460303278869383270e-01
8.458584862886190381e-01
8.439029586243874670e-01
8.498507998016255893e-01
8.344982873640072185e-01
8.376894902022453682e-01
8.386832274999211911e-01
8.375478181679018030e-01
8.405902544665116993e-01
8.503850829971354441e-01
8.486788881338175328e-01
8.490245446577626698e-01
8.474198847226117604e-01
8.383792708664503657e-01
8.418755687701732215e-01
8.441483616236938881e-01
8.342161902317732913e-01
8.375748419364028585e-01
8.415022062363087807e-01
8.454976205826494340e-01
8.434475114268866758e-01
8.436959531848101657e-01
8.383110855123178107e-01
