2.250000000000000056e-01
0.000000000000000000e+00
0.000000000000000000e+00
0.000000000000000000e+00
0.000000000000000000e+00
0.000000000000000000e+00
0.000000000000000000e+00
0.000000000000000000e+00
0.000000000000000000e+00
0.000000000000000000e+00
0.000000000000000000e+00
0.000000000000000000e+00
0.000000000000000000e+00
0.000000000000000000e+00
0.000000000000000000e+00
0.000000000000000000e+00
0.000000000000000000e+00
0.000000000000000000e+00
0.000000000000000000e+00
0.000000000000000000e+00
0.000000000000000000e+00
0.000000000000000000e+00
0.000000000000000000e+00
0.000000000000000000e+00
0.000000000000000000e+00
0.000000000000000000e+00
0.000000000000000000e+00
0.000000000000000000e+00
0.000000000000000000e+00
0.000000000000000000e+00
0.000000000000000000e+00
0.000000000000000000e+00
0.000000000000000000e+00
0.000000000000000000e+00
0.000000000000000000e+00
0.000000000000000000e+00
0.000000000000000000e+00
0.000000000000000000e+00
0.000000000000000000e+00
0.000000000000000000e+00
0.000000000000000000e+00
0.000000000000000000e+00
0.000000000000000000e+00
0.000000000000000000e+00
0.000000000000000000e+00
0.000000000000000000e+00
0.000000000000000000e+00
0.000000000000000000e+00
0.000000000000000000e+00
0.000000000000000000e+00
0.000000000000000000e+00
0.000000000000000000e+00
1.694558554508616588e+00
1.732857857800787382e+00
1.584129877503976935e+00
1.290925489591205677e+00
1.152197620605795780e+00
1.104654377412594979e+00
1.158813459238304366e+00
1.184256039476830225e+00
1.174671141975406563e+00
1.184968474363384816e+00
1.205058214499281855e+00
1.204456462229238412e+00
1.231233806138916753e+00
1.254587776430132973e+00
1.265134777568630797e+00
1.283476074584508186e+00
1.311341996386064190e+00
1.335207540040731056e+00
1.353345743161574743e+00
1.360448552043041159e+00
1.356857753732801264e+00
1.344735365955453510e+00
1.322684128579446172e+00
1.305350602869438381e+00
1.288599638593800556e+00
1.270140670942992767e+00
1.251226055155565398e+00
1.236950343985073086e+00
1.219955204299737916e+00
1.196012527539461523e+00
1.173583088641925176e+00
1.159292752276310789e+00
1.143965934501172566e+00
1.131406676450230853e+00
1.120158712852211025e+00
1.123497410628599980e+00
1.126428177585826473e+00
1.130575524978945978e+00
1.141338055993428968e+00
1.155330187202475933e+00
1.171016463688459908e+00
1.184742265231569336e+00
1.185067648804830176e+00
1.193767391813709722e+00
1.190579566106910958e+00
1.191257215513373602e+00
1.183502208134763478e+00
1.184134803304906391e+00
