2.250000000000000056e-01
0.000000000000000000e+00
0.000000000000000000e+00
0.000000000000000000e+00
0.000000000000000000e+00
0.000000000000000000e+00
0.000000000000000000e+00
0.000000000000000000e+00
0.000000000000000000e+00
0.000000000000000000e+00
0.000000000000000000e+00
0.000000000000000000e+00
0.000000000000000000e+00
0.000000000000000000e+00
0.000000000000000000e+00
0.000000000000000000e+00
0.000000000000000000e+00
0.000000000000000000e+00
0.000000000000000000e+00
0.000000000000000000e+00
0.000000000000000000e+00
0.000000000000000000e+00
0.000000000000000000e+00
0.000000000000000000e+00
0.000000000000000000e+00
0.000000000000000000e+00
0.000000000000000000e+00
0.000000000000000000e+00
0.000000000000000000e+00
0.000000000000000000e+00
0.000000000000000000e+00
2.192874174703185186e-01
1.864200826751252482e-01
2.455147199341548847e-01
2.944785367162965350e-01
2.918535026502591112e-01
3.170920344846553940e-01
3.464881478530273395e-01
3.525855367437932264e-01
3.809521304951348220e-01
3.699673634640814890e-01
3.897085430279619289e-01
4.091300621277965122e-01
4.113366268857555630e-01
4.247716853444627461e-01
4.443389210638555853e-01
4.591874183521973407e-01
4.669784098021280139e-01
4.712133572226195333e-01
5.064114369169748775e-01
5.275919708246753492e-01
5.333393459066372300e-01
5.632181772671575049e-01
5.783300423845267879e-01
6.045359500439146938e-01
5.701622930455568783e-01
5.666287495994943857e-01
5.630038566694061108e-01
5.724251023664854721e-01
5.789180395778913413e-01
6.022297628664157187e-01
6.260982230553600036e-01
6.339174238466314115e-01
6.063483539612538609e-01
6.161393280889136959e-01
6.019328926036383587e-01
6.125940729774309590e-01
6.256524872853602703e-01
6.807932237661875607e-01
7.345837364008132031e-01
7.812108334342895422e-01
8.270664596423059622e-01
8.482234926843613687e-01
8.747982478526751260e-01
8.997682978194242454e-01
9.144981308542208254e-01
9.379327757560997902e-01
9.839266102219355048e-01
1.031536906384759478e+00
1.071180336448969372e+00
1.101211127346691576e+00
1.145242966615696245e+00
1.191494469432091252e+00
1.215906213963374727e+00
1.228926447715155357e+00
1.238890320619805863e+00
1.236123151420007282e+00
1.247063553017912385e+00
1.275353077074588226e+00
1.272208940296813751e+00
1.268309549299552641e+00
1.264805184293211981e+00
1.252429763136938101e+00
1.259931211903245751e+00
1.265078539313901684e+00
1.261027926731327575e+00
1.275995786482323480e+00
1.299072687873144671e+00
1.289802385694659215e+00
1.280172844034225710e+00
