2.250000000000000056e-01
0.000000000000000000e+00
0.000000000000000000e+00
0.000000000000000000e+00
0.000000000000000000e+00
0.000000000000000000e+00
0.000000000000000000e+00
1.479985224827064405e+00
1.461495195986652229e+00
1.439244146748904774e+00
1.423643777119912190e+00
1.413260464065006605e+00
1.334633178224460703e+00
1.212749487429947370e+00
1.290803011060725591e+00
1.246962792226451455e+00
1.296509661630450116e+00
1.284080030363127012e+00
1.248164722869318677e+00
1.226604051096174874e+00
1.203532485165627941e+00
1.179575934010489435e+00
1.158597399441873010e+00
1.151591294094964191e+00
1.123964818789717546e+00
1.064759417159014010e+00
1.023000439569624609e+00
1.031444321011885323e+00
1.016702440059025880e+00
1.002269576785303817e+00
9.969028803602718591e-01
9.870139172586209764e-01
9.745025243264886505e-01
1.056242197547170747e+00
1.078204119993055654e+00
1.065751795538737445e+00
1.054782162891164665e+00
1.046619577351026509e+00
1.023792188150558280e+00
1.001432635376557911e+00
9.911311750364019124e-01
9.933913758012142825e-01
1.016619597869384384e+00
9.879756935803128970e-01
9.758280548493858397e-01
9.666581764880211036e-01
9.599964666291014304e-01
9.616839861460558803e-01
9.765380216392054447e-01
9.806737396370979187e-01
9.920276396991054568e-01
9.951480504928486015e-01
9.856751067302618186e-01
9.717126237888135121e-01
9.709764900078420302e-01
9.933588116726125294e-01
1.018267698673331001e+00
1.031764587172238512e+00
1.057873482598484349e+00
1.044895237535573562e+00
1.032595010725691154e+00
1.026459649904418514e+00
1.005504654153492661e+00
9.940072631521795765e-01
9.839751210997899067e-01
9.846492836525961856e-01
9.915494535204821824e-01
1.005575218872572396e+00
1.000763522627996283e+00
1.002185480158600983e+00
9.872136513200436836e-01
9.890352861432808451e-01
9.969750144313545004e-01
1.021854790893838016e+00
1.053235772777227908e+00
1.085063483405664941e+00
1.116209076686142776e+00
1.120297562699528848e+00
1.125542317902114675e+00
1.124322899132878861e+00
1.118627991092702390e+00
1.117493604405153329e+00
1.107495716095494354e+00
1.096510170226185021e+00
1.094468094689516224e+00
1.089910074391428507e+00
1.098188956404875460e+00
1.092159919997630402e+00
1.090225030187091715e+00
1.081946372238755005e+00
1.075183673167983134e+00
1.077593471046371709e+00
1.080004395328451494e+00
1.075894166128715135e+00
1.075723714932424580e+00
1.075342489005403301e+00
1.098205813986953938e+00
1.126239456826576557e+00
1.118224281974752543e+00
1.109399040171462847e+00
