2.250000000000000056e-01
0.000000000000000000e+00
0.000000000000000000e+00
0.000000000000000000e+00
0.000000000000000000e+00
1.579039422637682044e+00
1.579505032958772537e+00
1.429537669024737889e+00
1.395609377854188926e+00
1.375154604413396653e+00
1.347403901032893092e+00
1.316273573199617575e+00
1.295047207576797588e+00
1.217087460947383626e+00
1.214985263503063351e+00
1.215820902363912603e+00
1.225830484876435200e+00
1.224776844606040971e+00
1.240013009969735069e+00
1.266452558889273439e+00
1.306158372924847155e+00
1.334253304558338460e+00
1.411978651930745121e+00
1.463468944615249567e+00
1.454393479420400093e+00
1.438280295323205005e+00
1.421970022916634102e+00
1.418845488908410335e+00
1.408191636282561721e+00
1.390291734787055811e+00
1.482423996789948184e+00
1.517752846161775970e+00
1.486046166350732056e+00
1.496082598725767987e+00
1.494512436076334438e+00
1.476624479610793683e+00
1.457176166878711321e+00
1.474581851442181568e+00
1.471183617815059907e+00
1.455690444046841892e+00
1.439731143939848801e+00
1.453712948915336645e+00
1.459855698326930851e+00
1.461854844221488037e+00
1.450306858663219955e+00
1.449806311537095604e+00
1.457319654992864866e+00
1.448172430523677834e+00
1.453328048584662469e+00
1.446685442957495127e+00
1.445848867401612781e+00
1.435902364616023608e+00
1.423166439241046133e+00
1.437207614801325306e+00
1.433636696772575547e+00
1.433723009361054235e+00
1.440398000733923878e+00
1.447068305486153728e+00
1.453070533329201774e+00
1.454763509846864533e+00
1.451194385345267790e+00
1.451866290110578106e+00
1.446685598752686985e+00
1.451251058668334926e+00
1.446932533551799072e+00
1.444141528815039877e+00
1.448954819528086135e+00
1.459860707515649558e+00
1.458003608855134470e+00
1.454796122253345647e+00
1.456384528175024284e+00
1.454499557888594641e+00
1.448412407756265008e+00
1.444158083845313190e+00
1.437890328780878191e+00
1.437528210794185801e+00
1.424648257028052090e+00
1.414255209613544118e+00
1.411463081109210815e+00
1.408604108349554629e+00
1.410642921265910621e+00
1.400811346877685493e+00
1.410688916820793892e+00
1.415297722620563414e+00
1.415078227660317323e+00
1.409648315749659764e+00
1.416986270792095715e+00
1.417399062077715488e+00
1.417988805119731577e+00
1.414951116848878865e+00
1.414783020756258169e+00
1.418536118699633697e+00
1.423325957024255572e+00
1.433094159341558038e+00
1.431428505951737984e+00
1.429087536182239493e+00
1.428579325801562661e+00
1.433601342002196910e+00
1.434040781800041797e+00
1.439138067133312271e+00
