2.250000000000000056e-01
0.000000000000000000e+00
0.000000000000000000e+00
1.571981533511514373e+00
1.552001685102075923e+00
1.475525233712894124e+00
1.523503900518689669e+00
1.433523899705001492e+00
1.440916285337034752e+00
1.386013964297716727e+00
1.347659991026293858e+00
1.397383903188306187e+00
1.350116267281975535e+00
1.304681977020988093e+00
1.363521933218660998e+00
1.319783824190367882e+00
1.339700928502209454e+00
1.250666095989680482e+00
1.324117140138454607e+00
1.286843116040336854e+00
1.365022646619360902e+00
1.220484252469973052e+00
1.210996027429713129e+00
1.301051495296917215e+00
1.256878202357954111e+00
1.242801098860180975e+00
1.273753097394252132e+00
1.248401898013960842e+00
1.354289042647697228e+00
1.387621824000535575e+00
1.550406674950230324e+00
1.538279233404058477e+00
1.591746956448647277e+00
1.660067157722599829e+00
1.673149273346989041e+00
1.658024775963773179e+00
1.652560376987134649e+00
1.624543515776628144e+00
1.596761124038054813e+00
1.596848110530327824e+00
1.593903435612640251e+00
1.599168919946627021e+00
1.652639033171012795e+00
1.695039558087708675e+00
1.727322580640300087e+00
1.729899698085043624e+00
1.722423443720555669e+00
1.714630383166319216e+00
1.712966541699368239e+00
1.707613915049984721e+00
1.680148815386323102e+00
1.669742401198746284e+00
1.660848419100067641e+00
1.622086247200802189e+00
1.612630080539327881e+00
1.601695353889013074e+00
1.617456154045128214e+00
1.635139762125650487e+00
1.632738110733446213e+00
1.643671364978591898e+00
1.671258311935395646e+00
1.681247389135376746e+00
1.679203512314851432e+00
1.673813808868524378e+00
1.670858242359577028e+00
1.669826998643956673e+00
1.670982800573070914e+00
1.659762645974293571e+00
1.667700827428419963e+00
1.680613907294581599e+00
1.738708879287005127e+00
1.780238378690722989e+00
1.798619547908562488e+00
1.812226393043520956e+00
1.798934698957564526e+00
1.792662869896404887e+00
1.793086162576731368e+00
1.781917142687212463e+00
1.772937668462797545e+00
1.750489221859934608e+00
1.746425120451464252e+00
1.773741461675456765e+00
1.775247664767769296e+00
1.777944431436569106e+00
1.764679577276523359e+00
1.759810111377500208e+00
1.761922947531858075e+00
1.763803250143340495e+00
1.772725274658475625e+00
1.766135115036944647e+00
1.765606117911081574e+00
1.779810699858249912e+00
1.784578018405709621e+00
1.785749751479832170e+00
1.780670911354305774e+00
1.768475707155684695e+00
1.754048708083356889e+00
1.767105033430001360e+00
1.762347153258780663e+00
1.765381485465908895e+00
