2.250000000000000056e-01
0.000000000000000000e+00
0.000000000000000000e+00
1.578618182529963054e-01
1.578618182529963054e-01
1.578618182529963054e-01
1.627549704564868194e-01
1.572458073288475755e-01
1.571267956994610304e-01
1.546429342017115460e-01
1.544055004155314714e-01
1.541874177103995380e-01
1.832779146416843863e-01
1.941538688524230838e-01
1.978544622612521953e-01
1.962767804954209383e-01
1.935409407288587180e-01
1.934515181975744180e-01
1.841750399331446297e-01
1.820223424526935252e-01
1.547265387580408491e-01
1.431417004034725993e-01
1.367402940348139140e-01
1.287861806051873448e-01
1.255601957452327222e-01
1.172870267003165989e-01
1.165982136516668377e-01
1.174958563148663093e-01
1.238377316201605682e-01
1.183443264806695455e-01
1.190426688401441252e-01
1.187349330067824504e-01
1.199392974795359668e-01
1.206254760162015494e-01
1.199543910273515729e-01
1.148690493655182970e-01
1.144366318744242522e-01
1.098692907411778358e-01
1.119784849716404240e-01
1.141154014653650156e-01
1.142437085338144087e-01
1.147257960360832524e-01
1.125656745249389856e-01
1.091125551903221608e-01
1.110964049976181506e-01
1.101525768240076558e-01
1.084504929586143085e-01
1.088580695652470315e-01
1.080334153731398322e-01
1.087081727968327305e-01
1.087485808715883406e-01
1.087552276440876819e-01
1.091744954998398742e-01
1.097028510925911193e-01
1.107310704553928632e-01
1.102740699357179638e-01
1.121062992837380951e-01
1.132928920024548203e-01
1.116254823467050517e-01
1.107386913324706484e-01
1.124748409017955197e-01
1.115525482257743312e-01
1.124150511324632229e-01
1.134070182850152597e-01
1.170238533708708312e-01
1.136929041757883951e-01
1.112135185238954244e-01
1.090229986554990538e-01
1.064912187258107157e-01
1.071749278086509133e-01
1.066602060556115783e-01
1.067813754546754618e-01
1.054395731976576212e-01
1.057737868999362035e-01
1.062246246541293793e-01
1.043583212879496402e-01
1.042688143327851619e-01
1.072475532917038094e-01
1.095928476628455633e-01
1.110742016746653071e-01
1.125661603366233943e-01
1.155086287893559577e-01
1.158566067806414551e-01
1.170790690526632011e-01
1.185553660183087804e-01
1.192649100858108185e-01
1.187026926376584940e-01
1.202198736156138564e-01
1.208471802422366320e-01
1.219832045130493231e-01
1.199052179793115569e-01
1.198243646739737961e-01
1.196823821958965667e-01
1.196822527994233915e-01
1.193611458269463327e-01
1.186788611207867661e-01
1.173625150462378058e-01
1.158343972967244839e-01
1.141030262529924705e-01
1.126712745794853782e-01
