2.250000000000000056e-01
0.000000000000000000e+00
0.000000000000000000e+00
9.093758946297304524e-01
9.110255436815345442e-01
9.244372157352044317e-01
8.633838387225637456e-01
8.662212623878010609e-01
8.176633837902455015e-01
8.279149772585642220e-01
7.940229527225817208e-01
7.755776452626108597e-01
7.294952504846128338e-01
7.496569332488015602e-01
8.804360590973520084e-01
9.336925083736813402e-01
9.303827368382256990e-01
9.071315192219506773e-01
8.847688537485497440e-01
8.566527386690426793e-01
8.502476343124657499e-01
8.223741678688329948e-01
8.192103084935365986e-01
8.133406009760784094e-01
8.325517216950720778e-01
8.326053108890273391e-01
8.231792925171859121e-01
8.772576580045723382e-01
8.958701330911307270e-01
9.055337660245224018e-01
9.080551112191991292e-01
9.221943028482060267e-01
9.229658974844109354e-01
9.204704105267281777e-01
9.172194748218376326e-01
9.085368532534096042e-01
8.983102234472172265e-01
9.079844669115882949e-01
9.005887834627469557e-01
8.881572344982685552e-01
8.868832208425980745e-01
8.863283786394630104e-01
8.826202618499785491e-01
8.803333564502225927e-01
8.864967388585964780e-01
8.964632491858880448e-01
8.948022305522245201e-01
8.949038258139863089e-01
9.038109499285521542e-01
9.200827111770603084e-01
9.211133781196901849e-01
9.207546019724278663e-01
9.169714054965829586e-01
9.137299547295995028e-01
9.051310757802810691e-01
8.990337430791682793e-01
8.961463267127954824e-01
9.105299009899715523e-01
9.128066908154748305e-01
9.190467054260106350e-01
9.210957848342536947e-01
9.218832429706477205e-01
9.146666756600188020e-01
9.134509599322910844e-01
9.164033662450197237e-01
9.171475494590251021e-01
9.201066756406015568e-01
9.220112486694965748e-01
9.182460837344734728e-01
9.164501611348013776e-01
9.186668109811787497e-01
9.177541363001872066e-01
9.072722065926392965e-01
8.998475092242897988e-01
8.981462577296106531e-01
9.039676636940168208e-01
9.041268386253680234e-01
9.079443399926931946e-01
9.144309157964723989e-01
9.163151705247717382e-01
9.156333936817567798e-01
9.120719035971189825e-01
9.047697585402192377e-01
9.011917782841666336e-01
8.939140919579583455e-01
8.840479607648574767e-01
8.770308455653522683e-01
8.766922544477109280e-01
8.764241576171064585e-01
8.875963580371076800e-01
8.934440762579901607e-01
9.106071178669535859e-01
9.175790455572696569e-01
9.207951857613080326e-01
9.230533767600768158e-01
9.212120821707111551e-01
9.183048079240624384e-01
9.157373072672451153e-01
9.176895699177083365e-01
9.145237170603722765e-01
