2.250000000000000056e-01
0.000000000000000000e+00
0.000000000000000000e+00
0.000000000000000000e+00
0.000000000000000000e+00
0.000000000000000000e+00
0.000000000000000000e+00
0.000000000000000000e+00
0.000000000000000000e+00
0.000000000000000000e+00
0.000000000000000000e+00
0.000000000000000000e+00
0.000000000000000000e+00
0.000000000000000000e+00
0.000000000000000000e+00
0.000000000000000000e+00
0.000000000000000000e+00
0.000000000000000000e+00
0.000000000000000000e+00
0.000000000000000000e+00
0.000000000000000000e+00
0.000000000000000000e+00
0.000000000000000000e+00
0.000000000000000000e+00
0.000000000000000000e+00
0.000000000000000000e+00
0.000000000000000000e+00
0.000000000000000000e+00
0.000000000000000000e+00
0.000000000000000000e+00
0.000000000000000000e+00
0.000000000000000000e+00
0.000000000000000000e+00
0.000000000000000000e+00
0.000000000000000000e+00
0.000000000000000000e+00
0.000000000000000000e+00
0.000000000000000000e+00
0.000000000000000000e+00
0.000000000000000000e+00
0.000000000000000000e+00
0.000000000000000000e+00
0.000000000000000000e+00
0.000000000000000000e+00
0.000000000000000000e+00
0.000000000000000000e+00
0.000000000000000000e+00
0.000000000000000000e+00
0.000000000000000000e+00
0.000000000000000000e+00
0.000000000000000000e+00
0.000000000000000000e+00
0.000000000000000000e+00
1.270069793660515700e-01
9.281262164388556779e-02
1.671391312626273606e-01
1.483626234300977342e-01
2.235748234134509183e-01
2.272663813546216272e-01
1.826436185558803493e-01
2.550455527721325888e-01
2.437721601534148519e-01
2.652834755098001374e-01
2.563605876634282299e-01
3.090799723425916579e-01
3.392019451760994730e-01
3.448421528786240753e-01
3.498122760568705414e-01
4.097165705760147936e-01
4.286363964072010257e-01
3.919730609397836796e-01
3.364029164961696572e-01
3.794306346669031882e-01
4.161466602277519300e-01
3.790684717978234364e-01
3.786505579068846772e-01
3.781845214532379984e-01
4.228472260899849289e-01
4.660758082182205331e-01
4.729251298705756112e-01
4.791497033066813294e-01
4.587148201079122578e-01
4.903750032836471373e-01
5.117246040469475288e-01
4.837291096640192190e-01
4.676310929805111982e-01
4.769595365948666732e-01
4.559594873091014633e-01
5.190642042806706824e-01
5.733268168318909064e-01
5.667696540598446964e-01
5.594504157802857591e-01
7.579082933433565206e-01
9.116064305598463591e-01
9.703550662438900076e-01
9.931820611618273897e-01
9.845230361910541905e-01
1.020927663150092979e+00
9.924417088048728131e-01
1.069859226786747719e+00
