2.250000000000000056e-01
0.000000000000000000e+00
0.000000000000000000e+00
0.000000000000000000e+00
0.000000000000000000e+00
0.000000000000000000e+00
0.000000000000000000e+00
0.000000000000000000e+00
0.000000000000000000e+00
0.000000000000000000e+00
0.000000000000000000e+00
0.000000000000000000e+00
0.000000000000000000e+00
0.000000000000000000e+00
0.000000000000000000e+00
0.000000000000000000e+00
0.000000000000000000e+00
0.000000000000000000e+00
0.000000000000000000e+00
0.000000000000000000e+00
0.000000000000000000e+00
0.000000000000000000e+00
0.000000000000000000e+00
0.000000000000000000e+00
0.000000000000000000e+00
0.000000000000000000e+00
0.000000000000000000e+00
0.000000000000000000e+00
0.000000000000000000e+00
0.000000000000000000e+00
1.461249806603416079e+00
1.429194781672649350e+00
1.413018726795465474e+00
1.401332426813629128e+00
1.388290963500697250e+00
1.360577510216720132e+00
1.357195459506666868e+00
1.286887046381250288e+00
1.197218959239125802e+00
1.097175506798432343e+00
1.069210997172779010e+00
1.001098412774085622e+00
9.345283444464012046e-01
9.362999064280405070e-01
9.723529316471772876e-01
1.002426373635753043e+00
1.034210801056598683e+00
1.054166405416034014e+00
1.069832199183787136e+00
1.096611823955381926e+00
1.097842408332745379e+00
1.121006993733100865e+00
1.124293795071136470e+00
1.118751446801145244e+00
1.115604895199121316e+00
1.136000341502910516e+00
1.133806559133448300e+00
1.150894393286003403e+00
1.172451003025748895e+00
1.189836591467038573e+00
1.197336571623176527e+00
1.224992424844588479e+00
1.249970203599705121e+00
1.266149929257153417e+00
1.277223675964857419e+00
1.246308990543747441e+00
1.198976348017946059e+00
1.186885955114667546e+00
1.174067264665890287e+00
1.162178085350804579e+00
1.158615835799988281e+00
1.150520619978559589e+00
1.141061084446637341e+00
1.134271546534704633e+00
1.148325522280873257e+00
1.163873700833029323e+00
1.185086650901252536e+00
1.197385623816836109e+00
1.206856348757429531e+00
1.221216365635708900e+00
1.222423329675357939e+00
1.183528850507084451e+00
1.155079288189678977e+00
1.176337309546154897e+00
1.192221906318110314e+00
1.188678661937155212e+00
1.184871175420790568e+00
1.186426691965974944e+00
1.181464077415736558e+00
1.183280556813382400e+00
1.185703779323888263e+00
1.180754892671808554e+00
1.168751498716261938e+00
1.169619159313029400e+00
1.167992336599680492e+00
1.156494609675300156e+00
1.159504621059769480e+00
1.148580950140198675e+00
1.137460582563344369e+00
1.101804018034944210e+00
