2.250000000000000056e-01
1.086060291078947415e+00
1.069455957928754808e+00
1.087594998451646200e+00
1.053365988514670004e+00
1.038460991099227959e+00
1.042884283194750461e+00
1.024323659375341977e+00
1.053520715491249371e+00
1.035402920760210677e+00
1.027036919609296772e+00
1.012699941167463535e+00
9.989153073895828960e-01
9.952142121740007452e-01
9.883637458156674382e-01
9.776688879647602581e-01
9.713846591113928230e-01
9.539186984761636179e-01
9.386050151471124758e-01
9.225904767737912460e-01
9.443405711769348176e-01
9.259419807425648408e-01
9.102415033161583846e-01
9.258524792998605868e-01
9.349910469433559967e-01
9.255238196431817554e-01
9.207040049568218087e-01
9.121321705080072118e-01
8.923592364808230482e-01
8.736288426755748349e-01
8.523157394027777167e-01
8.222232657176949955e-01
8.046232361715042192e-01
8.085941059511612128e-01
8.347186998462736707e-01
8.507713677647883443e-01
8.734607708389650060e-01
8.928684909517968782e-01
9.067691309581292769e-01
9.113947877685040222e-01
9.152449951181099719e-01
9.086913917369431326e-01
8.945740797032780689e-01
8.786492401991979895e-01
8.563092359521774499e-01
8.315983693378067310e-01
8.235368257425977889e-01
8.365688698342184093e-01
8.313712105456779744e-01
8.363154607384107875e-01
8.211030648745778482e-01
8.163755813515559678e-01
8.007608570855959673e-01
7.866208422102829445e-01
7.657737352034245104e-01
7.582900576403888149e-01
7.561999370555769762e-01
7.548073417670070340e-01
7.616792453608045577e-01
7.556477693733877343e-01
7.696882440582542007e-01
7.776997377631021946e-01
7.860685463411316576e-01
7.959390029063868610e-01
8.171838071580392882e-01
8.182465365945656988e-01
8.092297640291415961e-01
8.048911203498095857e-01
8.099919508701923787e-01
8.171556386483895817e-01
8.192123714014282188e-01
8.129017867615024873e-01
8.087377023055450920e-01
8.073662949644266895e-01
8.026166338309452808e-01
7.977900138216086345e-01
7.867964565559401047e-01
7.840665773083791423e-01
7.745209738325542492e-01
7.712114559161821203e-01
7.579965046384143923e-01
7.554048467022809188e-01
7.466908210013069036e-01
7.422887081131646081e-01
7.305333902410041658e-01
7.125824035086337771e-01
7.202410722173768765e-01
7.244408635426635712e-01
7.229764473720399209e-01
7.285624591968848929e-01
7.330962600056570855e-01
7.316605474637467577e-01
7.439081375254933404e-01
7.508457006641036102e-01
7.579578496782672925e-01
7.556683946435106547e-01
7.721009599695692893e-01
7.785038702697034685e-01
7.828615287392882705e-01
7.871326649718303203e-01
