2.250000000000000056e-01
0.000000000000000000e+00
0.000000000000000000e+00
0.000000000000000000e+00
0.000000000000000000e+00
0.000000000000000000e+00
0.000000000000000000e+00
0.000000000000000000e+00
0.000000000000000000e+00
2.797749541504724324e-01
3.163209197860949451e-01
3.532402010362706291e-01
4.367290321932261188e-01
5.016201470696808329e-01
5.082463592885907433e-01
5.936239091663376710e-01
6.052732011693550129e-01
6.754204748634109468e-01
7.062013152336089616e-01
6.984521672487060684e-01
7.132900948398750440e-01
7.316865363460108851e-01
9.908654894671520275e-01
1.017368051530956663e+00
1.041015155001672410e+00
1.060794434364992878e+00
1.041690825601672810e+00
1.046576663857411882e+00
1.011635870356259792e+00
1.010825331133185179e+00
1.019108251927213660e+00
1.030074022799067235e+00
1.063021731681487392e+00
1.148948278854184046e+00
1.181430506663238678e+00
1.221251521456512945e+00
1.288866374972701179e+00
1.290423738693160294e+00
1.302054181966773916e+00
1.303369398832789017e+00
1.301111089292105394e+00
1.301884957429489065e+00
1.307883567283452786e+00
1.306226301286452784e+00
1.285929722278371878e+00
1.276830090988211097e+00
1.279695365667570917e+00
1.266553313721731300e+00
1.294215482593734867e+00
1.295865805465827636e+00
1.292186792113319438e+00
1.283598972743738242e+00
1.287435068750877543e+00
1.288691823901750411e+00
1.287535577322565850e+00
1.277521953955157219e+00
1.262442870448253096e+00
1.262026338176496676e+00
1.254543742231597703e+00
1.247030856304349955e+00
1.256771830332700235e+00
1.242632089116189276e+00
1.244022526068975010e+00
1.240160921136825856e+00
1.253466497253441503e+00
1.250191567338848175e+00
1.232016273734137357e+00
1.228951980800645272e+00
1.225957092733836573e+00
1.244923268499109392e+00
1.258246097503938010e+00
1.266216848452275556e+00
1.265531722145298632e+00
1.263913503417883222e+00
1.265424029321873256e+00
1.266671625800994239e+00
1.273682013659173107e+00
1.279752150558522761e+00
1.289796625889022552e+00
1.302157493116908871e+00
1.301373799754776073e+00
1.308927756870732262e+00
1.309453762283998124e+00
1.305326368358660671e+00
1.294541984450419791e+00
1.291501384527543594e+00
1.295830035848855921e+00
1.286316750715605250e+00
1.271725275107185249e+00
1.273108305354169412e+00
1.265020380914809284e+00
1.260752904079792458e+00
1.247169614009266070e+00
1.251034638232165763e+00
1.252052419888738832e+00
1.248203929479323904e+00
1.250395141236549268e+00
1.248592333564080059e+00
1.248373334504325527e+00
1.254186413652811360e+00
