2.250000000000000056e-01
0.000000000000000000e+00
0.000000000000000000e+00
0.000000000000000000e+00
0.000000000000000000e+00
0.000000000000000000e+00
0.000000000000000000e+00
0.000000000000000000e+00
0.000000000000000000e+00
0.000000000000000000e+00
0.000000000000000000e+00
0.000000000000000000e+00
0.000000000000000000e+00
0.000000000000000000e+00
0.000000000000000000e+00
0.000000000000000000e+00
0.000000000000000000e+00
0.000000000000000000e+00
0.000000000000000000e+00
0.000000000000000000e+00
0.000000000000000000e+00
0.000000000000000000e+00
0.000000000000000000e+00
0.000000000000000000e+00
0.000000000000000000e+00
0.000000000000000000e+00
0.000000000000000000e+00
0.000000000000000000e+00
0.000000000000000000e+00
0.000000000000000000e+00
0.000000000000000000e+00
0.000000000000000000e+00
0.000000000000000000e+00
0.000000000000000000e+00
0.000000000000000000e+00
0.000000000000000000e+00
0.000000000000000000e+00
0.000000000000000000e+00
0.000000000000000000e+00
0.000000000000000000e+00
0.000000000000000000e+00
0.000000000000000000e+00
0.000000000000000000e+00
0.000000000000000000e+00
0.000000000000000000e+00
0.000000000000000000e+00
0.000000000000000000e+00
0.000000000000000000e+00
0.000000000000000000e+00
0.000000000000000000e+00
0.000000000000000000e+00
0.000000000000000000e+00
0.000000000000000000e+00
0.000000000000000000e+00
0.000000000000000000e+00
0.000000000000000000e+00
0.000000000000000000e+00
0.000000000000000000e+00
0.000000000000000000e+00
0.000000000000000000e+00
0.000000000000000000e+00
0.000000000000000000e+00
0.000000000000000000e+00
0.000000000000000000e+00
0.000000000000000000e+00
0.000000000000000000e+00
0.000000000000000000e+00
0.000000000000000000e+00
9.605223386738604985e-01
8.733482302974180378e-01
9.241593193061005129e-01
8.813757633169962968e-01
8.355071514720741055e-01
8.567588510764519993e-01
8.143623371556103496e-01
8.155229228152510723e-01
7.814267579309396305e-01
8.871618107436010092e-01
7.236285048030322020e-01
7.608655933515369174e-01
8.057493110526628977e-01
8.202700775770730424e-01
8.006132346639515118e-01
7.430687914230558189e-01
7.319079964369521463e-01
7.744252348206671632e-01
8.192015173141229400e-01
8.387213815067180445e-01
8.500193735169795373e-01
8.380507294062939927e-01
7.972942538246584609e-01
7.615126703403657382e-01
7.470339471229011652e-01
7.199292985812805190e-01
6.896784235001199859e-01
6.319239392794508969e-01
6.098701030835562698e-01
6.101291921627565173e-01
6.087105670728938378e-01
6.227461491611177014e-01
