2.250000000000000056e-01
0.000000000000000000e+00
2.518097004662754879e-01
2.866760729699295296e-01
5.333751966684425749e-01
8.445461465131801626e-01
8.791909563109161496e-01
8.805003326298117550e-01
9.552793398323545793e-01
9.764713708502572587e-01
9.807105349780969039e-01
9.745889895041945916e-01
9.365489673679708860e-01
9.239439410841184808e-01
9.369383468968666140e-01
9.574203157258028840e-01
9.593978417239991119e-01
9.584134462425318857e-01
9.485026476027794695e-01
9.307047002722635964e-01
9.302164973120704561e-01
9.302750333962687135e-01
9.331452327543826586e-01
9.372401115422779316e-01
9.367761396626781423e-01
9.364304317404062994e-01
9.436354283493478823e-01
9.390373631445930735e-01
9.358592202550881645e-01
9.352048409646027682e-01
9.324914352071864698e-01
9.495033368216374559e-01
9.608033366358678107e-01
9.598568373833787915e-01
9.533774335105917874e-01
9.415712166130387750e-01
9.346945544039577669e-01
9.591921643650708207e-01
9.629578056564802591e-01
9.611021292591795939e-01
9.579745009005695699e-01
9.562628366544811964e-01
9.555078609855566230e-01
9.497354718491816117e-01
9.583022967366364719e-01
9.560009263078987907e-01
9.529093366273452270e-01
9.399711975676204867e-01
9.458720488977009344e-01
9.491833156515989689e-01
9.626543872007000680e-01
9.538551867988510624e-01
9.499550708640386310e-01
9.352322989992899460e-01
9.379349394243976512e-01
9.333824462323985216e-01
9.310816908123686897e-01
9.312749526811551215e-01
9.405686324072259907e-01
9.307636543537328722e-01
9.244128769105361965e-01
9.382328203852464688e-01
9.484049297227969966e-01
9.543341332414786438e-01
9.535537440763450778e-01
9.695312260918832470e-01
9.549535064408800622e-01
9.470525540251459873e-01
9.517841833720145361e-01
9.623921004955390268e-01
9.534649560025095782e-01
9.464147913746323582e-01
9.401555056765006357e-01
9.254857072251617689e-01
9.248707283068033913e-01
9.176907421640405627e-01
9.137791636944182505e-01
9.103993838386619242e-01
9.110934938374067871e-01
9.122567296611013843e-01
9.109691134337813967e-01
9.214138541956703454e-01
9.210407238504879635e-01
9.242969728963722487e-01
9.213047769366583539e-01
9.171146510549915698e-01
9.156084778666959689e-01
9.263074320300211939e-01
9.275969659681977397e-01
9.347189615690359998e-01
9.426838347198931434e-01
9.398863883370666139e-01
9.373069187089920762e-01
9.356149889267667552e-01
9.402931057452240671e-01
9.458435834325582547e-01
9.510803051959354493e-01
9.564320793945301213e-01
9.550148622217403682e-01
9.547728493912258640e-01
