2.250000000000000056e-01
0.000000000000000000e+00
0.000000000000000000e+00
0.000000000000000000e+00
0.000000000000000000e+00
1.010215288482022356e+00
1.012243530762843902e+00
1.040494343048490089e+00
1.132709230684915802e+00
1.173193049074609640e+00
1.167593099672131096e+00
1.174096581902852598e+00
1.170756072342796106e+00
1.165285289381621903e+00
1.156479510268361155e+00
1.148070219761082367e+00
1.133377020630150778e+00
1.121965960658738881e+00
1.111523696424316920e+00
1.076965490736205844e+00
1.036958994809977330e+00
1.012503033047949863e+00
1.005013177809841229e+00
1.102909351123301462e+00
1.236212407017493575e+00
1.260765361349067915e+00
1.270771891370008566e+00
1.279115779820878762e+00
1.270297534846230869e+00
1.320641993916498391e+00
1.347377930922500688e+00
1.332398696597516974e+00
1.330876486386419089e+00
1.326263557330704224e+00
1.319904833771792019e+00
1.308203856046542546e+00
1.299855209925806276e+00
1.279869050589504731e+00
1.259333693002355536e+00
1.235669007283063392e+00
1.290210795271026667e+00
1.317873557006056462e+00
1.299936529310673272e+00
1.268993937693638330e+00
1.242697650879947879e+00
1.235316502756203638e+00
1.243740978299310518e+00
1.220841558496287726e+00
1.213424480133433514e+00
1.205279706619861724e+00
1.219065561743406967e+00
1.229147364045080959e+00
1.267556295632553232e+00
1.255519250564355316e+00
1.216608776116837820e+00
1.182768097808205798e+00
1.171824614160652089e+00
1.150366181170586533e+00
1.135072544607853562e+00
1.123286859111200187e+00
1.121739509659669842e+00
1.125429254987991179e+00
1.126103653692296369e+00
1.123915770729190022e+00
1.132309862352271157e+00
1.136013288785509667e+00
1.150230276694125697e+00
1.150685286191767798e+00
1.152294254009458063e+00
1.158735176011900680e+00
1.184742788389121060e+00
1.188949365192222274e+00
1.188949818339647857e+00
1.176952794607723174e+00
1.190221640257152602e+00
1.204803317233188675e+00
1.214627305162941262e+00
1.274859517508947437e+00
1.302001190331206981e+00
1.316867898911407320e+00
1.325902702381175580e+00
1.324397363636125258e+00
1.335406537941302263e+00
1.354048176272346637e+00
1.361679999370717598e+00
1.363123614994703914e+00
1.368074637824915119e+00
1.356392601885977767e+00
1.336713324017338556e+00
1.324429848660157338e+00
1.316756901515425016e+00
1.321851506744787796e+00
1.311792682088207762e+00
1.295178759014550041e+00
1.287630256958332442e+00
1.281728175543361603e+00
1.268542042268632430e+00
1.254871555305986153e+00
1.240059128663209664e+00
1.223132707250295770e+00
