2.250000000000000056e-01
0.000000000000000000e+00
0.000000000000000000e+00
0.000000000000000000e+00
0.000000000000000000e+00
0.000000000000000000e+00
0.000000000000000000e+00
1.251133289208149701e+00
1.426162994767832926e+00
1.624268090990180990e+00
1.571987284362877269e+00
1.545862282347490346e+00
1.510799664746117488e+00
1.441281347920822631e+00
1.391504548736208990e+00
1.363283927732266143e+00
1.273579368722636884e+00
1.249556144727141493e+00
1.218665648304871674e+00
1.221541332241750100e+00
1.197930454509149145e+00
1.178426393800367178e+00
1.174050875482952394e+00
1.156805624866985349e+00
1.138357115888871229e+00
1.124807585956403511e+00
1.112173062552351155e+00
1.102969938383199677e+00
1.108665326071043067e+00
1.137062464596441558e+00
1.202113257722646322e+00
1.233223268252833682e+00
1.253467924998022065e+00
1.241980897610858170e+00
1.199460683860304355e+00
1.153492094195771145e+00
1.157384212014416658e+00
1.159046634603155157e+00
1.157167430002208564e+00
1.158660581172663573e+00
1.168332031165560059e+00
1.191234986207009294e+00
1.189405600225042381e+00
1.170445235622979974e+00
1.165214446625041811e+00
1.162319338323252182e+00
1.160426781745819369e+00
1.153176357640458338e+00
1.134529568970046753e+00
1.145385638234837966e+00
1.118557098697856578e+00
1.118232810190387783e+00
1.118330497171083238e+00
1.126956874001310727e+00
1.137101529910450326e+00
1.138157656616301194e+00
1.140579826290859078e+00
1.150125903880912626e+00
1.149584342926436520e+00
1.182334306671968704e+00
1.190264758255162425e+00
1.178383745663508675e+00
1.169929915661989561e+00
1.158663279577601957e+00
1.147133191932916851e+00
1.140054974117946429e+00
1.159417834135775038e+00
1.152872605994277988e+00
1.131276026726072415e+00
1.120303552990511875e+00
1.120170552470017622e+00
1.131254463524791642e+00
1.139558525402933453e+00
1.130605681825066267e+00
1.125115273027910145e+00
1.120363656524568263e+00
1.122296018790310379e+00
1.124484170304358877e+00
1.131354707990165132e+00
1.142617795321653418e+00
1.150283493026120762e+00
1.138887511904929317e+00
1.128398749274104107e+00
1.131884456969031172e+00
1.138646205412233048e+00
1.145074202260442098e+00
1.150974026704173481e+00
1.154403016244159863e+00
1.152487687306490871e+00
1.145059525053712557e+00
1.152466863532816133e+00
1.151016294709191534e+00
1.157855825159787244e+00
1.160839607245557126e+00
1.153376707569387927e+00
1.136874765831346945e+00
1.130185571974068326e+00
1.127986342094171146e+00
1.130577450779846060e+00
1.128040523414962415e+00
