2.250000000000000056e-01
0.000000000000000000e+00
0.000000000000000000e+00
0.000000000000000000e+00
1.074882345546370743e-01
1.074827301450689138e-01
1.074730879880985701e-01
1.074555701757130693e-01
1.074382143116637128e-01
1.074215796088549280e-01
1.782613908986706575e-01
1.813036647861226980e-01
1.838846754123376614e-01
1.860276256184983101e-01
1.877769637475673603e-01
1.891866632057253861e-01
1.840764630074231967e-01
2.397058426951192978e-01
2.309243154159365541e-01
2.544040746525426666e-01
2.304567182744746701e-01
2.245121470302497146e-01
2.744479573552616181e-01
2.613914377418437018e-01
2.294998276941874193e-01
3.073264916864201224e-01
3.736863538356211545e-01
3.911709737972810519e-01
4.471460117411192314e-01
4.855642409832734430e-01
5.060431387976602746e-01
5.317212724317257333e-01
5.883449112614350662e-01
6.157762347161253036e-01
6.699047837877357692e-01
7.872319881038671863e-01
8.618753036170082593e-01
9.010161197544650502e-01
9.421869986365221106e-01
9.199577395305295058e-01
9.926556861236360829e-01
1.020423270130706550e+00
1.057826867462758225e+00
1.092559031251624235e+00
1.096112266295916848e+00
1.117220013425697989e+00
1.114242780300251923e+00
1.154529902441838063e+00
1.186906041890601449e+00
1.218180400141342767e+00
1.235595023007466597e+00
1.232006963388971643e+00
1.212073769392918665e+00
1.209828756464016664e+00
1.191800030218200357e+00
1.162852907087491117e+00
1.134403809341597347e+00
1.119316595191446551e+00
1.100847224004889435e+00
1.112319871588343556e+00
1.064241357944444077e+00
1.024809632209908727e+00
1.027531433296059227e+00
1.017379554160861677e+00
1.001639481004710674e+00
1.047471087131196965e+00
1.077731912848412410e+00
1.079909807284057388e+00
1.090846725347496271e+00
1.095374561624064214e+00
1.081122224503295426e+00
1.086266114399502936e+00
1.100872209977953986e+00
1.106679993154380925e+00
1.112791974478932522e+00
1.116673763115489715e+00
1.105525524983356211e+00
1.101750891444843283e+00
1.100554595408761438e+00
1.093449607362360965e+00
1.091646589925678867e+00
1.102089140488802244e+00
1.116578376652103355e+00
1.129479033520859543e+00
1.140002199916682502e+00
1.115538631055727814e+00
1.096408728908602637e+00
1.096945821423491507e+00
1.101445002499968018e+00
1.094123135293112448e+00
1.085415434047064975e+00
1.078569170676736189e+00
1.078879929839441587e+00
1.082946951037463856e+00
1.062081092244731018e+00
1.056024436963612922e+00
1.061391358903266191e+00
1.067318356275130498e+00
1.072517597291909208e+00
1.064231168967676666e+00
