2.250000000000000056e-01
0.000000000000000000e+00
0.000000000000000000e+00
0.000000000000000000e+00
0.000000000000000000e+00
0.000000000000000000e+00
0.000000000000000000e+00
0.000000000000000000e+00
0.000000000000000000e+00
0.000000000000000000e+00
9.099740700554219408e-02
9.100066133272334545e-02
5.474311127304335445e-01
5.320013889177713784e-01
6.003325112268473873e-01
5.669217141532680859e-01
6.242989945376494765e-01
6.231525281194876253e-01
6.065350694432866119e-01
6.272003403003379995e-01
5.968518298068051786e-01
5.706932811479650258e-01
5.647072949679533549e-01
5.796788533110982522e-01
5.380989684125205841e-01
5.406795177426817478e-01
5.521131748829872787e-01
5.398239344091253500e-01
5.555642841772173712e-01
5.380420098513388760e-01
5.714036567173604864e-01
5.723891573005869260e-01
5.719177250960852943e-01
5.895627471034813327e-01
6.092942859405837686e-01
6.304106680491396997e-01
7.209487496096467218e-01
7.452363909956649657e-01
7.494780527773946543e-01
7.514106934501512125e-01
7.370073699072767770e-01
7.339401317837670469e-01
7.253253852837243665e-01
7.190157990429373314e-01
7.299745218985299600e-01
7.349640924818212628e-01
7.407854629347236930e-01
7.693612122240539586e-01
7.811999821991921777e-01
8.166983776449618926e-01
8.166209822512959793e-01
8.173896632609065627e-01
8.310211266737581592e-01
8.338476045039283635e-01
8.305994023655248748e-01
8.258200595120817056e-01
8.357509656543234966e-01
8.417386108711245596e-01
8.412196095595259049e-01
8.561086512143261107e-01
8.667481170405869628e-01
8.613632967387108152e-01
8.610418987756662812e-01
8.749995117180937587e-01
8.720829137479435555e-01
8.721943569921964956e-01
8.657375446293614774e-01
8.594023629304224920e-01
8.471980773159600853e-01
8.423908082607738379e-01
8.503490171548273580e-01
8.508350874154563259e-01
8.486618969617462094e-01
8.416679306357376378e-01
8.352860959332767399e-01
8.372343644168107613e-01
8.243314833727255486e-01
8.197686548630357395e-01
8.064518973349570352e-01
8.074861137565713110e-01
8.151660603972800123e-01
8.152354687348978279e-01
8.075018271080642851e-01
8.052316751598465050e-01
8.041563620168056259e-01
8.026879508877392544e-01
8.024015414081161479e-01
8.066361444749790000e-01
8.153013074753365785e-01
8.200365667579272433e-01
8.156934051978389499e-01
8.274947957130549536e-01
8.190979313522069871e-01
8.196485421229996460e-01
8.375585255989760336e-01
8.469555602960006091e-01
8.367933464501299268e-01
8.373433661758190594e-01
8.417397210558347220e-01
8.448676105760538624e-01
