2.250000000000000056e-01
0.000000000000000000e+00
0.000000000000000000e+00
0.000000000000000000e+00
8.734198198872914487e-01
7.388540946447733626e-01
6.882380613647806067e-01
6.280851337940548396e-01
6.326033013065341937e-01
6.503356728946234622e-01
6.508428855851052797e-01
6.248279162481908955e-01
6.213618947332528730e-01
6.347858516435107568e-01
6.475783212400524347e-01
6.530056865448984338e-01
6.557607186257342624e-01
6.706319836335358220e-01
6.773257469893890770e-01
6.841339651958681101e-01
6.709423307213929766e-01
6.725575787521668181e-01
6.884966712997507843e-01
6.670779001492587179e-01
6.652625546618380348e-01
6.571116757545925058e-01
6.582561335043288775e-01
6.621573102809773514e-01
6.502282521424430639e-01
6.653762068394798446e-01
6.737171831121305798e-01
6.942182417058972987e-01
7.031886262667371712e-01
7.082406691245911601e-01
7.031179404537480915e-01
6.928131770023396863e-01
6.657219927186401875e-01
6.645796323943687911e-01
6.628184213034455929e-01
6.663618545819949279e-01
6.422463410257374106e-01
6.332382934010959419e-01
6.433534227150459195e-01
6.619225046848830063e-01
6.686441042640526300e-01
6.743779560170298781e-01
6.862783197193803586e-01
6.798726722989097970e-01
6.735184214182095008e-01
6.705326528365918026e-01
6.645844339391518973e-01
6.625183631684801178e-01
6.602621774165042812e-01
6.633530505287411616e-01
6.597869825637546759e-01
6.704523259036696547e-01
6.719923935007466875e-01
6.715804039139767756e-01
6.749541633080298197e-01
6.780126117738825009e-01
6.806604171627924638e-01
6.795325770949035560e-01
6.771825492576475369e-01
6.745096947126929532e-01
6.661280803108649007e-01
6.633656227126508709e-01
6.538369069263141320e-01
6.471097806811754172e-01
6.393539319147628630e-01
6.359048083197815782e-01
6.320958633202803378e-01
6.340254897543641244e-01
6.403133061703908391e-01
6.435198351231210534e-01
6.542811347020756063e-01
6.619365456261417924e-01
6.711593995963215376e-01
6.761989625955284744e-01
6.845751295242143986e-01
6.901209550177913599e-01
6.989874817699618381e-01
6.992635740628129204e-01
6.886286882218942695e-01
7.006201586402571735e-01
7.024087660118709664e-01
7.011533574541513048e-01
7.045543462966677994e-01
7.107533674468706764e-01
7.173697208700864358e-01
7.239163383901967563e-01
7.262910624786311775e-01
7.273712639458440599e-01
7.319147306035413969e-01
7.248217570045318858e-01
7.216702436532022036e-01
7.125398785038048466e-01
7.108434902963025603e-01
7.090585721541817765e-01
7.048809852621287231e-01
6.957068675373415667e-01
