2.250000000000000056e-01
0.000000000000000000e+00
0.000000000000000000e+00
0.000000000000000000e+00
0.000000000000000000e+00
2.613220484163297774e-01
2.470673493564651546e-01
2.469212815957785856e-01
2.883040178648829666e-01
2.733504394916091429e-01
2.673159326419182746e-01
3.014381724301776200e-01
3.059274655572913892e-01
3.046938320342893469e-01
3.105277998447050214e-01
3.172920308182402005e-01
3.106563767936133535e-01
3.082482347970871839e-01
3.099586202470437923e-01
2.978886219998487239e-01
2.840714947381522970e-01
3.067735994003311095e-01
3.088693847738407383e-01
3.213431478411398201e-01
3.247647871479985571e-01
3.466150624507318145e-01
3.595589451245878032e-01
3.768157640227839389e-01
3.895402155873669003e-01
3.950724691363051710e-01
4.303482408640466605e-01
5.309875752366699508e-01
5.628613726438906895e-01
5.819806704577011880e-01
5.976027536641509430e-01
6.469071786184322770e-01
6.723789654063903054e-01
6.883612644930005020e-01
6.921194200149245468e-01
6.850172255986808345e-01
6.636888770462641141e-01
6.484977244434246835e-01
6.459973694357870055e-01
6.398786523392780978e-01
6.362496932094856561e-01
6.256405669143012549e-01
6.299052596385105174e-01
6.336892511321430277e-01
6.496446986445876259e-01
6.592369010686599529e-01
6.614613312904468190e-01
6.632885220565141182e-01
6.726634096317848366e-01
6.769452602578898137e-01
6.825161289472599924e-01
6.838626020325497823e-01
6.850362613357231512e-01
6.882273960965223925e-01
6.888590297624777037e-01
6.953779048223757142e-01
7.025654395070539682e-01
7.037612030367746963e-01
7.058750816244155901e-01
7.052583027503295243e-01
7.086577493563116503e-01
7.114959626169858886e-01
7.077187597954259779e-01
7.088209423715894353e-01
7.052130392770707967e-01
7.007812140587451610e-01
7.076864921412092668e-01
7.067356237443112033e-01
7.091587128692818931e-01
7.141860556991487252e-01
7.215770276919364346e-01
7.268337719685012965e-01
7.317676818264783334e-01
7.342455307096269479e-01
7.342807643727328193e-01
7.390837787856754382e-01
7.432097883662006632e-01
7.438227751928226938e-01
7.443262901725448133e-01
7.469171228008921748e-01
7.487010391774020501e-01
7.535338223729930451e-01
7.550903665223928085e-01
7.566510725097160828e-01
7.592390566751198167e-01
7.548963428072773540e-01
7.542909432230853195e-01
7.566765675881872433e-01
7.567138248314786431e-01
7.542772749697097545e-01
7.495776323373734007e-01
7.438208710126875678e-01
7.402947677408984184e-01
7.403764970306014881e-01
7.380265623899712191e-01
7.365867970966960554e-01
