2.250000000000000056e-01
0.000000000000000000e+00
0.000000000000000000e+00
0.000000000000000000e+00
0.000000000000000000e+00
1.267975741844812765e+00
1.252323419142164607e+00
1.084991470217691267e+00
1.077217676295866067e+00
1.069112062408977382e+00
1.071472895368386968e+00
1.110022839181194154e+00
1.064869501942281804e+00
1.050376534791707117e+00
1.063332526977357695e+00
1.055494993881239019e+00
1.029444667322220175e+00
1.042115941077334851e+00
1.073248498761992797e+00
1.033566176564395755e+00
9.939099734757048665e-01
9.889761220958114274e-01
9.842677400620041261e-01
9.799060014040704703e-01
9.759752451595976597e-01
9.725196620887479604e-01
9.695471262250048294e-01
9.670373107407758129e-01
9.649511477615755339e-01
9.632395063582634975e-01
9.618500010770330011e-01
9.607316777270883401e-01
9.598378177588177129e-01
9.591273032378117014e-01
9.585649983129674867e-01
8.209227140703285741e-01
6.954989017067010337e-01
5.940938114837567285e-01
5.610108738802859207e-01
4.935263064201637628e-01
4.708019143449736488e-01
4.419194094353937619e-01
4.297959311161471674e-01
4.362563787309061136e-01
4.327818259720411787e-01
4.669772956294250821e-01
4.687832398948471035e-01
4.735994943212080144e-01
5.029784495693494506e-01
4.676343311008010484e-01
3.956653179492077843e-01
4.509331284190485900e-01
4.870919674473863648e-01
5.146405719452191718e-01
5.783404044724677062e-01
5.987281772974391014e-01
6.243883744284927095e-01
6.623771678697556453e-01
6.651960803360283947e-01
7.256051887767219766e-01
7.538345280512768198e-01
8.124147701883334127e-01
8.972941365424149662e-01
9.574924381898065606e-01
9.695788111506753459e-01
9.868911561530963050e-01
1.036512424298384971e+00
1.039250591343730212e+00
1.045942778858025557e+00
1.034789420882789246e+00
1.025144458151267868e+00
1.005207181783378534e+00
1.007982766644672123e+00
9.987206201049599885e-01
9.911446335088918147e-01
9.811846859371952112e-01
9.804236389337049884e-01
9.796043499739814919e-01
9.934234081972702635e-01
1.004886684019486331e+00
1.014819936665032563e+00
1.024077404577689920e+00
1.052990488803635216e+00
1.062964516318761765e+00
1.065933139402837515e+00
1.065497434957823675e+00
1.055564384740608652e+00
1.046359021412459622e+00
1.033611840882681765e+00
1.026515410102930348e+00
1.038335690388158206e+00
1.044648525425486474e+00
1.033562641477334010e+00
1.026334289682329981e+00
1.011857491406714438e+00
9.956217429237244065e-01
9.858488574038789531e-01
9.657557573221362546e-01
9.437121791358362710e-01
9.128454610699980876e-01
