2.250000000000000056e-01
0.000000000000000000e+00
0.000000000000000000e+00
1.440367829071465822e-01
2.530246313747901432e-01
3.260277814073707092e-01
4.319916217671913583e-01
4.891837421265957664e-01
7.176635865831870742e-01
1.002676019996453727e+00
1.065530869337322883e+00
1.029443833015798226e+00
1.070497650797382461e+00
1.039392421350185280e+00
1.062950644156460900e+00
1.126950553714294312e+00
1.135386817928538683e+00
1.116921849035067194e+00
1.148566390677706162e+00
1.149653450999674975e+00
1.118623383566727414e+00
1.189981164602056607e+00
1.239414417187950423e+00
1.224775473701000372e+00
1.219673491176044511e+00
1.210274679056173364e+00
1.198100597880858542e+00
1.154325101135985410e+00
1.125409346353032358e+00
1.124661718049790649e+00
1.152821059841091733e+00
1.154869228564021633e+00
1.173954575275898859e+00
1.170446283263059550e+00
1.155614631042243268e+00
1.177463686703050572e+00
1.167414885306323091e+00
1.180698940017614662e+00
1.198087999593108188e+00
1.211120862952509647e+00
1.205149931928119145e+00
1.184423883006019196e+00
1.178238226652120746e+00
1.170707425222052844e+00
1.185427486883176451e+00
1.188689391870027645e+00
1.212975009625774758e+00
1.233379803707684630e+00
1.238643922251058127e+00
1.264028605578587205e+00
1.276194424362260049e+00
1.271513724114360366e+00
1.261171792994694840e+00
1.238190441351845195e+00
1.233126450877421343e+00
1.232367027498850076e+00
1.240766351094818143e+00
1.237518504167046451e+00
1.229403041382734596e+00
1.230098862973994400e+00
1.242179164355869947e+00
1.244723455338439200e+00
1.248456131109436207e+00
1.241676646957105445e+00
1.247537201090464620e+00
1.240064447700590655e+00
1.234884696686210814e+00
1.237515326521106740e+00
1.236910613309591511e+00
1.236640783058095439e+00
1.238030716514188612e+00
1.236811439064097629e+00
1.237247028046983166e+00
1.232191718407712910e+00
1.234319066052117275e+00
1.232071580722058801e+00
1.243162045605061383e+00
1.230835656639669651e+00
1.244026095784432018e+00
1.241360505398399150e+00
1.238242264120110292e+00
1.246158924171097526e+00
1.251075689062021823e+00
1.252171333178720758e+00
1.247903151103284314e+00
1.247426935252258007e+00
1.250033015190002983e+00
1.247674048479146203e+00
1.242677933568595350e+00
1.243823797234199890e+00
1.245242298014543669e+00
1.253416834096706678e+00
1.251285193373582016e+00
1.255281985957755309e+00
1.256527981519236725e+00
1.244845421151435927e+00
1.244804374520554813e+00
1.240082673377661537e+00
1.241599076327142726e+00
1.236014065440687704e+00
