2.250000000000000056e-01
0.000000000000000000e+00
0.000000000000000000e+00
0.000000000000000000e+00
0.000000000000000000e+00
0.000000000000000000e+00
0.000000000000000000e+00
0.000000000000000000e+00
0.000000000000000000e+00
0.000000000000000000e+00
0.000000000000000000e+00
1.285918300361068578e+00
2.067026386922084846e+00
1.761583061541972750e+00
1.705885177032625100e+00
1.555928185699905431e+00
1.430133218131869111e+00
1.402105966799493508e+00
1.315670633528160938e+00
1.316080939415837703e+00
1.279436180580676874e+00
1.257093455288010420e+00
1.302468571888358628e+00
1.293638026499013050e+00
1.269269673231291362e+00
1.260155599983732833e+00
1.189288453068341189e+00
1.199705790983411680e+00
1.170094234956227108e+00
1.213638937920703542e+00
1.266032811277750580e+00
1.262566845523485748e+00
1.253574670175710892e+00
1.222797509190941545e+00
1.204259148271150881e+00
1.186575363853405118e+00
1.153410764453248749e+00
1.195314615938096958e+00
1.210393905708588180e+00
1.237075009492557998e+00
1.262140442159484621e+00
1.339766285305870497e+00
1.373385484821122660e+00
1.376385557112359548e+00
1.387530193323216032e+00
1.385203445409413092e+00
1.399206465050075510e+00
1.393815431073811117e+00
1.385811235392784280e+00
1.416520285382319555e+00
1.463536808566204828e+00
1.523307433111389830e+00
1.515288631145047527e+00
1.508814400978106818e+00
1.511423678618020849e+00
1.512424486051382466e+00
1.515223591195679509e+00
1.524560421173431823e+00
1.515838956368321666e+00
1.530539867943336185e+00
1.526720980649537873e+00
1.528608146406065904e+00
1.511205397808610851e+00
1.505557614968979552e+00
1.478136338301203168e+00
1.462806739980000215e+00
1.433061649327599607e+00
1.415277624801407397e+00
1.380141252069502222e+00
1.357862342905190145e+00
1.329422629851738868e+00
1.333533253865944124e+00
1.342551881122668211e+00
1.337019909743661916e+00
1.326241596300219205e+00
1.332635693925910747e+00
1.322238478523430016e+00
1.312892388884942418e+00
1.312996510569152786e+00
1.337461299085061839e+00
1.352443171751438689e+00
1.365699045015253299e+00
1.397311229912309827e+00
1.422518554078075592e+00
1.423674344720393004e+00
1.440537904950677239e+00
1.447397363415591887e+00
1.466747063464934886e+00
1.496705814677814494e+00
1.508933819448950331e+00
1.507359195551968289e+00
1.507608908621024923e+00
1.519390062546813081e+00
1.524624319245535098e+00
1.539990719303864664e+00
1.569693245871465415e+00
1.585274495234527237e+00
1.595855066753609330e+00
1.607001439007338384e+00
1.608944796067751648e+00
