2.250000000000000056e-01
0.000000000000000000e+00
0.000000000000000000e+00
0.000000000000000000e+00
0.000000000000000000e+00
0.000000000000000000e+00
0.000000000000000000e+00
0.000000000000000000e+00
0.000000000000000000e+00
0.000000000000000000e+00
0.000000000000000000e+00
0.000000000000000000e+00
0.000000000000000000e+00
0.000000000000000000e+00
1.392784634826000900e+00
1.122842737540353575e+00
1.107447247762619824e+00
9.257308386551283963e-01
8.608279029471603838e-01
8.390778372589039469e-01
8.384565071978085093e-01
8.074899535396951045e-01
8.085115557399004116e-01
7.945223687654284772e-01
8.335394922212925328e-01
8.486279466739751198e-01
8.445449305173472476e-01
8.474802990830168081e-01
8.593860155717534255e-01
8.568638044295378009e-01
8.973001704570877646e-01
9.017515168948200266e-01
8.871485645781853613e-01
8.739784372553958125e-01
8.635815459493134671e-01
8.620246034643920252e-01
8.667588599965911911e-01
8.693704588463907479e-01
8.629324186975095845e-01
8.787150769582381393e-01
9.022266230563544820e-01
8.948167284609227501e-01
9.007911901286732581e-01
9.037366695962087970e-01
8.976707683733655685e-01
8.956264147923720387e-01
8.997191589598897421e-01
9.104333003208457953e-01
9.345757719434125699e-01
9.366823394802485936e-01
9.388534846113657517e-01
9.386740438931563402e-01
9.402713103342624779e-01
9.365365089004501487e-01
9.315693793180577220e-01
9.305891629480959049e-01
9.305789541712199409e-01
9.309962653754015882e-01
9.316332569575289657e-01
9.241882910930698802e-01
9.238498099750465098e-01
9.260754182170893856e-01
9.255782375891776770e-01
9.273079686893354046e-01
9.304548013808544571e-01
9.339780425414542231e-01
9.386769495745128644e-01
9.388554849657091417e-01
9.339534097472762531e-01
9.315226708796425781e-01
9.296782338201111662e-01
9.291188553310663067e-01
9.251032971505562807e-01
9.314075612810561733e-01
9.372209193208429490e-01
9.487062640349426257e-01
9.451239948803001889e-01
9.328094180864893170e-01
9.261898933048915428e-01
9.217169133470951570e-01
9.244165566873895346e-01
9.272077815706167847e-01
9.312686760242850914e-01
9.311287083061905445e-01
9.344259878374043815e-01
9.357685986308564852e-01
9.322874064458201993e-01
9.345429265213276437e-01
9.280036459429819029e-01
9.227962758726628856e-01
9.209669226297669820e-01
9.216956258143179648e-01
9.249402004631029905e-01
9.316591110832525002e-01
9.271272187318485569e-01
9.222747737400425194e-01
9.210213237910985784e-01
9.282043011684228961e-01
9.290853543855662755e-01
9.230654289627505671e-01
