2.250000000000000056e-01
0.000000000000000000e+00
0.000000000000000000e+00
1.336585852769335059e+00
1.384291208766828429e+00
1.360896392086691220e+00
1.360309337836396626e+00
1.378510015298847424e+00
1.356148905168391483e+00
1.330184176677075447e+00
1.302585885040065339e+00
1.352760499192606769e+00
1.353732795099607866e+00
1.354733221317641512e+00
1.377031232286275220e+00
1.342698107644372696e+00
1.340749274108040900e+00
1.340155804285502628e+00
1.339796971515345270e+00
1.339914626068025916e+00
1.340448964727171788e+00
1.356376258027454540e+00
1.381869825787371164e+00
1.375324003813228391e+00
1.337028180356742313e+00
1.319378340909810765e+00
1.315994113659233467e+00
1.297182334156993466e+00
1.253661685062255504e+00
1.262277594396606473e+00
1.274743901416111047e+00
1.296137070857636298e+00
1.277630935591337114e+00
1.288678807009869587e+00
1.270902731335696201e+00
1.268966981919902981e+00
1.272579918549411770e+00
1.265083465332289325e+00
1.261390076008219507e+00
1.257045151679974326e+00
1.244653793537989550e+00
1.232758105361144274e+00
1.228489240575651786e+00
1.216270960111579313e+00
1.205710784818208925e+00
1.187247018937062748e+00
1.177015739114870341e+00
1.202904804490233737e+00
1.209008180259559584e+00
1.225586955338735295e+00
1.259361592096866822e+00
1.239351664306711065e+00
1.230137590341378040e+00
1.246968030333156952e+00
1.244029635965358649e+00
1.218420070978808445e+00
1.198397930427016700e+00
1.163639265321939398e+00
1.119891309314932082e+00
1.083190047027441816e+00
1.036653558088033389e+00
1.020388044990670595e+00
1.006140464648614508e+00
1.003221366593830544e+00
9.936241840124353519e-01
9.870619639492193009e-01
9.739384097432604026e-01
9.512943649689054038e-01
9.311239962715675000e-01
9.191722733778461274e-01
9.094235499232128372e-01
9.125781128997234593e-01
9.215111387797539910e-01
9.150902755094417751e-01
9.081587194758254933e-01
9.990714811872968282e-01
1.021696912157514125e+00
1.035408809827036425e+00
1.020185976257992788e+00
1.027316614673632778e+00
1.023960003556474874e+00
1.011769429021583955e+00
1.004646397761041587e+00
1.057960420908476973e+00
1.064168973783181871e+00
1.054126995078041862e+00
1.044152651810855481e+00
1.058066693191114460e+00
1.029440070036340638e+00
1.018217438529017471e+00
1.002406916234342749e+00
9.994938457379325403e-01
9.909328900413206798e-01
9.857812424973998455e-01
9.644835011197625541e-01
9.683018621769403644e-01
9.518448064529937414e-01
9.283876272623977632e-01
8.902575620324907346e-01
8.947967071176359255e-01
