2.250000000000000056e-01
0.000000000000000000e+00
0.000000000000000000e+00
7.722725960727163663e-01
8.016564545447317780e-01
8.174077991060716419e-01
7.949021987926263577e-01
7.666586222167375286e-01
7.078370820662734930e-01
6.836521234243001510e-01
5.907023784258530474e-01
5.783121087925831016e-01
6.416480350005272504e-01
6.599933785079068471e-01
6.653502228739628377e-01
6.106808322472504491e-01
5.832217571690919700e-01
5.851858944643186788e-01
6.162949106322864745e-01
6.326410006927275509e-01
6.357202675691351335e-01
6.272923206514687822e-01
6.084544042296928801e-01
6.181572624672688754e-01
6.255649149699523681e-01
6.184190713621499080e-01
6.272003128471939082e-01
6.376807035322554773e-01
6.228262878805184144e-01
6.361322233581866437e-01
6.385652012065752281e-01
6.318159442180620866e-01
6.020588832438834581e-01
5.893268389573068644e-01
6.124524593495854763e-01
6.306505113553789732e-01
6.690683468554984303e-01
6.359495604284876036e-01
6.232431690913111666e-01
6.181839133414828158e-01
6.216811035572448185e-01
6.000152559331823898e-01
5.994799426383379259e-01
6.261098659497933427e-01
6.323467229951150737e-01
6.184062547036697222e-01
6.283219807719121475e-01
6.436225697078181707e-01
6.500158870571872693e-01
6.570211898752443824e-01
6.851843434452619119e-01
6.780971714765248182e-01
6.362085317679543328e-01
6.465583192810365754e-01
6.115915375061582449e-01
6.176522066545813150e-01
6.333506029672820725e-01
6.443452079697362667e-01
6.412472800975524967e-01
6.464074431957120837e-01
6.351386858214904674e-01
6.340833942536809875e-01
6.065092504634240766e-01
5.929219905895382059e-01
5.860078731566644716e-01
5.921558402368459761e-01
5.837154231943381122e-01
5.966619794338835492e-01
6.111498468341631796e-01
6.122444842940389931e-01
6.283084782697381243e-01
6.328446388726428617e-01
6.442917607535548763e-01
6.575216251491398101e-01
6.663515520966376560e-01
6.681978355109281509e-01
6.887556360347031337e-01
6.925663203977578952e-01
6.706326135873864613e-01
6.281082500383716738e-01
6.430394400786393350e-01
6.608606893127287885e-01
6.223812632609762030e-01
6.308432296363410963e-01
6.104166509107199490e-01
5.819275142336295392e-01
5.897621003914176319e-01
6.035263037169903422e-01
6.131897859191217659e-01
5.892468930253614845e-01
5.687463391972170657e-01
5.703046287303534800e-01
5.839801053527949870e-01
6.011174133337722214e-01
6.024252572590934607e-01
6.017749369837933626e-01
6.054473176512980004e-01
6.021569499611231224e-01
6.103534047382112027e-01
6.137999544756160830e-01
