2.250000000000000056e-01
0.000000000000000000e+00
0.000000000000000000e+00
0.000000000000000000e+00
0.000000000000000000e+00
2.807053314648669806e-01
2.807317125837176519e-01
3.231805195805911302e-01
3.264833948305284617e-01
3.712407417801902310e-01
3.781954316270909056e-01
4.229129935527822237e-01
4.412192847202623947e-01
4.688311815419956008e-01
4.197414866870842198e-01
7.023157121036547323e-01
7.143642111948034223e-01
1.020301620266366394e+00
1.104689109888051579e+00
1.141847816260464610e+00
1.140634182044960587e+00
1.123744536923050319e+00
1.091276189555032694e+00
1.079335932446233048e+00
1.091522804055102380e+00
1.078290857079656551e+00
1.099148714550682415e+00
1.094419230414925615e+00
1.091041779816493085e+00
1.088108326059732622e+00
1.070353493237954590e+00
1.059346591075510213e+00
1.051155716863258371e+00
1.048217803220531152e+00
1.042613447441281815e+00
1.026537307599571625e+00
1.021769023164161849e+00
1.017417955236399107e+00
1.013526486471066468e+00
1.021078180790085721e+00
1.037193698226197558e+00
1.076873569540785835e+00
1.132321817085809812e+00
1.196400966581954606e+00
1.236820838601824901e+00
1.282946465379128043e+00
1.299097751626445918e+00
1.321449759502756560e+00
1.326722964350623979e+00
1.343850682493836324e+00
1.343111656247546248e+00
1.282763365554271173e+00
1.164090427590887655e+00
1.092566651541194256e+00
1.037717728003618722e+00
1.004541318817758544e+00
9.636432367545066935e-01
9.449011105480169537e-01
9.287751004557073253e-01
9.094989435685959522e-01
9.064533675403042556e-01
8.889132435051694259e-01
8.927528633732652041e-01
8.958108986722338463e-01
8.843806035913821528e-01
8.713749533397414648e-01
8.693821856142028848e-01
8.619274170555504266e-01
9.042791079932915865e-01
9.110400602793891078e-01
9.179261484605333310e-01
9.212521047409971686e-01
9.362980380636095612e-01
9.379976677406127727e-01
9.629450610582268588e-01
9.898776470672384642e-01
1.011469670042423274e+00
1.029937254129682289e+00
1.038287225181614204e+00
1.036225655485577768e+00
1.031805250472604296e+00
1.020238199026767711e+00
1.033788211549448333e+00
1.045302253495764333e+00
1.076954924704739414e+00
1.096902314897437947e+00
1.098827779167109719e+00
1.093816649696967458e+00
1.094647107018346777e+00
1.093959665833330375e+00
1.101039364095989459e+00
1.095794511833659390e+00
1.105200389253320203e+00
1.104380745653591012e+00
1.102369960192904452e+00
1.101986228756391961e+00
1.099393144186372684e+00
1.101924370075843429e+00
1.094899778903010157e+00
1.078511316768540063e+00
