2.250000000000000056e-01
0.000000000000000000e+00
0.000000000000000000e+00
0.000000000000000000e+00
1.004371197196887611e+00
1.004369523663071861e+00
7.984842547514041655e-01
8.611115909732717233e-01
8.139134610796436853e-01
9.921847916235365661e-01
9.862091806301469532e-01
9.515226424204105138e-01
9.337589664800158840e-01
9.060042061018471760e-01
8.919914145965436303e-01
8.669830037268344558e-01
8.523232722880575984e-01
8.345897560553365846e-01
8.040254186839207451e-01
7.880347367924865898e-01
7.664153487629947747e-01
7.750813846190336420e-01
7.582094312889966492e-01
7.324123524046111111e-01
7.306980275200943842e-01
7.289433238315572439e-01
7.282711831933786906e-01
7.120169766481737605e-01
6.712319384544838119e-01
5.783880112148961361e-01
5.062889208975798194e-01
4.812835296507050331e-01
5.189084141960799146e-01
5.317643043782680490e-01
5.735705759783591429e-01
6.054011916214121491e-01
7.175092672633882618e-01
7.251655389659934503e-01
7.354364643428940029e-01
7.416232929077203329e-01
7.430425833137582758e-01
7.593612820346533621e-01
7.639642453332994299e-01
7.742922117977980578e-01
7.763280338661570079e-01
7.791407306803380672e-01
7.877091385545420543e-01
7.922049395217891643e-01
7.930514102618297922e-01
8.033161512355551093e-01
7.929735071171740701e-01
7.808662164009582130e-01
7.561514911426470142e-01
7.580777404611280801e-01
7.597763843441829312e-01
7.560428114490335139e-01
7.561370877707433991e-01
7.559691094235295727e-01
7.375245807400868658e-01
7.328205611804879949e-01
7.228015855254346089e-01
7.131501819307042300e-01
7.012973293041875333e-01
6.986681087685864266e-01
6.999819340566793002e-01
7.324938558497389174e-01
7.440134075380147038e-01
7.464044145002682873e-01
7.559001184813350926e-01
7.587628486768839275e-01
7.678037739704037801e-01
7.716371312124851167e-01
7.818791025020505048e-01
7.786669389709434119e-01
7.798400128126534714e-01
7.866611290275369317e-01
7.860206991958493816e-01
7.847158490754884141e-01
7.942390609002107915e-01
7.915054474807388107e-01
7.921745189260855913e-01
8.034214769238703369e-01
8.060652324272646885e-01
8.017094976814763685e-01
8.045913285239730817e-01
8.087495096040855369e-01
8.128813405906516465e-01
8.146668446958817977e-01
8.118894066148164557e-01
8.099547394709617487e-01
8.041892632995385481e-01
7.985363209160207809e-01
7.915544372529542683e-01
7.792115446616161289e-01
7.758008740576590734e-01
7.763603231676442507e-01
7.866726923026776674e-01
7.925242459438548437e-01
7.995598123384964895e-01
7.949318180928178768e-01
