2.250000000000000056e-01
0.000000000000000000e+00
0.000000000000000000e+00
0.000000000000000000e+00
2.038773378213632803e+00
2.038773378213632803e+00
2.046245219228723933e+00
1.643838947322869615e+00
1.821447395044916373e+00
1.821528259986334941e+00
9.741539896656852271e-01
1.049410097914422524e+00
1.057227607909086764e+00
1.126479395612961065e+00
1.267459130372301956e+00
1.277298950116454668e+00
1.359779237576842936e+00
1.438280547777730733e+00
1.459129873852629489e+00
1.492221700961263720e+00
1.461037763246115118e+00
1.476892624314738001e+00
1.512368516853782596e+00
1.514024260233359120e+00
1.519636823665328818e+00
1.459717786603248246e+00
1.472585223737040261e+00
1.461491000427961762e+00
1.464444408848864621e+00
1.469346649864638588e+00
1.469188399445312321e+00
1.476602712288159980e+00
1.470518181875339891e+00
1.483199496688617280e+00
1.487712830464570812e+00
1.488936669572213933e+00
1.482035449634326651e+00
1.512030950432135201e+00
1.519730566641978031e+00
1.504618863682962271e+00
1.503067508025028864e+00
1.483780450838591669e+00
1.396038774145208938e+00
1.372022579979886636e+00
1.432721815391699183e+00
1.399477389225182833e+00
1.358523059892884133e+00
1.356311559153111190e+00
1.345492806824639898e+00
1.263131224131332608e+00
1.267006610997225335e+00
1.216118497102950835e+00
1.175666428699342791e+00
1.236731633614957193e+00
1.221664738147425044e+00
1.254868252565279674e+00
1.302224729483107080e+00
1.301832317379751691e+00
1.336003655037034443e+00
1.386491920299493863e+00
1.426978590342270259e+00
1.467672077011153542e+00
1.533975514632523574e+00
1.554944309300496430e+00
1.578271978787397334e+00
1.567717059227265786e+00
1.562820521525819961e+00
1.555321135097258889e+00
1.570284311553218126e+00
1.558920310264151343e+00
1.549152878764692209e+00
1.513509963590398355e+00
1.505305700103600097e+00
1.506003226862784983e+00
1.515789043674754089e+00
1.525181349582103829e+00
1.541173890806166291e+00
1.556778758300075838e+00
1.562316966730642021e+00
1.567723384778784590e+00
1.572785934094760751e+00
1.577364371796090792e+00
1.551262661830713707e+00
1.512259191907426858e+00
1.501806326121231105e+00
1.465918778226069863e+00
1.437254758269808086e+00
1.389503963149718357e+00
1.345129894231190448e+00
1.340119989446616922e+00
1.359419260729387791e+00
1.361628793951991989e+00
1.357605927659827794e+00
1.352214207032691462e+00
1.330570433812211961e+00
1.355575785344316886e+00
1.333054959371917425e+00
1.343851728689118730e+00
1.382351223200544155e+00
1.345493435014241568e+00
