2.250000000000000056e-01
0.000000000000000000e+00
1.046512268368793519e+00
1.050397245477799890e+00
1.220208853003291072e+00
1.133737014890727091e+00
1.076439980603705715e+00
1.073114876442207377e+00
1.048667347137383743e+00
1.172056753970815990e+00
1.094991178322377134e+00
1.038827766362622862e+00
9.362993823613974254e-01
7.922043819646455987e-01
8.242627371982579332e-01
8.161891376625268757e-01
8.343319380522365991e-01
8.780276310342076673e-01
8.416317498047998225e-01
8.717932912649685173e-01
8.651505306843703114e-01
7.916240213756280397e-01
7.720700780126908969e-01
7.702274649598175316e-01
7.748388370990881846e-01
7.807827111182746860e-01
7.353820396637065215e-01
7.745094222632522563e-01
7.995747316089202306e-01
8.494594155336275820e-01
8.405296097188332816e-01
8.233424216094225034e-01
8.305018160214336920e-01
8.377102453161147100e-01
8.562455930146918304e-01
8.436272381123878228e-01
8.310470377695683419e-01
8.522361769042732238e-01
8.528655266650531086e-01
8.834348985927984454e-01
9.038445888878404721e-01
9.096964020493439884e-01
9.054361069598330092e-01
9.118597030173777318e-01
9.130464007888251521e-01
8.984065350431944541e-01
8.540606437106346149e-01
8.361264285212176572e-01
8.314914241722151100e-01
8.264153692340489021e-01
8.040754731607057115e-01
7.758058110406185204e-01
7.887335375028738937e-01
7.955732031226416812e-01
7.770356230981171342e-01
7.712676397332290934e-01
7.966641130223567346e-01
8.088107312635908208e-01
8.072093181381022609e-01
8.029558363212183636e-01
8.124293181680439790e-01
8.201174873537696586e-01
8.225392490421412628e-01
8.247749050465986720e-01
8.090902777932504897e-01
7.982618971490349491e-01
8.030253381994378881e-01
8.129860641172795832e-01
8.184986983945037320e-01
8.207555348092404612e-01
8.001163379527451713e-01
8.050414622487905847e-01
8.060765051597597042e-01
8.046454141168797314e-01
8.177560768715457229e-01
8.153018053137824905e-01
8.128480055362811152e-01
8.023882948099511081e-01
7.926397155336153411e-01
7.888837539263858778e-01
7.914524148423308647e-01
7.741871082787497027e-01
7.796168598552111195e-01
7.614915269231088413e-01
7.678674059983966460e-01
7.718162476013222806e-01
7.705154569476825310e-01
7.787800268447294672e-01
7.868046249372040446e-01
7.752626115809962970e-01
7.772611732219008029e-01
7.625304831798777050e-01
7.667038171186585371e-01
7.692954700835048509e-01
7.703919526028503162e-01
7.812461543695028432e-01
7.810855488880833475e-01
7.838453895627146562e-01
7.924421904253697857e-01
7.951833686665918943e-01
