2.250000000000000056e-01
0.000000000000000000e+00
0.000000000000000000e+00
8.980605130631467148e-01
9.763426283262937044e-01
9.795263098669839685e-01
8.744683896604855677e-01
8.708017525345391752e-01
8.673609692598313048e-01
8.642254370849903333e-01
8.614428203012457486e-01
8.590303330290699479e-01
8.569802757906974655e-01
8.552674140172716877e-01
8.538562242343957776e-01
8.527068543128857314e-01
8.517793989376031272e-01
8.510365847878477163e-01
8.504451901337145570e-01
8.499765719955554300e-01
8.496066278624248014e-01
8.493154400039494289e-01
8.490867724328757804e-01
8.489075274226332013e-01
8.487672228329723456e-01
8.486575210785350931e-01
8.485718216795339330e-01
8.485049184273892875e-01
6.656439218137718550e-01
8.801268426357473640e-01
8.798804325308902108e-01
8.796335694669294991e-01
8.780979074524691841e-01
8.802216396430588841e-01
8.801492450633711107e-01
8.800831338892114442e-01
8.800230923606372491e-01
8.872713255282252964e-01
8.787838933607673431e-01
8.741329775746328190e-01
8.579070163292529250e-01
8.517493750675203534e-01
8.825480935059829557e-01
8.840540613710423656e-01
8.845364202773966511e-01
8.855307113007790942e-01
8.863853431297069596e-01
8.870960068668362064e-01
8.876718671742658273e-01
8.881296064781650790e-01
8.884885769035999470e-01
9.003322642288466016e-01
8.849919900360022629e-01
8.619529603227946701e-01
8.821099948180631811e-01
8.818509757998402865e-01
8.816590450222715480e-01
8.815211781236516053e-01
8.814244634198058481e-01
8.813571058435355488e-01
8.813104540234537598e-01
8.812780764908164644e-01
8.812554403872698838e-01
8.812394483508766418e-01
8.812280133750607369e-01
8.419044884202027124e-01
7.964530512568903653e-01
8.830116016511052601e-01
8.849348888940207214e-01
8.868189550582440406e-01
8.885785744986881562e-01
8.901614864860309950e-01
6.178743314006487353e-01
5.304049177123555392e-01
4.582416522670925696e-01
5.695673975535175959e-01
5.687623879381639158e-01
5.895014512664188411e-01
6.224939968584238814e-01
6.516569699791711079e-01
6.571674431009100203e-01
6.646835968248006044e-01
6.657300134564837490e-01
6.597056321919941846e-01
6.388495539254734901e-01
6.368961410174898141e-01
6.348090743239157563e-01
6.180254083952604338e-01
6.145830360527244629e-01
6.099300438466960239e-01
7.102705261406554449e-01
7.475863027919589232e-01
7.543468115990247247e-01
7.594845776854103336e-01
7.636884193620995243e-01
6.313716807220475236e-01
6.017764603645507915e-01
5.953451646081066029e-01
5.487661940039731956e-01
5.650270580880695226e-01
