2.250000000000000056e-01
0.000000000000000000e+00
1.162640808524170621e+00
1.175801981650709704e+00
1.111998589618860445e+00
1.114549681189996644e+00
1.101744904548283444e+00
1.081269794538669338e+00
1.069124604680702806e+00
1.063461224091635682e+00
1.060796966931469854e+00
1.058333158785598638e+00
1.056111342863091052e+00
1.054153761086871643e+00
1.052464596717096690e+00
1.051033451677968023e+00
1.049839790659479410e+00
1.048857287066629507e+00
1.048057420179012933e+00
1.047412077392104290e+00
1.046895197683773482e+00
1.046483636340471479e+00
1.046157470530450384e+00
1.045899945340039494e+00
1.045697215900760924e+00
1.045537994635700629e+00
1.045413173350283165e+00
1.045315460665131591e+00
1.045239055396211647e+00
1.045179363923737004e+00
1.045132762241550939e+00
7.103672958141213911e-01
6.079247766594356728e-01
7.000858222116426166e-01
9.303943297866221762e-01
1.041637252497830568e+00
1.062662683883405679e+00
1.058586068319426587e+00
1.049610184480991082e+00
1.055222784038540862e+00
1.049596576908446321e+00
1.043370588577351654e+00
1.037954359170976559e+00
1.047305803223441023e+00
1.056461178893149055e+00
1.059241676176092994e+00
1.059265497225711394e+00
1.067870912561563301e+00
1.083865575566053119e+00
1.084223477293089211e+00
1.077693910445721936e+00
1.078227372383522731e+00
1.067302685773961368e+00
1.068877104203951989e+00
1.053748104791057738e+00
1.063408190718110102e+00
1.053215246140522643e+00
1.050647499265896290e+00
1.067345414769530709e+00
1.116751643800857119e+00
1.112941369353495302e+00
1.125291440331065651e+00
1.109099173574781716e+00
1.097347787112742168e+00
1.078674249680924735e+00
1.046309265000891386e+00
1.029517181688301752e+00
1.013606002381347126e+00
1.008459262831111092e+00
9.924613064254440564e-01
9.922887284123833584e-01
1.006181998144896950e+00
1.017517224492758166e+00
1.067393587159568558e+00
1.069770287390161334e+00
1.092202988860346391e+00
1.136561565554374154e+00
1.152292164761295590e+00
1.153372812381422419e+00
1.160022129225631859e+00
1.159959312531513520e+00
1.161742253668977876e+00
1.120114778801890365e+00
1.122179036321839130e+00
1.098928542930392549e+00
1.081180293881973897e+00
1.081500056864097115e+00
1.099264560526747037e+00
1.129226243917468731e+00
1.112535451833337685e+00
1.086143886076042175e+00
1.067216471543729339e+00
1.062531474805029186e+00
1.056052304066620540e+00
1.038002159131992785e+00
1.032910491252823748e+00
1.025181973850952000e+00
1.013799543244483070e+00
1.004787422028482036e+00
9.911323941829556228e-01
