2.250000000000000056e-01
0.000000000000000000e+00
0.000000000000000000e+00
0.000000000000000000e+00
0.000000000000000000e+00
0.000000000000000000e+00
1.144892773872530217e-01
1.359587253334336165e-01
1.570986290506450611e-01
1.869272672294456095e-01
2.003140343445767302e-01
2.301573895966721184e-01
2.409812520432328964e-01
2.725077466659382996e-01
3.046640331032651194e-01
3.125376841949106255e-01
3.192832413651460755e-01
3.222612310057896834e-01
3.375666886714100423e-01
3.374842921956129893e-01
3.556500599568511167e-01
3.728312347501311352e-01
3.867239268436887811e-01
4.125252048859920362e-01
4.258660832585095535e-01
4.512136771042690730e-01
4.622864991138544988e-01
5.277433119580680065e-01
6.017874112529336683e-01
6.207666684246185840e-01
6.958441824729484360e-01
6.758443252744903429e-01
7.029395311054784656e-01
7.450460143102755062e-01
7.566612702129862367e-01
8.256873278695560092e-01
8.688766480104650469e-01
8.768998233166500622e-01
8.900031218242887565e-01
9.084383764844559117e-01
9.719565660454230205e-01
9.555158247487630652e-01
9.684006998055387783e-01
9.747615844344068581e-01
9.529881406530859023e-01
9.672817220423650664e-01
9.754300062966990703e-01
9.700353212521850566e-01
9.751337639299688664e-01
9.722200795363179493e-01
9.658802372303076922e-01
9.918719649153616702e-01
9.908188430600695096e-01
9.965528729937347396e-01
1.017274767966628302e+00
1.026571865855419929e+00
1.040580636434367268e+00
1.039073983829893466e+00
1.030961609868725537e+00
1.013355197543417185e+00
1.001245578177664797e+00
9.906066485940987487e-01
9.809555591048467749e-01
9.753740077248653773e-01
9.703236792348166606e-01
9.673741910872988292e-01
9.649592203805255064e-01
9.750961573584264741e-01
9.927258673167655978e-01
9.936046837913726781e-01
1.011799724397014044e+00
1.007041935012021661e+00
9.965600668185624622e-01
9.987645616784882607e-01
9.930277380392064090e-01
1.002864769626704122e+00
1.012857501910930713e+00
1.010748735783026930e+00
9.927313712642173993e-01
9.838319789064822185e-01
9.947118879582981243e-01
1.001337980762618152e+00
9.934031337056562494e-01
9.923607924065831476e-01
9.822348571988828159e-01
9.785799445529194118e-01
1.014124893765324886e+00
1.014262762319554811e+00
1.015273935985387954e+00
9.978404070137413262e-01
9.872396186438325838e-01
9.874630589980619710e-01
9.770378385508792229e-01
9.991366353504630426e-01
9.973605260000408812e-01
9.966370368036442384e-01
9.901417454785189642e-01
9.875595644402394013e-01
9.884151844110126151e-01
9.815174202211500720e-01
