2.250000000000000056e-01
0.000000000000000000e+00
0.000000000000000000e+00
3.332867331607015093e-01
2.663439023031158870e-01
3.438588343026910965e-01
3.850945909767301556e-01
3.429009975249267539e-01
3.421670450341456893e-01
4.179271612853959761e-01
4.067400915230331981e-01
3.968417824579311692e-01
4.851235179656210872e-01
4.793858088172533449e-01
4.825528894742369124e-01
4.876161197115486123e-01
5.384591978403711066e-01
5.281206361113367498e-01
5.135562051064738176e-01
4.988299569964207980e-01
5.075698660490264302e-01
5.018616350105403745e-01
5.142231421821993331e-01
5.589098918439981967e-01
5.496031009413667734e-01
5.434902556518338423e-01
5.712988294727224803e-01
5.778810772233444748e-01
6.122954626509752307e-01
6.505963167028567806e-01
6.618873625370980118e-01
6.858925774285388188e-01
7.186050485595484316e-01
7.413306184886836459e-01
9.537635043254117928e-01
1.030343749147382582e+00
1.047936171000452221e+00
1.132435730267978835e+00
1.190491548182052162e+00
1.333961025110135923e+00
1.351343124870238999e+00
1.393945651100611416e+00
1.419837906599485056e+00
1.443041477105581061e+00
1.446185559189709258e+00
1.493989024386289000e+00
1.504300967671570177e+00
1.544012840609039872e+00
1.563610285475297790e+00
1.567532863861557102e+00
1.576972020634576532e+00
1.574966728348990763e+00
1.565372394039797443e+00
1.578563191094778828e+00
1.566910782394616675e+00
1.575210392889317745e+00
1.593892772990746831e+00
1.593132970439759655e+00
1.608709270352136400e+00
1.612016171033429535e+00
1.619910911227987915e+00
1.612367764354926347e+00
1.594799554071846925e+00
1.594256722346597321e+00
1.599998076405650504e+00
1.604109721173822445e+00
1.623065422333718866e+00
1.640248900401338306e+00
1.654909268996460181e+00
1.676685009856607511e+00
1.696413893856517863e+00
1.730412824636673008e+00
1.741049396787685222e+00
1.796542505862258388e+00
1.814545994294177067e+00
1.842645001615851319e+00
1.845566790488201603e+00
1.839996620197571486e+00
1.836641578631363458e+00
1.830800779930120026e+00
1.828636411306341136e+00
1.832987942172840334e+00
1.833993656539037342e+00
1.803785253310790537e+00
1.790006990391880937e+00
1.782406647117527054e+00
1.799547753767930081e+00
1.788268642053975288e+00
1.782325435728976393e+00
1.773784178591743643e+00
1.766965573615068896e+00
1.757881645450714236e+00
1.748206274392339887e+00
1.741566724149107293e+00
1.736703184327147875e+00
1.735070218282809051e+00
1.731187398129430788e+00
1.740191116880365207e+00
1.767488326029589718e+00
1.776870866965438278e+00
