2.250000000000000056e-01
0.000000000000000000e+00
0.000000000000000000e+00
0.000000000000000000e+00
1.590011311164808872e+00
1.473345682302539483e+00
1.458205870908110713e+00
1.400196911854184156e+00
1.367494027147592162e+00
1.316984030236303838e+00
1.270158610468932636e+00
1.244665930835225476e+00
1.193417227892725307e+00
1.108536057550512322e+00
7.183071163198989639e-01
8.899210475167873557e-01
1.030215351025622894e+00
1.148980992368759946e+00
1.206729129444212401e+00
1.244476075224046019e+00
1.291255668536548384e+00
1.299297950824342296e+00
1.247531418453966534e+00
1.228962354967058079e+00
1.226529139963343784e+00
1.200444493437845317e+00
1.177420830649437145e+00
1.180995185560318461e+00
1.153727495457686825e+00
1.142472500623399334e+00
1.130011071841932502e+00
1.146336968087600328e+00
1.144156044153096241e+00
1.105425752455991839e+00
1.091253397063346231e+00
1.097369695805840983e+00
1.103517132797229738e+00
1.088887483923389965e+00
1.092214757346946064e+00
1.093846293439318051e+00
1.069474155003374394e+00
1.064509516517461840e+00
1.062808716983880908e+00
1.068266402171694995e+00
1.095209629586675781e+00
1.131186601600432828e+00
1.153900513958346918e+00
1.157442587838362291e+00
1.169772704502108684e+00
1.179371509889576952e+00
1.181893893602852241e+00
1.183296853845043017e+00
1.193236487595944695e+00
1.200600551033154106e+00
1.181462343467749587e+00
1.160317976899015502e+00
1.151192168955244899e+00
1.147224396434391780e+00
1.128367868195446766e+00
1.105379935206467046e+00
1.089954335877311165e+00
1.082260921507452789e+00
1.076585322461809602e+00
1.070648890357382310e+00
1.051936124174271292e+00
1.051033623733389488e+00
1.059231362332715864e+00
1.059228417068320383e+00
1.048750345653855831e+00
1.021093273528193679e+00
1.007420080972889043e+00
1.019503101479982909e+00
1.044568850004809590e+00
1.051291307179902823e+00
1.052118324905685354e+00
1.057056584747720018e+00
1.093393884178762265e+00
1.095667410448383228e+00
1.100430533037553005e+00
1.091812573260567021e+00
1.068689515951124047e+00
1.058074109339267821e+00
1.050426240110473586e+00
1.027938749464945678e+00
1.016305782490338538e+00
1.014033127487717234e+00
1.031347952577967408e+00
1.025307027927469861e+00
1.043757129100546077e+00
1.035333780537911474e+00
1.039229083332295023e+00
1.052112540553874709e+00
1.055822940466938809e+00
1.056019937402010056e+00
1.057955424527957211e+00
1.073746961985427850e+00
1.088916070455092866e+00
1.092533820353971397e+00
1.087467170813827710e+00
1.080816578512024506e+00
