2.250000000000000056e-01
0.000000000000000000e+00
0.000000000000000000e+00
2.430841192897245762e+00
2.195123455004938329e+00
2.035720369448523748e+00
1.989976963401634658e+00
1.866189427801511425e+00
1.874987511736773804e+00
1.912400171184853059e+00
1.959690777517027804e+00
1.970670244692539930e+00
2.021072621071733799e+00
2.064548242906526720e+00
2.138971013952214228e+00
2.093367941859045178e+00
2.057430409376568736e+00
1.907014759228671696e+00
1.964165194865156838e+00
2.043654481037647574e+00
2.044835431643985846e+00
2.002216950164438902e+00
1.942649958104859298e+00
1.905262983600580551e+00
1.862254112266738648e+00
1.854827202649883766e+00
1.821592495631370046e+00
1.845470037090380266e+00
1.848296846705500984e+00
1.859310125645564415e+00
1.872838283752219279e+00
1.910467234639696033e+00
1.944113582067173995e+00
1.927775020348503343e+00
1.926175362875237163e+00
1.913285986529024818e+00
1.905910887152583832e+00
1.910908075988057009e+00
1.919006777243524420e+00
1.934075175087672571e+00
1.946040755232312680e+00
1.949345497968152818e+00
1.963588112070432823e+00
1.961878794460377051e+00
1.940500217068449551e+00
1.910314607927694919e+00
1.884329053291354805e+00
1.855997734707578228e+00
1.869357271842307711e+00
1.881144895256837479e+00
1.881302428830007090e+00
1.891338570776290418e+00
1.896003589572604398e+00
1.907709120408843440e+00
1.929810744025889369e+00
1.941464809149269888e+00
1.938931912786175937e+00
1.918928286778349479e+00
1.895349402801140837e+00
1.901862258350941914e+00
1.892952867034222164e+00
1.898150433495786826e+00
1.896867521065084494e+00
1.898227505151766081e+00
1.915530813805752963e+00
1.930364412965615450e+00
1.956986878033027732e+00
1.954848890252980587e+00
1.950039638004978926e+00
1.932801938323149615e+00
1.910635778986074840e+00
1.895710900898705198e+00
1.895565271144817432e+00
1.881372519027807888e+00
1.873059940687383573e+00
1.879044561143197845e+00
1.890560906102205729e+00
1.894653779477107225e+00
1.905897808761222167e+00
1.904049666230564597e+00
1.908518317794131169e+00
1.914559481817572628e+00
1.921371124228834049e+00
1.936486260094528955e+00
1.946631981715126747e+00
1.950133490216328980e+00
1.956224436060394645e+00
1.929982789622329609e+00
1.912154214672112662e+00
1.893592490729660183e+00
1.879987312604596505e+00
1.869642638424385828e+00
1.870353996975991029e+00
1.877785882992504707e+00
1.875978606702653817e+00
1.872262297277023535e+00
1.865112588888677037e+00
1.830579982887437618e+00
1.827021047089747219e+00
1.822754325449121193e+00
