2.250000000000000056e-01
0.000000000000000000e+00
0.000000000000000000e+00
9.825082336618620182e-01
1.013891816155204850e+00
1.188130012894113907e+00
1.195138128177643644e+00
1.126856799076123350e+00
1.081326246215741360e+00
1.055865212921231144e+00
9.712487930977576900e-01
9.568365805788198175e-01
8.816418708071029897e-01
8.643619888025723119e-01
8.386276795059777189e-01
7.975751413067001527e-01
7.907710674888505098e-01
7.926790374207111078e-01
7.853881258596474568e-01
7.719822186703876321e-01
7.892752382051866356e-01
7.708938157902809341e-01
7.534467145594021531e-01
7.592063600751376429e-01
7.854026838155711010e-01
7.713533532620500122e-01
7.751843769341792978e-01
7.906782433598420479e-01
7.979723334072551522e-01
7.935236019713738376e-01
8.008075451975641412e-01
7.965058198432322101e-01
8.032969524848582177e-01
8.007722925960844007e-01
8.033031390882968692e-01
8.039080991818305932e-01
7.887990031045638561e-01
7.815221514193841923e-01
7.764897238705289473e-01
7.729008599092404008e-01
7.782456155856596336e-01
7.843646185997842357e-01
7.909506874392649989e-01
7.993139719636304097e-01
8.002051605484100660e-01
8.038302276157941462e-01
8.120477671715651269e-01
8.141829636934879710e-01
8.163218933463798344e-01
8.019649488802725879e-01
8.002233917076065906e-01
7.960983156445374798e-01
7.997556903383410409e-01
8.016590479563674432e-01
8.034740403462644620e-01
8.028744894254792319e-01
8.036491044283016194e-01
8.024809211178804969e-01
8.021654244143366919e-01
8.037320492855908327e-01
8.018057603787461796e-01
8.007724559667983577e-01
8.059734556147301054e-01
8.073447718565692766e-01
8.087506735632969956e-01
8.085603945241728319e-01
8.114060436981216373e-01
8.135900838582098560e-01
8.111671128344150050e-01
8.145461871590541358e-01
8.171765553341541199e-01
8.202008319719238383e-01
8.239895999038885366e-01
8.336140377540866009e-01
8.327117164593046406e-01
8.369832144193918300e-01
8.329043871105819008e-01
8.259374132895168641e-01
8.278102221158030183e-01
8.282257325478754595e-01
8.334007498751632159e-01
8.356731209652857872e-01
8.382525854621409866e-01
8.405876109185073108e-01
8.409579757972437397e-01
8.358112658932222994e-01
8.343953789283743427e-01
8.342303697842291532e-01
8.352394765474752125e-01
8.375603996352429803e-01
8.424791708950992719e-01
8.433969142171712230e-01
8.446381095976827069e-01
8.460744831883999506e-01
8.427912532847728899e-01
8.393687512161139841e-01
8.401382219217937708e-01
8.395690961733018876e-01
8.377121013316598530e-01
8.405190655681710199e-01
