2.250000000000000056e-01
0.000000000000000000e+00
0.000000000000000000e+00
0.000000000000000000e+00
2.894148813584978552e-01
2.894063004720852650e-01
2.893980472723587383e-01
3.533738325315928241e-01
3.549911138946482692e-01
3.564405599855472451e-01
4.039451365005991557e-01
4.279060343782332687e-01
4.312296878421086888e-01
4.790034255348959991e-01
4.842226471527739662e-01
5.124323732273422527e-01
5.169748724931992889e-01
5.237529300527842269e-01
4.935532811474825365e-01
5.023815135984137648e-01
4.729896816197021181e-01
4.990153367838168763e-01
4.811115851264512466e-01
5.038607344788246234e-01
4.936616834330557757e-01
5.266296068848109746e-01
5.111830609019318850e-01
5.473191712057052793e-01
5.514047296733460835e-01
5.623891792059727557e-01
5.795467397904765505e-01
5.824597086429746939e-01
6.072736848095471318e-01
6.463956583954540980e-01
6.544573154655474179e-01
6.622487609166639588e-01
5.602019095285097894e-01
5.559765050289420252e-01
5.723178965965706189e-01
6.222498977366222039e-01
6.800785852140953658e-01
7.206654144798435579e-01
8.415836561627357826e-01
8.690076283787242506e-01
8.895808403740803616e-01
9.773444881653141625e-01
1.031348027986274341e+00
1.060345948844046982e+00
1.059160810049653678e+00
1.124871000222570583e+00
1.176710232734099693e+00
1.229344657812449171e+00
1.280985168126489437e+00
1.302851162895938275e+00
1.329041041856207528e+00
1.365773051740724942e+00
1.394908240373146091e+00
1.420599501744557625e+00
1.422045211494586958e+00
1.435042937317927425e+00
1.435205777427360108e+00
1.431172753039351209e+00
1.429336015152871786e+00
1.436694016357259018e+00
1.440825332652693858e+00
1.428315451904356159e+00
1.432384976661313702e+00
1.430041130464652532e+00
1.431316862863701855e+00
1.430475264834812688e+00
1.444003705515739533e+00
1.450294384076421750e+00
1.464408032816306493e+00
1.461179204162363021e+00
1.430355796550886627e+00
1.412051703192993779e+00
1.407079601531361579e+00
1.395908609241470977e+00
1.398768809868677909e+00
1.394532668234491624e+00
1.395113797868102967e+00
1.378932134390464137e+00
1.355472750456623743e+00
1.345696528167001693e+00
1.346890517501572626e+00
1.360505733931405059e+00
1.350605053495764540e+00
1.347761783531602253e+00
1.344855357283155861e+00
1.347582950847998839e+00
1.330514608627245465e+00
1.329080826998557452e+00
1.327467335868086851e+00
1.343427289371452282e+00
1.341860790932401404e+00
1.330449743368068205e+00
1.319224631425191196e+00
1.318233711061266744e+00
1.307199958145953467e+00
1.301462430912995627e+00
