2.250000000000000056e-01
0.000000000000000000e+00
0.000000000000000000e+00
0.000000000000000000e+00
1.873203734776464624e-01
1.873203734776464624e-01
1.873203734776464624e-01
2.213239516100910242e-01
2.155187440950063482e-01
1.651906561740583979e-01
2.008138662958046938e-01
1.998481828649519843e-01
2.001364012778349966e-01
2.490271897971438886e-01
2.495455303805093061e-01
2.855168707196585332e-01
3.011007390168006781e-01
2.958805242827307058e-01
3.172596207595800299e-01
3.132475177006012190e-01
3.252149372610912414e-01
3.103599505127672686e-01
3.316290699137752207e-01
3.389945081096072399e-01
3.315861144095155200e-01
3.618054436162286835e-01
3.480083359217611139e-01
3.463552103839577789e-01
3.794761082842310618e-01
3.887370969906246421e-01
4.120952321289838016e-01
4.254990978590620920e-01
4.429161119997903628e-01
4.561522814626589595e-01
4.648277012770932193e-01
4.804084214788814644e-01
5.190693459344166705e-01
5.212197549451774714e-01
5.359552349733825993e-01
5.477809803350531803e-01
5.610132108398210304e-01
6.102974205164302113e-01
6.288063701438132425e-01
6.646138126739877805e-01
7.066837027694713447e-01
7.162803283098732043e-01
9.529681350773427928e-01
1.002874121748160485e+00
9.937758982947089148e-01
9.578428448884575008e-01
9.069101808487765037e-01
8.486917927485421176e-01
8.275733702157485050e-01
9.060087598358916861e-01
9.308913156097343711e-01
9.347042759088403097e-01
9.032573148522080597e-01
8.829028028373238079e-01
8.574277439653561483e-01
8.648596115066031764e-01
8.908572979813028647e-01
8.933489242967540545e-01
9.360026389027245042e-01
9.433899414447963760e-01
9.487273199569269400e-01
9.653500458956009167e-01
9.857323411316653017e-01
9.885026241088228360e-01
1.006908430322660086e+00
1.069211677650147019e+00
1.087006129068659011e+00
1.116763677451579673e+00
1.138986991133095650e+00
1.152156273852257051e+00
1.161682272839605901e+00
1.178837017965228551e+00
1.215750824069343095e+00
1.249560813361558109e+00
1.277940778850690906e+00
1.308958915867488582e+00
1.322121061571088774e+00
1.352350442520247720e+00
1.391959029660391645e+00
1.405188145682649381e+00
1.410330656391874715e+00
1.426750402962897235e+00
1.442189030307547526e+00
1.456803229888150364e+00
1.478298438511140178e+00
1.474954608508606047e+00
1.469930026520829935e+00
1.468568722285610528e+00
1.478266124753712552e+00
1.472775032426953956e+00
1.462589560180523884e+00
1.466966128289238336e+00
1.465624233023034906e+00
1.459704410889294479e+00
1.468632292005907392e+00
1.471147041626986285e+00
