2.250000000000000056e-01
0.000000000000000000e+00
0.000000000000000000e+00
0.000000000000000000e+00
0.000000000000000000e+00
0.000000000000000000e+00
0.000000000000000000e+00
0.000000000000000000e+00
0.000000000000000000e+00
0.000000000000000000e+00
0.000000000000000000e+00
0.000000000000000000e+00
0.000000000000000000e+00
0.000000000000000000e+00
0.000000000000000000e+00
0.000000000000000000e+00
0.000000000000000000e+00
0.000000000000000000e+00
0.000000000000000000e+00
0.000000000000000000e+00
0.000000000000000000e+00
0.000000000000000000e+00
0.000000000000000000e+00
0.000000000000000000e+00
0.000000000000000000e+00
0.000000000000000000e+00
0.000000000000000000e+00
0.000000000000000000e+00
0.000000000000000000e+00
8.075832806038016343e-02
1.387306404567979212e-01
1.286952843793238710e-01
1.812601576631469313e-01
1.837112741809236172e-01
1.793815144766851832e-01
2.473096940386080855e-01
2.438584689412091611e-01
2.406659948006578120e-01
3.253306619460162308e-01
3.135764946860868374e-01
3.186138262152270473e-01
4.016330560223836388e-01
4.113788114751127378e-01
3.890122715313334978e-01
4.795357177856264808e-01
4.891202493467916024e-01
6.666216231127359837e-01
9.356598342885970032e-01
1.012880247746530848e+00
1.093529470360504519e+00
1.144373713999440545e+00
1.209894718618106824e+00
1.216690640055829276e+00
1.239395838810613215e+00
1.238213433167815847e+00
1.221684610539214288e+00
1.234322112886625966e+00
1.163267147237963428e+00
1.092398979452736674e+00
1.040363679507520622e+00
9.920426293621700253e-01
9.791659287378424725e-01
9.379883635783666795e-01
9.645077260626244708e-01
9.199540443613343221e-01
8.915974426083701498e-01
8.784911227748007923e-01
8.624260631840828806e-01
8.505317479329108643e-01
8.509473708476953391e-01
8.451047880575635052e-01
8.501250958748959308e-01
9.264547058894415654e-01
9.673910637487742603e-01
9.830811238715547740e-01
9.736799110014928704e-01
9.762181599522979925e-01
9.745341106691586264e-01
9.807238644057871824e-01
9.926506435398961825e-01
9.963664615380888323e-01
9.950696785763707419e-01
1.012215002559169186e+00
1.019493667876479437e+00
1.048120150208814438e+00
1.072143655746965907e+00
1.072519383979944063e+00
1.103752625296874790e+00
1.102118262661745396e+00
1.100499280502387878e+00
1.113152435162876763e+00
1.121115068974483986e+00
1.103969150997613502e+00
1.052525017800497231e+00
1.042464487984643418e+00
1.038297575542017404e+00
1.050602728941486097e+00
1.078193068014649425e+00
1.079421607216391577e+00
1.069130523014455658e+00
