2.250000000000000056e-01
0.000000000000000000e+00
0.000000000000000000e+00
0.000000000000000000e+00
0.000000000000000000e+00
0.000000000000000000e+00
0.000000000000000000e+00
0.000000000000000000e+00
0.000000000000000000e+00
9.820613407507003956e-01
1.139791056375681011e+00
9.103961344976477799e-01
7.864803117274828947e-01
7.470056835505913817e-01
6.969078245961743967e-01
6.437823451884487902e-01
6.266498797617564565e-01
5.741268356388810057e-01
5.437832167682727924e-01
5.159551754651873212e-01
5.129530297305442410e-01
5.663688956602718205e-01
6.532489108959093072e-01
7.130494207947051244e-01
8.056348689144910979e-01
8.507883222215796293e-01
9.245218305766215172e-01
9.905240105337400625e-01
1.090241433006348126e+00
1.108412355685675088e+00
1.116800899352608845e+00
1.096458007712351579e+00
1.115565022461521227e+00
1.101241655368266237e+00
1.083756608674420363e+00
1.085831885942168062e+00
1.095139590939394836e+00
1.087100012810568339e+00
1.105729514848698747e+00
1.101329816562618857e+00
1.111095006824653009e+00
1.122756022845843527e+00
1.130219044510370807e+00
1.161749493819866474e+00
1.135381442636983484e+00
1.120906421468770731e+00
1.112996502935716503e+00
1.097263416642588307e+00
1.082714876391424497e+00
1.089460866503316527e+00
1.095052838121546079e+00
1.128368110807943969e+00
1.164074943122405337e+00
1.172557286161786116e+00
1.185547201924213256e+00
1.183976065663014943e+00
1.172286237607706560e+00
1.147814625023366064e+00
1.138301651770850187e+00
1.106363239480052441e+00
1.088345788768324107e+00
1.088592918291405587e+00
1.089146614064704810e+00
1.092542877425108250e+00
1.090851504487721391e+00
1.126687129843801261e+00
1.116141103084456798e+00
1.123707540824117723e+00
1.156362676068596995e+00
1.149701641571702959e+00
1.125787993539655307e+00
1.128580577680601271e+00
1.125619935522371939e+00
1.120946191220639987e+00
1.115781851195048580e+00
1.110338279150996144e+00
1.107746877867606727e+00
1.122074232680332573e+00
1.125312526061059248e+00
1.135062313011703905e+00
1.163832422381852139e+00
1.177561149623139070e+00
1.181531290529537204e+00
1.182009504214684759e+00
1.184383430584377894e+00
1.178497008654660894e+00
1.193226529758614429e+00
1.195239164113081509e+00
1.188899752975213664e+00
1.178560220569947470e+00
1.169942812047576552e+00
1.155449049824168517e+00
1.153275894654843814e+00
1.155122170972050055e+00
1.155540994242185704e+00
1.152987966692230692e+00
1.152668706327838022e+00
1.145588959491447456e+00
1.152178803046582933e+00
1.163875399930517585e+00
