2.250000000000000056e-01
0.000000000000000000e+00
0.000000000000000000e+00
0.000000000000000000e+00
2.216818666284449402e-01
2.287830473227569772e-01
2.603998860668980120e-01
2.906862910031463021e-01
3.147245123542943834e-01
3.394672757701237553e-01
3.646399019194934144e-01
3.927926900668873844e-01
4.195104131337213382e-01
4.500630559606760839e-01
4.850311963485146038e-01
5.776176670828483406e-01
6.132539574040393182e-01
7.143653421951013938e-01
7.109163615695860416e-01
6.978970910218036394e-01
7.054831168879365233e-01
7.160483280533098682e-01
7.061130938535017387e-01
6.986485248099424394e-01
7.020196376850041942e-01
7.018399228309596394e-01
6.989683828543624688e-01
6.981942410573408475e-01
6.974211330780795137e-01
6.944103599879709598e-01
6.912155322228599186e-01
6.886154279366597519e-01
6.876685816911753957e-01
7.048423324871381235e-01
7.079744464529004189e-01
7.087196413575195253e-01
7.086723928363001246e-01
7.029604110845633080e-01
6.942853641393424979e-01
6.910542318808201578e-01
6.849777661841383036e-01
6.810330339246523090e-01
6.755120417842132019e-01
6.678183471698599938e-01
6.599114923355530182e-01
6.594188453510869685e-01
6.613397414798152241e-01
6.565815389205936770e-01
6.584978304436091001e-01
6.569382186986221228e-01
6.493493154942771017e-01
6.414562138284966020e-01
6.381790856054283534e-01
6.258433647562362534e-01
6.239794385899890550e-01
6.157380915634458329e-01
6.055011128135908693e-01
6.031952180968208621e-01
6.069688292957939879e-01
6.129601861507211202e-01
6.072661683516359377e-01
6.093753128211596426e-01
6.119002664173959216e-01
6.244561247679700777e-01
6.250726757015765411e-01
6.283277523663800546e-01
6.324811496883671058e-01
6.299276808842304565e-01
6.291599382720186595e-01
6.297156913574888382e-01
6.262205985481396064e-01
6.303668016558313658e-01
6.372014636820579891e-01
6.444037371612966192e-01
6.510395895191379845e-01
6.560592344111879637e-01
6.560159424063135569e-01
6.549753190947591452e-01
6.549865312298160935e-01
6.612437460588804772e-01
6.525611476067559868e-01
6.590754011975945570e-01
6.563725157320754455e-01
6.571801536257962928e-01
6.605239931783305485e-01
6.592263319790155895e-01
6.569945686979770105e-01
6.549672298106979929e-01
6.535931662799869812e-01
6.502409982376193831e-01
6.517315048005387634e-01
6.500518613100254584e-01
6.510621831481040456e-01
6.545350644403011842e-01
6.579238629612820244e-01
6.666253696078747737e-01
6.767246040602674650e-01
6.788362985976861275e-01
6.826317609689660504e-01
6.831192513957968782e-01
