2.250000000000000056e-01
0.000000000000000000e+00
0.000000000000000000e+00
0.000000000000000000e+00
0.000000000000000000e+00
1.229054594263583322e+00
8.012661537074158291e-01
8.223924514287846987e-01
8.676655989765873489e-01
1.036967837254485048e+00
1.032706349902788867e+00
1.129765764907711301e+00
1.159130867521251496e+00
1.118227040939453909e+00
1.068092166487330630e+00
1.105284502814294356e+00
1.113103461008909445e+00
1.132491016647305004e+00
1.103444040455158870e+00
1.125151206010126970e+00
1.100006380876611622e+00
1.068221630319534654e+00
1.081363978571276752e+00
1.094778218127369307e+00
1.096786471811026287e+00
1.111586156299368522e+00
1.125229046728921434e+00
1.128361430756681827e+00
1.138632920367183443e+00
1.136315488078618152e+00
1.139037638122417651e+00
1.152818444771614770e+00
1.154987113182565750e+00
1.139630448388784467e+00
1.152357646449452933e+00
1.149796752514381737e+00
1.127370329487509704e+00
1.113176789723361759e+00
1.103173580609436710e+00
1.092316040840218605e+00
1.076599810681012181e+00
1.063794556803585589e+00
1.056863701663666832e+00
1.048908429691295829e+00
1.043703094175533419e+00
1.039398619465095708e+00
1.035503566988257518e+00
1.033365301828164995e+00
1.044627196287785109e+00
1.047993806321039223e+00
1.069463290861626836e+00
1.090429084945049309e+00
1.109548894568093358e+00
1.131917370620731944e+00
1.169222538721874871e+00
1.163824470651441123e+00
1.136310039719098386e+00
1.131540490747899641e+00
1.135660625925630329e+00
1.123851537785708343e+00
1.136419675820163899e+00
1.133766549470228702e+00
1.124425738409005282e+00
1.111615052182243213e+00
1.107989795114060927e+00
1.096130253489171924e+00
1.106117767222708714e+00
1.097802013949045641e+00
1.088670527740067229e+00
1.078089824198584568e+00
1.071850873317002462e+00
1.067482344218485979e+00
1.071031399162454711e+00
1.075747309669467189e+00
1.083349007969840017e+00
1.091561045632780225e+00
1.111807716273762292e+00
1.115168887992489921e+00
1.112736799112616248e+00
1.111895283212620544e+00
1.097926390003308050e+00
1.103828748201444609e+00
1.139259713879108293e+00
1.148125885739425867e+00
1.161383412688203443e+00
1.143031148297765753e+00
1.135615540394973699e+00
1.120983151684656676e+00
1.093202188447327083e+00
1.075960366234183008e+00
1.058976778132592722e+00
1.040184101269090888e+00
1.018125652063421205e+00
9.945728782474931862e-01
9.750651272653590995e-01
9.512819452793294106e-01
9.257157449351767209e-01
9.030643315311148722e-01
8.687077586775482363e-01
8.153414677050054848e-01
