2.250000000000000056e-01
0.000000000000000000e+00
0.000000000000000000e+00
0.000000000000000000e+00
0.000000000000000000e+00
0.000000000000000000e+00
0.000000000000000000e+00
1.436788224770007671e+00
1.467187376899120599e+00
1.521085841545720463e+00
1.449896055876989109e+00
1.499158511052903542e+00
1.492932695531633769e+00
1.513673861191216163e+00
1.588357270012477285e+00
1.575372768651789990e+00
1.558183835910492032e+00
1.503751320805096103e+00
1.476132072566835651e+00
1.399539945780907679e+00
1.377671312725685215e+00
1.318276086848788831e+00
1.188955385179470525e+00
1.135660946495358870e+00
1.082985449876477713e+00
1.057803457696391947e+00
9.923335877844668973e-01
1.003665213886074214e+00
9.922220309778676528e-01
1.052438293012689430e+00
1.027908023581952879e+00
1.011762172391027281e+00
1.008521923716673596e+00
9.870989058967651886e-01
9.645976189527010192e-01
9.799600298112262076e-01
1.017741470516914104e+00
1.016286489174245133e+00
1.037340085571419213e+00
1.039591368377629443e+00
1.040629363811908625e+00
1.015240748508874580e+00
1.040098730442107877e+00
1.056065330627776744e+00
1.101384350900822318e+00
1.144643486489602235e+00
1.173855181198660391e+00
1.211607190125890243e+00
1.231418783533917871e+00
1.243611842625673924e+00
1.256775781471626052e+00
1.247501734118333649e+00
1.270948224975255503e+00
1.262894213203674898e+00
1.253152960573792107e+00
1.240853985074862997e+00
1.230500843391825416e+00
1.180331751165613063e+00
1.149609077440843397e+00
1.143099120962487891e+00
1.122032660844705765e+00
1.117183123211270335e+00
1.110590065910867175e+00
1.097074360399635795e+00
1.100524679426883257e+00
1.103215867352094204e+00
1.097673347379748199e+00
1.091054993287605246e+00
1.087277363385616757e+00
1.079255043966448113e+00
1.068684244668487215e+00
1.076772308333144190e+00
1.072253076997252919e+00
1.085937027389557441e+00
1.084090570352393312e+00
1.089739232166547556e+00
1.091470520220203522e+00
1.097589248830228348e+00
1.110769358399223750e+00
1.113600481274910070e+00
1.109386788470290597e+00
1.094602124098696061e+00
1.082640550571765781e+00
1.085246206778401445e+00
1.084270517284990909e+00
1.077417693685370104e+00
1.073089867301282307e+00
1.078587896497033460e+00
1.088465263645979508e+00
1.083414246759981880e+00
1.076183748065969503e+00
1.092125262096141691e+00
1.113522296163334646e+00
1.106192106111737239e+00
1.112388228628543363e+00
1.107568884261754816e+00
1.110488281171452041e+00
1.120244193457616166e+00
1.120481707921632264e+00
1.115998554240633878e+00
