2.250000000000000056e-01
0.000000000000000000e+00
0.000000000000000000e+00
0.000000000000000000e+00
0.000000000000000000e+00
0.000000000000000000e+00
0.000000000000000000e+00
0.000000000000000000e+00
1.519217139618105117e+00
1.332357656086034625e+00
1.266692907347680919e+00
1.247734182824670857e+00
1.323975501535556099e+00
1.362570441608992100e+00
1.313675993251222307e+00
1.242634985997822294e+00
1.167272441515242676e+00
1.160097708002422845e+00
1.192939532403715752e+00
1.240769877145116107e+00
1.247784801943461197e+00
1.196555334354458822e+00
1.152066788183627288e+00
1.154061790573331026e+00
1.140728386431988817e+00
1.121932495677619324e+00
1.066158633880099682e+00
1.039110567039834176e+00
1.037778711663542852e+00
1.070243090975943723e+00
1.090297157672465822e+00
1.069236341066852836e+00
1.052703873413722180e+00
1.060855438392323657e+00
1.083728449712986874e+00
1.088250621883443792e+00
1.093464266190084189e+00
1.084602105987816145e+00
1.102596180220320132e+00
1.115474706420104267e+00
1.108544757472994302e+00
1.090289211950774106e+00
1.076351155801118509e+00
1.069876800721920151e+00
1.057729140107254828e+00
1.038064468247414274e+00
1.032504184041718620e+00
1.036007485248806148e+00
1.039694693121304248e+00
1.034076886323893385e+00
1.020206580152910547e+00
1.019314342494935133e+00
1.032989263257186208e+00
1.036412665110499232e+00
1.055792658383028604e+00
1.072972289768548082e+00
1.058183895748672443e+00
1.056344553906537920e+00
1.048740276279925832e+00
1.042166317389052965e+00
1.037799516918382237e+00
1.031220835783518197e+00
1.018145630942184354e+00
1.025678744604638482e+00
1.031478310395150810e+00
1.029849480591922495e+00
1.033815458225148198e+00
1.049068251936990048e+00
1.056924556369297274e+00
1.052675106022011420e+00
1.044249548912325798e+00
1.045119627040318688e+00
1.056497959177845392e+00
1.056622213808245725e+00
1.051794512089536671e+00
1.048536162245850001e+00
1.043908055691292969e+00
1.045878922732062399e+00
1.046011828642195773e+00
1.038115258060022583e+00
1.041123039342704448e+00
1.043137433583170903e+00
1.043628485759162450e+00
1.050262322708438667e+00
1.046393936420513704e+00
1.046870109803209825e+00
1.036134134094391701e+00
1.028483202228597015e+00
1.034553775649826424e+00
1.046861150362530690e+00
1.054010547074921922e+00
1.061908677093914566e+00
1.069346395274314521e+00
1.080899236769737204e+00
1.088766932452719383e+00
1.097680498386570669e+00
1.102840671708865683e+00
1.111004093102149204e+00
1.110411252030979234e+00
1.107999021876818313e+00
