2.250000000000000056e-01
0.000000000000000000e+00
1.435855415501771093e-01
1.435524270456789986e-01
1.781107260616166810e-01
1.797082789112116608e-01
1.927972569382478685e-01
2.178010257604746369e-01
2.368573842167924770e-01
2.361877976339994412e-01
2.610139094540408489e-01
2.682837286762639328e-01
2.731536271361615920e-01
2.756442449280249729e-01
2.884451993832426453e-01
3.008227583144536532e-01
3.085527348982184392e-01
3.142583712780771532e-01
3.351964523862011047e-01
3.469430630504197199e-01
3.645959018472956781e-01
3.629517827927020712e-01
3.923238465773595252e-01
4.059476303543571030e-01
4.242908983859143279e-01
4.249895613182576581e-01
4.470958336522266596e-01
4.659761500156985314e-01
4.849910241053803084e-01
4.920529117416332365e-01
5.221586799109733112e-01
5.340491972694996203e-01
5.532125639095506475e-01
6.181151129537274524e-01
6.590352137237499575e-01
7.070997494947903750e-01
7.424552271818667393e-01
7.529876039546382627e-01
7.678380138802198829e-01
7.770397618617693736e-01
7.825050786282183868e-01
7.902018615014507752e-01
7.913237621250317488e-01
7.912325232906123329e-01
7.888163420661136183e-01
7.785210855625526172e-01
7.717185376248065776e-01
7.678449802553228842e-01
7.639679437366557746e-01
7.401653257524030138e-01
7.315096385507158239e-01
7.076633828131281279e-01
6.979439737623425177e-01
6.923876655936787028e-01
6.822663815313261271e-01
6.766905146683378502e-01
6.574830982202920504e-01
6.483801599454945830e-01
6.280601303976605099e-01
6.256526821645009839e-01
6.244215628859344225e-01
6.352163251247201492e-01
6.389309587595413120e-01
6.438616451203693636e-01
6.509177165075369365e-01
6.567503119697802871e-01
6.615850383102273025e-01
6.634483686379221146e-01
6.707902102318582527e-01
6.721284488606718011e-01
6.652348592244451408e-01
6.675158466129910151e-01
6.706690011969160814e-01
6.816474652597327433e-01
6.946900825070833063e-01
7.032430969590435232e-01
7.083022349403128581e-01
7.138806242790068923e-01
7.186157059827177340e-01
7.223048785188367349e-01
7.261769435803856476e-01
7.273864661946803922e-01
7.259698960118154965e-01
7.234166997443026714e-01
7.168484578160041476e-01
7.112386818487469453e-01
7.091843562323530969e-01
7.045276421234144548e-01
7.059211114020568223e-01
7.083185453207966331e-01
7.051825954198498447e-01
7.013785994368323395e-01
6.988223407636733331e-01
6.885193359558884341e-01
6.815204772421493695e-01
6.831980315863612763e-01
6.819131456644670353e-01
6.816750640755064872e-01
6.813053561037157868e-01
6.865129247899082188e-01
