2.250000000000000056e-01
0.000000000000000000e+00
0.000000000000000000e+00
0.000000000000000000e+00
8.127668526290776629e-02
1.109906606998524448e-01
1.305931863508074109e-01
1.622590670406919844e-01
1.738590268854729448e-01
2.706812391865195955e-01
3.430634583098738366e-01
4.515445964813237789e-01
5.313868126340868248e-01
6.269260742877653669e-01
6.529025871704703388e-01
6.677255048551083982e-01
6.924512239292083260e-01
7.093809379825025685e-01
7.566885973607435645e-01
7.528576279015178896e-01
7.450537044038916257e-01
7.318547901404683920e-01
7.467671145904425378e-01
7.447200783084093612e-01
7.353859637038741015e-01
7.307024888616884262e-01
7.235464776225245531e-01
7.231710958353121388e-01
7.175780789233385804e-01
7.168069827603320565e-01
7.137346326217698378e-01
7.141344522916467374e-01
7.088837169532689053e-01
7.062616931201103343e-01
7.114822332311335762e-01
7.043525574212353701e-01
6.998775181034578852e-01
6.968451608991316215e-01
7.005331185602069466e-01
7.173242423186874106e-01
7.092243932025406039e-01
6.929571043715962997e-01
6.821431709534370169e-01
6.820004161227893880e-01
6.947337526506036642e-01
6.954575105569825721e-01
6.807660454212454137e-01
6.699893261763522068e-01
6.834556683960589796e-01
6.986266245225740690e-01
7.001532488028382462e-01
7.058151520129900547e-01
7.159998236340622269e-01
7.180749657108045358e-01
7.139282676916022252e-01
7.097798405097967001e-01
7.104725999275289805e-01
7.058124284414765137e-01
7.047357378747847179e-01
7.140880424379649760e-01
7.055761846248350677e-01
6.944672337271787788e-01
6.893194338819981226e-01
6.913427659693588412e-01
6.879313880722925933e-01
6.976248269909155475e-01
6.923611003055633040e-01
6.927984696020770272e-01
6.946970575721974628e-01
6.958684422761567401e-01
6.918096787618652765e-01
6.849482898453598256e-01
6.763131587299118230e-01
6.640913723004508995e-01
6.602977294574552403e-01
6.561794813731004483e-01
6.432725972957226146e-01
6.476804079974848305e-01
6.495763729447431301e-01
6.557455918216423818e-01
6.596382436103591651e-01
6.604924958914746291e-01
6.644254925788282140e-01
6.704032655662101048e-01
6.758149561629401836e-01
6.758541500608320485e-01
6.788664855770485396e-01
6.771848344910121886e-01
6.799378412709916608e-01
6.760425571018974233e-01
6.711052059915905144e-01
6.703002662795018995e-01
6.738848750386864372e-01
6.693237658179360672e-01
6.649601537714908694e-01
6.665667850425512908e-01
6.668708440671267113e-01
6.732402188993288350e-01
6.728553070927462132e-01
6.762628647654930214e-01
