2.250000000000000056e-01
0.000000000000000000e+00
0.000000000000000000e+00
0.000000000000000000e+00
0.000000000000000000e+00
0.000000000000000000e+00
0.000000000000000000e+00
0.000000000000000000e+00
0.000000000000000000e+00
0.000000000000000000e+00
0.000000000000000000e+00
0.000000000000000000e+00
0.000000000000000000e+00
1.324547635142992563e+00
1.369623546657205537e+00
1.390106458275343959e+00
1.342333621788879272e+00
1.329082449345329708e+00
1.293441727369766259e+00
1.324369385495406615e+00
1.292698501217875107e+00
1.290201229335307787e+00
1.296727797117927405e+00
1.295689970494078080e+00
1.305786333394697074e+00
1.305984756932008217e+00
1.307010350279677047e+00
1.320177453888474073e+00
1.270307993402272295e+00
1.325749094315318732e+00
1.399985188232338418e+00
1.419294878665806170e+00
1.485231160337182610e+00
1.489257379060181741e+00
1.478300044302440996e+00
1.479127500707009712e+00
1.475028378429841913e+00
1.483876035618960421e+00
1.464200127442019550e+00
1.468831117955220922e+00
1.471191882598610112e+00
1.473572784723286455e+00
1.465514345045675126e+00
1.463419795314905070e+00
1.462779903543066640e+00
1.481124446878151257e+00
1.452588950319835481e+00
1.455402690511146790e+00
1.476341969123877274e+00
1.477725141411999177e+00
1.445058971074469012e+00
1.468769568217931143e+00
1.469874443157684896e+00
1.464570189696831726e+00
1.464601703210333561e+00
1.461840732372694296e+00
1.460456671257601924e+00
1.457482838222745825e+00
1.472584423357949035e+00
1.439236757924307719e+00
1.295964584917070006e+00
1.283821483995188251e+00
1.309935420589575239e+00
1.264843541854467901e+00
1.234488960171336247e+00
1.242444235280451448e+00
1.271804017557771838e+00
1.242155962783865197e+00
1.240003589762467051e+00
1.258255783963939001e+00
1.241469528054078841e+00
1.142189325853480097e+00
1.081250788951454211e+00
1.128829966186836842e+00
1.141221588658188013e+00
1.123504632773319800e+00
1.191030733391086338e+00
1.205330968919154033e+00
1.184902095394408494e+00
1.130644849817420639e+00
1.069053907428937800e+00
9.366745445402016035e-01
9.684702378915859278e-01
9.931433021093526436e-01
1.014835610924746057e+00
1.032711828780860541e+00
1.062755241305099574e+00
1.098143123179614600e+00
1.139098581766228246e+00
1.133862680756588359e+00
1.156655463980615473e+00
1.172192993604877387e+00
1.160719246504699376e+00
1.175926048824760040e+00
1.180812728087868635e+00
1.176569002299405087e+00
1.188696681870711869e+00
1.201104382191428677e+00
1.203465195146788513e+00
1.229443658937201089e+00
