2.250000000000000056e-01
0.000000000000000000e+00
0.000000000000000000e+00
0.000000000000000000e+00
0.000000000000000000e+00
0.000000000000000000e+00
0.000000000000000000e+00
0.000000000000000000e+00
0.000000000000000000e+00
0.000000000000000000e+00
0.000000000000000000e+00
0.000000000000000000e+00
0.000000000000000000e+00
0.000000000000000000e+00
0.000000000000000000e+00
0.000000000000000000e+00
0.000000000000000000e+00
0.000000000000000000e+00
0.000000000000000000e+00
1.911936149075769364e+00
1.885994993589017010e+00
1.847737873807029363e+00
1.810111316870651743e+00
1.586330021293059334e+00
1.453579565949434382e+00
1.365158167726349570e+00
1.502859289839225232e+00
1.472718777761877762e+00
1.446067443527860874e+00
1.439549353956868449e+00
1.388381157257912113e+00
1.355839719820866485e+00
1.337052693216916666e+00
1.309719178396655970e+00
1.245242327702162921e+00
1.062859326317530329e+00
1.032541385092465624e+00
1.019222369280961216e+00
1.022874536585559158e+00
1.030599524623595720e+00
1.053632770508562411e+00
1.070176687654110781e+00
1.110750042915488178e+00
1.139821736016724207e+00
1.209561697172175210e+00
1.250485148715342110e+00
1.315954955149279959e+00
1.362586165548650863e+00
1.426700733073282601e+00
1.598175270034924322e+00
1.635340913939097751e+00
1.655777120781541489e+00
1.660673743919454770e+00
1.670362926126000680e+00
1.676162536810700932e+00
1.681889154951109688e+00
1.699572990360321390e+00
1.712911741869400206e+00
1.709170297316453313e+00
1.711013001421158863e+00
1.684087018161691818e+00
1.651019196374055698e+00
1.617287614480227287e+00
1.711279750809332478e+00
1.770721064609675155e+00
1.794700960300559700e+00
1.778292344553876969e+00
1.783346289197946577e+00
1.787881873991980175e+00
1.790554969712980116e+00
1.791706460308946314e+00
1.788185423990774625e+00
1.781615819888458629e+00
1.778739389377589353e+00
1.775747102053645055e+00
1.761057169557737945e+00
1.752946161935487135e+00
1.748319153056177688e+00
1.736567122605267466e+00
1.722397155047243000e+00
1.738290194171290270e+00
1.736995390195381184e+00
1.714696728666255554e+00
1.495768730225292664e+00
1.386457912071396681e+00
1.341760751771017279e+00
1.280365943735799261e+00
1.243516227335798030e+00
1.219798955315153366e+00
1.228118194703268218e+00
1.239097870368433885e+00
1.233166678633999647e+00
1.246878062908624907e+00
1.224068571483964751e+00
1.265292238310389950e+00
1.271712813066530723e+00
1.292930799301724720e+00
1.313135650327360793e+00
1.321362444198159736e+00
1.316251426217550868e+00
