2.250000000000000056e-01
0.000000000000000000e+00
0.000000000000000000e+00
0.000000000000000000e+00
3.435501794603602055e-01
3.612439283201236973e-01
3.995595093079745697e-01
4.551878452926849672e-01
4.578962588707990444e-01
4.821565256997163984e-01
4.624143827159551412e-01
5.094160814109394142e-01
5.275966044546078759e-01
5.534599467262216743e-01
5.890830196408601838e-01
7.518820573365230242e-01
8.384980071255948575e-01
9.212060493530146443e-01
1.030913631281125786e+00
1.098386690546503397e+00
1.151076573708593287e+00
1.249310646728516883e+00
1.263931513046442356e+00
1.265250435940011409e+00
1.270121758181480098e+00
1.259394481853483461e+00
1.252575757997182127e+00
1.265851505875744465e+00
1.259352383536539444e+00
1.247533706156543465e+00
1.239181334417961633e+00
1.266826732920423026e+00
1.284432120416386436e+00
1.281912053983518929e+00
1.276802172885246334e+00
1.271061576936088011e+00
1.263801114115391533e+00
1.272895188728747629e+00
1.298328742845226369e+00
1.315422687481069719e+00
1.306978894227087240e+00
1.298497697815235385e+00
1.309121111476950761e+00
1.318357584276584227e+00
1.321847399222544794e+00
1.318643771267598019e+00
1.317392145060428454e+00
1.344501417908416485e+00
1.342739077111067214e+00
1.340905987469692251e+00
1.353200336332856635e+00
1.364592608975785604e+00
1.367275544691358924e+00
1.369650356391619583e+00
1.371715227711729712e+00
1.373480343446312313e+00
1.374965903423335467e+00
1.376198930383096597e+00
1.377210297653340465e+00
1.378031438669713449e+00
1.378692650263010133e+00
1.379221635111727018e+00
1.379642473259500512e+00
1.379975855927958017e+00
1.380239222762799978e+00
1.380447282836810841e+00
1.380611301762483034e+00
1.380741042422633624e+00
1.356816394839313489e+00
1.218827119661280767e+00
1.022490033236896023e+00
8.971610037694479622e-01
7.527168370402549380e-01
7.056934757173783934e-01
6.435642912623190659e-01
6.376918325564764345e-01
6.395029836087005037e-01
6.673358070256489860e-01
7.065990795418373160e-01
8.926965339589286730e-01
1.043693034212604509e+00
1.143691851634904832e+00
1.276434786610758598e+00
1.302929317036665591e+00
1.311328629186608197e+00
1.313518931755212504e+00
1.314303575696242676e+00
1.344737274880675848e+00
1.344675683128412791e+00
1.344292952541480179e+00
1.339137235760876177e+00
1.335693653832455752e+00
1.332998220912083198e+00
1.324749071490488594e+00
1.293550349717555115e+00
1.225275477758565046e+00
1.179919527334070350e+00
1.119757556621365779e+00
1.047323638473316665e+00
1.021578534052975495e+00
