2.250000000000000056e-01
0.000000000000000000e+00
0.000000000000000000e+00
1.052173973129699291e+00
9.670853219713291260e-01
8.692433711319187406e-01
7.390352176512294813e-01
7.983971570567716114e-01
8.596594503357052330e-01
8.752150166612124860e-01
8.574449587879736656e-01
8.733371796400488662e-01
9.110326613523885841e-01
9.077272941503704562e-01
9.011267752604655845e-01
8.633660354687222593e-01
8.605793395109883059e-01
8.608000877527013373e-01
8.439784909953685910e-01
8.377631869437059953e-01
8.264205721859684273e-01
8.007759636599007802e-01
8.006269905914709106e-01
8.143544889440095247e-01
8.025431522819588270e-01
8.024130584652514608e-01
7.886592387238092750e-01
7.849471681227894182e-01
7.952592286289794643e-01
8.012534896916607696e-01
8.085300264476196208e-01
8.179424797969394589e-01
8.067638796267431189e-01
8.081600713426984051e-01
8.123587101595416415e-01
8.147331371029733482e-01
8.221656686477730736e-01
8.219824676219023019e-01
8.164491991376190416e-01
8.128824429575638444e-01
8.057498785717538414e-01
7.997603115443359112e-01
8.078018522992328476e-01
8.097638483434000944e-01
8.095467023256739392e-01
8.053402552899947553e-01
8.006692000114583596e-01
8.005747975134632766e-01
8.042786219449588048e-01
8.107186313525651666e-01
8.089565993687660717e-01
8.030136468845656683e-01
8.073878583662839059e-01
8.070034257124437671e-01
8.134030093960935570e-01
8.131622651273278102e-01
8.114321916982505378e-01
8.102008665556782452e-01
8.080229486645760240e-01
8.113319992420479077e-01
8.141575254820466734e-01
8.198784131571033029e-01
8.172631748620055037e-01
8.171572032487710580e-01
8.186570971966555810e-01
8.155660342250695694e-01
8.123356963136100228e-01
8.179288100636322723e-01
8.185297412366577818e-01
8.134415524959436317e-01
8.106261975952859800e-01
8.106707774591098703e-01
8.154588871971850672e-01
8.184164803783440245e-01
8.176855659776268714e-01
8.189608631996850852e-01
8.227115770754140911e-01
8.231571668469005454e-01
8.247637393593449939e-01
8.270269043395848119e-01
8.275619732726198219e-01
8.258422339168530746e-01
8.275345117500065850e-01
8.297184914475275175e-01
8.320557230217161537e-01
8.294363858678984736e-01
8.289436148622657541e-01
8.299567918951307188e-01
8.343066827760147186e-01
8.327890119669482116e-01
8.340993727943579739e-01
8.345805428766621681e-01
8.337376488416229359e-01
8.349816704790544719e-01
8.337085686224217085e-01
8.325203240425298468e-01
8.308499043085466607e-01
8.362514486559247118e-01
8.327450985402509165e-01
8.298075932370633234e-01
