2.250000000000000056e-01
0.000000000000000000e+00
1.184320753972237794e-01
1.196871174366508639e-01
1.196889798350438128e-01
1.638460289039054274e-01
1.646207071036134562e-01
1.653112858017090903e-01
1.704105464327630715e-01
1.635283115944209109e-01
1.574497888651856248e-01
1.570365493563219139e-01
2.005141818076121296e-01
2.027908002726496461e-01
1.992530732253721404e-01
2.009662401625073036e-01
2.061487052144254373e-01
2.396241149245692814e-01
2.357772331418460376e-01
2.279372264807906501e-01
2.206371115901238633e-01
2.129962784996083935e-01
2.047373390719574027e-01
2.047104339930017891e-01
4.000687784008756798e-01
4.830887954378006999e-01
5.693304364528550821e-01
6.050573657597710930e-01
6.162212513570762829e-01
5.931466799892901598e-01
6.009816265752456754e-01
6.141643456174141757e-01
6.218618975183454189e-01
6.015395209988844138e-01
5.610885044784158504e-01
7.112649078985792128e-01
8.267598999896980105e-01
9.082275258432278564e-01
9.606244768000985479e-01
9.775106286480582662e-01
1.000095214869147320e+00
9.788295016430598183e-01
9.842934055455951903e-01
9.876285085551876897e-01
9.618755477481404359e-01
9.643974336461981212e-01
9.383687587063636037e-01
9.268934610667332041e-01
9.135196917559968988e-01
8.807057373269627787e-01
8.683906911987031574e-01
8.524572993317011127e-01
8.852029718433297445e-01
9.324395179150811730e-01
9.312803004773398952e-01
9.285693141463876588e-01
9.100441195502857461e-01
9.168500502292002974e-01
9.230651238293899885e-01
9.226333107765699593e-01
9.400678407067312170e-01
9.801952049739671713e-01
9.691675829253931784e-01
9.807581625214130128e-01
1.053799068610285605e+00
1.049149427439409754e+00
1.043033735168807485e+00
1.019538832731602840e+00
1.004837768445778989e+00
9.882832445849882852e-01
9.713589002340217160e-01
9.633883135858665181e-01
9.678188745791096448e-01
9.435856357874430334e-01
9.534534968167497349e-01
9.461541343690643702e-01
9.432442332086079517e-01
9.387613571630990528e-01
9.212097532757946849e-01
9.240916085334540675e-01
9.202362509937398460e-01
9.390998176313281043e-01
9.671737812208781593e-01
9.733583299522428067e-01
9.701025214760402582e-01
9.744023042945907376e-01
9.624777164684792385e-01
9.414589242589225249e-01
9.283821934472904491e-01
9.343771358554694428e-01
9.243749531559301014e-01
9.159577571126723550e-01
9.129712735594339712e-01
9.075506749221412539e-01
9.074001905550981295e-01
9.152723803725185681e-01
9.305370704594915221e-01
9.340973278256434753e-01
9.591888747780399349e-01
9.864076017336987912e-01
