2.250000000000000056e-01
0.000000000000000000e+00
0.000000000000000000e+00
0.000000000000000000e+00
0.000000000000000000e+00
1.512565988401523565e-01
2.054866773675754765e-01
2.062483981832543556e-01
2.276276441368590420e-01
2.351903553522016466e-01
2.186512972738949567e-01
2.610707357683656471e-01
2.613720255536947090e-01
2.669406965417015498e-01
3.108908202839141266e-01
3.191952382944636679e-01
2.582691300652515398e-01
2.887554874954937900e-01
2.911365203931066681e-01
2.989872715086888677e-01
3.326322541050081294e-01
3.475217943280692889e-01
3.677917197957158435e-01
3.989443198053459483e-01
4.147475693372384420e-01
4.258847660834047533e-01
4.627282324190456486e-01
4.802300580124726492e-01
6.402896820310425285e-01
6.582695751006548690e-01
7.583818030763166407e-01
7.779442634923617872e-01
7.768779490612822691e-01
7.748004796702308017e-01
7.584197324662366180e-01
7.786526915375641122e-01
7.794345918164651277e-01
8.006965284296880814e-01
8.385416415856672412e-01
8.427122674614719866e-01
8.474147177688088339e-01
8.608006274349033760e-01
8.848405838250208433e-01
9.218807785160879620e-01
9.423208826618268974e-01
9.447731663495876342e-01
9.559644833304933309e-01
9.397625513592081647e-01
9.464328205192756860e-01
9.392348615043319970e-01
9.416519575195015923e-01
9.583142858396728192e-01
9.553919188354976777e-01
9.556742544928500394e-01
9.584973556583700205e-01
9.502655944803405363e-01
9.479031607768334533e-01
9.394282002521581187e-01
9.481743790256484949e-01
9.590368024165982774e-01
9.590000504038217466e-01
9.674248431229750533e-01
9.641759641163147876e-01
9.699165546510949421e-01
9.749393877550269760e-01
9.795253531058145668e-01
9.905584916803285012e-01
9.897212550653218255e-01
9.870508188022282248e-01
9.831064587017896983e-01
9.767594411699360712e-01
9.786494067178542755e-01
9.808652865819095235e-01
9.850755427431091560e-01
9.889754503469448954e-01
9.871539150288020092e-01
9.830686552102949616e-01
9.835560207827143131e-01
9.822375779486769432e-01
9.763066467244382318e-01
9.706704534017551733e-01
9.714843708539481204e-01
9.731170686375046897e-01
9.767582448279273910e-01
9.812457860492592721e-01
9.821516307280070412e-01
9.744110780400332406e-01
9.691241985330016906e-01
9.665554282159494193e-01
9.695867819547820954e-01
9.697785422793365750e-01
9.641050080256464705e-01
9.724456890768503614e-01
9.725543972613323040e-01
9.772661044636643535e-01
9.846360295866196655e-01
9.885197284967204290e-01
9.864670365867058699e-01
9.863624479190271632e-01
9.888581226378659883e-01
