2.250000000000000056e-01
0.000000000000000000e+00
0.000000000000000000e+00
0.000000000000000000e+00
0.000000000000000000e+00
0.000000000000000000e+00
0.000000000000000000e+00
0.000000000000000000e+00
0.000000000000000000e+00
0.000000000000000000e+00
0.000000000000000000e+00
0.000000000000000000e+00
0.000000000000000000e+00
1.626992214174661555e+00
1.530487420434323731e+00
1.362985523661710108e+00
1.264772370688813874e+00
1.280221485875701948e+00
1.218550981383459186e+00
1.174181937276444598e+00
9.992027633571284317e-01
9.279383185423392133e-01
9.251091315837491891e-01
9.037950227775132239e-01
8.837942160994682883e-01
8.832770081920660044e-01
8.790012187152066447e-01
8.816217441694353951e-01
8.989256942522328986e-01
8.943691911572806408e-01
9.040032825852458709e-01
9.108780683464561267e-01
9.064400623263054735e-01
8.792564467030989928e-01
8.625885803326239776e-01
8.606909203579201639e-01
8.608438789212766729e-01
8.478980444804928851e-01
8.354685965245919332e-01
8.196503262633910714e-01
8.055862731299976431e-01
7.985656820369351205e-01
8.036880847363884195e-01
7.929561249265558720e-01
7.875780762730550943e-01
7.956313434903802273e-01
7.956669170273092950e-01
7.859892523948767140e-01
7.831716015776020168e-01
7.857789032243449601e-01
7.872110662980544848e-01
7.950968824768900323e-01
7.990787113191907265e-01
8.027111623634944904e-01
8.114837183190932723e-01
8.314562538522164425e-01
8.448655377630630570e-01
8.571505762701766562e-01
8.721311046373871889e-01
8.736667256829258044e-01
8.765103282828005105e-01
8.871895949179864349e-01
8.966783286852817447e-01
8.925354396518594413e-01
8.873293597105411656e-01
8.811113422164553732e-01
8.719523110911886477e-01
8.547842170424824193e-01
8.436546861065505887e-01
8.391584795663540319e-01
8.333552144424277719e-01
8.223315500589041260e-01
8.204368036809713827e-01
8.153516761601163898e-01
8.196009871892038223e-01
8.218602240084680322e-01
8.195275078569255189e-01
8.196369361551950616e-01
8.167646113460623747e-01
8.176780231715933267e-01
8.201294465191426575e-01
8.203211031630633920e-01
8.263342603696965938e-01
8.199842776644836739e-01
8.107370974903945759e-01
8.049588680738901658e-01
7.991338510266496886e-01
7.896596071329073929e-01
7.810539184682856462e-01
7.773644369527160647e-01
7.804589862716210247e-01
7.863098986739301965e-01
7.898762135621086866e-01
7.982281042252609149e-01
8.016038582808442392e-01
8.075022822007936751e-01
8.195476185921560797e-01
8.355367573262436620e-01
8.510775197911019108e-01
8.579994903049944499e-01
