2.250000000000000056e-01
0.000000000000000000e+00
0.000000000000000000e+00
0.000000000000000000e+00
0.000000000000000000e+00
0.000000000000000000e+00
0.000000000000000000e+00
0.000000000000000000e+00
1.288156354928337022e+00
1.280854766219725827e+00
1.270538056219683520e+00
1.258561976672793792e+00
1.237553154426864532e+00
1.215761989735266058e+00
1.197525919116580129e+00
1.176026474025353652e+00
1.150213686488224196e+00
1.148273066945409759e+00
1.107906019144387244e+00
1.105496379014954567e+00
1.101521025960143563e+00
1.084151626944994451e+00
1.070612982208992259e+00
1.066604699759493569e+00
1.063213016640542463e+00
1.034920839710619989e+00
1.025111742420276251e+00
1.020763649707645104e+00
9.335364500887224359e-01
8.460917722476698488e-01
8.380271529965647170e-01
7.761123982676805255e-01
6.902078932411821466e-01
6.429447683431116500e-01
6.641552718286600765e-01
6.260240528792125891e-01
7.083123610072842302e-01
7.636070176388480846e-01
7.803295413221151833e-01
7.804978784912450784e-01
8.407917982459981454e-01
8.468252507378410954e-01
8.827281995621071298e-01
8.993663041801435165e-01
8.756961252027924969e-01
8.796253058907037570e-01
8.748818002530895921e-01
8.743987540103941303e-01
8.539916110590787257e-01
8.535149329463810330e-01
8.429390435385617497e-01
8.364627198188780977e-01
8.274434210918909516e-01
8.207525380034854656e-01
8.442239550038497242e-01
8.480294356998906435e-01
8.510982758690952554e-01
8.480908647518514698e-01
8.335595266927970926e-01
8.178158849096155425e-01
8.150633446109294411e-01
8.152785162252150775e-01
8.040215339742813327e-01
8.333324059047283461e-01
8.390815225048403603e-01
8.444037029703028718e-01
8.374567050998104056e-01
8.419325072513925701e-01
8.479959897919223666e-01
8.475064888719148204e-01
8.520778170121331430e-01
8.483842746456853323e-01
8.530391201057226924e-01
8.514335916060777887e-01
8.433337695070193263e-01
8.344290682656125835e-01
8.202091684787468084e-01
8.175057255859025096e-01
8.265793655358244507e-01
8.152677755317669916e-01
8.113943390324455107e-01
8.220179641532687764e-01
8.252411683231848372e-01
8.164826987076061471e-01
8.136375673636486727e-01
8.182100893540941167e-01
8.160221164127194893e-01
8.095442774568238908e-01
8.214585727561578565e-01
8.297750674289230410e-01
8.267001697077267508e-01
8.239542226398084424e-01
8.214214376680850638e-01
8.154865868305933851e-01
8.104708986435162910e-01
8.070976561617870804e-01
8.036662279082351645e-01
8.057995861383250302e-01
8.026458299563451471e-01
7.971466913066559412e-01
