2.250000000000000056e-01
0.000000000000000000e+00
0.000000000000000000e+00
0.000000000000000000e+00
0.000000000000000000e+00
0.000000000000000000e+00
0.000000000000000000e+00
1.182357622492845733e-01
1.516650709731094948e-01
1.903897188883963698e-01
2.198962019417586844e-01
2.463289927225033038e-01
2.906973928969329157e-01
3.126284954857715404e-01
4.616164517718926441e-01
4.850598087710344952e-01
5.462117030367199533e-01
5.712043428055586514e-01
6.402195548072703302e-01
7.412412300737891702e-01
7.576289166524009522e-01
7.806692559837460355e-01
8.157262569328346258e-01
7.940122536830133138e-01
8.053181294565168180e-01
8.011445367208479551e-01
8.308385886579093826e-01
8.247198055952996709e-01
8.332420625669010317e-01
8.299735042947941066e-01
8.223304649935707644e-01
8.270212282232832779e-01
8.347441683108702826e-01
8.424144508100095408e-01
8.566321154371383528e-01
8.527870003723698744e-01
8.582388016636020023e-01
8.663003377902870339e-01
8.796172502285584116e-01
8.833731821715022914e-01
8.941289839968428188e-01
9.106380047148272538e-01
9.302363793933559055e-01
9.431687300156575970e-01
9.497164574322577435e-01
9.616146814664143783e-01
9.792191766274120912e-01
9.872949575454180726e-01
9.795598412162997981e-01
9.687100695277315321e-01
9.647479405220436011e-01
9.503850792501328248e-01
9.442587280803472760e-01
9.379521370820883552e-01
9.371725035636204737e-01
9.531776970801240090e-01
9.495413598618580586e-01
9.291448036197350602e-01
8.993629268000592480e-01
8.977284205707958264e-01
8.909949255797264822e-01
8.669980763149595093e-01
8.395381421561387558e-01
8.297141200989289755e-01
8.388276155141437540e-01
8.490433811943027820e-01
8.571647486407742988e-01
8.707035282736266257e-01
8.891088617432687524e-01
9.092413199371045529e-01
9.203689920243903755e-01
9.220111764755742900e-01
9.168755051513254317e-01
9.208698381349350592e-01
9.145067195454663622e-01
9.120555646204889788e-01
9.017504789499880546e-01
8.735972210223229562e-01
8.740425582538052796e-01
8.928929332965501731e-01
8.905886278733102790e-01
8.871593665831858377e-01
8.912939454967039321e-01
8.747234911495155307e-01
8.750068904372719780e-01
8.856446569516679412e-01
9.019771040036680398e-01
9.172696271567143400e-01
9.270434786705282759e-01
9.301764082988226434e-01
9.185032442201159775e-01
9.088345359681043734e-01
9.078638454952382419e-01
9.177432602903161651e-01
9.142818268006078775e-01
9.064864208568430559e-01
8.913191221016106836e-01
8.691395285533299875e-01
8.510693104033117962e-01
8.413703308266335945e-01
