2.250000000000000056e-01
0.000000000000000000e+00
0.000000000000000000e+00
0.000000000000000000e+00
0.000000000000000000e+00
0.000000000000000000e+00
0.000000000000000000e+00
0.000000000000000000e+00
0.000000000000000000e+00
0.000000000000000000e+00
1.885158349633262453e-01
1.883239982339461049e-01
1.467856006093497256e-01
1.629387234293439568e-01
1.824122890894536997e-01
1.772069360030302243e-01
1.989491505567832497e-01
2.117173971235327135e-01
2.264289856631079567e-01
2.392373565018773018e-01
2.422101704222702767e-01
2.601327058471519793e-01
2.721501450456212945e-01
2.908776124442654099e-01
3.007712431550227383e-01
3.194640000290410731e-01
3.400648667873465425e-01
3.546702895899225827e-01
3.644267057622223027e-01
3.741195812904850038e-01
3.864524280735167072e-01
3.995561575361459283e-01
4.154271795373939424e-01
4.169202106087904203e-01
4.213369522635527220e-01
4.388208922454155947e-01
4.639253335205155149e-01
4.823528695098434071e-01
4.906478556175797867e-01
5.072684082629236313e-01
5.167333662153203999e-01
5.355455745519930311e-01
5.214948727687501728e-01
5.274132247119390771e-01
5.331856189623750408e-01
5.316418006024873355e-01
5.392218012852398878e-01
5.473642849487639905e-01
5.663575639695114239e-01
5.765075549570961577e-01
5.871410464887981684e-01
5.903309688602715877e-01
6.119986321423873665e-01
6.157507102959508538e-01
6.228884440197983707e-01
6.396527951412892543e-01
9.243836879868080336e-01
9.554495986185456147e-01
1.122536668132928961e+00
1.162689326446867177e+00
1.188991963926111062e+00
1.160863950989056148e+00
1.220349102214216996e+00
1.286769230884976967e+00
1.273855644929816400e+00
1.262759023330551233e+00
1.268456345824777065e+00
1.260294048299085645e+00
1.247291897626325419e+00
1.215730811162673008e+00
1.199446209491848325e+00
1.222175565195043667e+00
1.196893393939739703e+00
1.172965584532930094e+00
1.205528931164424833e+00
1.234471646883161577e+00
1.249393430938149807e+00
1.284714372847460595e+00
1.315351343420060992e+00
1.317938895476985284e+00
1.310782898339439395e+00
1.306701358110026856e+00
1.324807886780172250e+00
1.320050794087073820e+00
1.319297328399197999e+00
1.299960029808883366e+00
1.321762671829683988e+00
1.314560266717570203e+00
1.306384392595524746e+00
1.295517834042082761e+00
1.298971474649789126e+00
1.312154729845330436e+00
1.301269192617162007e+00
1.290362968291292489e+00
1.268834173101176965e+00
1.251045983076756407e+00
1.250327519138862087e+00
1.258655081524221675e+00
1.250027221502501895e+00
1.259408408197929319e+00
