2.250000000000000056e-01
0.000000000000000000e+00
0.000000000000000000e+00
0.000000000000000000e+00
0.000000000000000000e+00
0.000000000000000000e+00
0.000000000000000000e+00
0.000000000000000000e+00
0.000000000000000000e+00
0.000000000000000000e+00
0.000000000000000000e+00
0.000000000000000000e+00
0.000000000000000000e+00
7.408564663259412097e-02
1.184109354039540457e-01
1.021971535087337624e-01
1.378691401449702314e-01
6.727835073930837906e-01
8.208708954416981118e-01
8.663745926707373535e-01
7.860241566426031667e-01
7.863977086556404039e-01
8.209146953195994856e-01
8.206208924204686506e-01
8.162176937915774921e-01
8.544727941520258163e-01
8.832954796938795594e-01
9.125162335196919106e-01
8.822178687159322186e-01
8.831091193743025869e-01
8.846600828346079526e-01
8.912634940536215966e-01
8.894038249482333347e-01
8.676190462331122566e-01
8.652254071526528367e-01
8.644939579005361807e-01
8.598215147501598876e-01
8.592659226549246299e-01
8.531046781492450659e-01
8.389490914343519234e-01
8.280512711647244339e-01
8.326324930559352300e-01
8.287416534019135250e-01
8.371150464928414081e-01
8.339499439178352791e-01
8.341179272175444082e-01
8.539933254313106792e-01
8.523200155419717872e-01
8.526332971586517706e-01
8.529022201066068787e-01
8.567538872468551947e-01
8.539768786455927962e-01
8.552518237075226182e-01
8.531742013444628681e-01
8.618586628794495663e-01
8.654025438060612974e-01
8.651458679084779169e-01
8.633079898649713702e-01
8.699851034435173158e-01
8.739967435241584592e-01
8.766502076618989392e-01
8.718882514224602920e-01
8.701634483689596467e-01
8.659376643057079548e-01
8.667304006892093682e-01
8.630313697668909878e-01
8.584703920575941227e-01
8.467313929667251715e-01
8.381976481656524536e-01
8.338173254658646227e-01
8.334179945976540882e-01
8.422033569517693996e-01
8.435515058172866620e-01
8.452802576037167226e-01
8.433885805567840066e-01
8.457673619789947139e-01
8.405982992219693806e-01
8.323843928441378992e-01
8.296356996168816611e-01
8.344065694407124534e-01
8.347136888764388196e-01
8.375069046518304194e-01
8.412015330695522541e-01
8.481247056194360923e-01
8.443436724344264288e-01
8.365828693909109770e-01
8.388861846108142117e-01
8.417133274065196069e-01
8.618500626514918883e-01
8.713200382414892919e-01
8.747171457929308058e-01
8.695586730661368779e-01
8.683417601862081225e-01
8.658496163279295610e-01
8.591936643493764958e-01
8.531601311861414239e-01
8.502807748352413375e-01
8.436822550828001477e-01
8.399072686861938086e-01
8.395357953618916014e-01
