2.250000000000000056e-01
0.000000000000000000e+00
0.000000000000000000e+00
0.000000000000000000e+00
0.000000000000000000e+00
0.000000000000000000e+00
1.412246414566996622e-01
1.413789392229591602e-01
1.415255129883377372e-01
1.605906624912440683e-01
1.821358221219452622e-01
1.710492496458156375e-01
1.914398143125724538e-01
1.810830562939054478e-01
2.044552484447326179e-01
2.220507616924659866e-01
2.166350682386362914e-01
2.364493475777592058e-01
2.544633832346671065e-01
2.747398185124772518e-01
2.804078989152964385e-01
3.114651732762283021e-01
3.166249485752510862e-01
3.497692696147299274e-01
3.411920955532444233e-01
3.575073248317663932e-01
3.787474718046905386e-01
3.846582301089125355e-01
4.447346900100901945e-01
5.803202221563164009e-01
6.146852625780834245e-01
6.112910653775672776e-01
6.103709499021491292e-01
6.616233011065350000e-01
6.823479218745337471e-01
7.373349244454252549e-01
7.762277117291800366e-01
8.006187382837447464e-01
8.585248726267534769e-01
8.811367268541623332e-01
8.903775274484166946e-01
9.223793249329365063e-01
9.068230924358231526e-01
8.703543929209299757e-01
8.378527954708823167e-01
8.026199499001028803e-01
7.980716875753853801e-01
7.943319345771625573e-01
8.354110019924511077e-01
8.275893359435171348e-01
8.105737864222835043e-01
8.236795428811770625e-01
8.449437098499226195e-01
8.594050800087041919e-01
8.529443292434768509e-01
8.424196717236763776e-01
8.312923593099392772e-01
8.306848368947375993e-01
8.428363733722618045e-01
8.535924702215642590e-01
8.787412042745602614e-01
8.887095791698260694e-01
9.027221198706761873e-01
9.058942012923153486e-01
8.993850423657007154e-01
8.972064976114698664e-01
8.926066387613810216e-01
8.973780924228256239e-01
9.178747143719888646e-01
9.518830904705527507e-01
9.551175889261050989e-01
9.611694068347582665e-01
9.759372122604978994e-01
9.883896418005531093e-01
1.015135970704999169e+00
1.026469968371431785e+00
1.029650596763102888e+00
1.031873487747859253e+00
1.036391938271238544e+00
1.037349640588302480e+00
1.043112770305103298e+00
1.052153371179850749e+00
1.069163104074442483e+00
1.087306354265423991e+00
1.101563545468214222e+00
1.106244434319555214e+00
1.102875526553031005e+00
1.104206472751557033e+00
1.108056147654040924e+00
1.109621910682033974e+00
1.112120724355270873e+00
1.117985420016966547e+00
1.117007615820490685e+00
1.119729022508957561e+00
1.112592977140443251e+00
1.114571381667625483e+00
1.125538713626279774e+00
1.120335400808607496e+00
1.112690151785336257e+00
1.100835219180181568e+00
