2.250000000000000056e-01
0.000000000000000000e+00
0.000000000000000000e+00
3.147476247964429708e-01
2.404612416287489340e-01
2.405424637223508300e-01
2.759980154760926507e-01
2.748591508136888351e-01
3.283340050801010768e-01
3.264736224078975124e-01
3.281385075909180604e-01
3.733669121857539075e-01
3.885821848283584345e-01
3.882985822764496442e-01
4.256843526093954111e-01
4.241561352020230546e-01
4.571341488323824587e-01
4.914509322599197039e-01
4.930704342647800331e-01
4.972129473454613424e-01
5.628082537422848253e-01
5.701898084090808450e-01
5.651631030832560132e-01
6.070801464931245839e-01
6.079810921705777194e-01
6.846298707578990506e-01
7.251240291285760975e-01
7.738117513844972040e-01
1.204084027143014435e+00
1.208493316390924832e+00
1.249597734601847643e+00
1.250434577360349131e+00
1.228221094557667037e+00
1.233344625183016463e+00
1.229732204353710445e+00
1.228310780306428818e+00
1.207131936434379105e+00
1.206625022494271171e+00
1.189749859204950688e+00
1.169957319584917999e+00
1.212219338070664509e+00
1.180934062028796028e+00
1.318546839141588212e+00
1.363476562273809201e+00
1.356695258149584804e+00
1.318895927986595495e+00
1.319778203815598294e+00
1.311866492303253917e+00
1.312215270740651363e+00
1.297979195158964316e+00
1.233405388738907593e+00
1.063071657157701244e+00
1.008805040999538827e+00
9.503022312693323315e-01
9.177763453072425026e-01
8.929703372087591795e-01
8.824307306734689993e-01
8.886432774896707576e-01
8.891663048991056417e-01
9.115118339145892312e-01
9.580322334486452984e-01
1.056687489775498090e+00
1.090725713232437499e+00
1.110013328922426989e+00
1.141209874221102538e+00
1.195035452255533759e+00
1.231961840489891769e+00
1.245347899904222011e+00
1.250030652030209577e+00
1.253888901541007295e+00
1.243505152371202405e+00
1.226649541064558591e+00
1.253752487457646891e+00
1.253215449582636642e+00
1.258224547524636749e+00
1.284796552587306628e+00
1.261929223933427213e+00
1.257686564131986762e+00
1.253546161022821570e+00
1.256272173533256931e+00
1.284368893527789490e+00
1.288913518838732619e+00
1.284456989384685999e+00
1.285987269624142781e+00
1.275260522447930089e+00
1.240870652307876965e+00
1.224032771837393785e+00
1.208514191863992115e+00
1.200910039333671575e+00
1.189617872100909857e+00
1.174847014979867987e+00
1.172061067111117572e+00
1.159234106301934908e+00
1.156071689672747427e+00
1.152334806361464237e+00
1.158400808743393684e+00
1.142245343880069708e+00
1.084514525988900413e+00
1.067176579349019772e+00
1.069798832108633357e+00
