2.250000000000000056e-01
0.000000000000000000e+00
0.000000000000000000e+00
0.000000000000000000e+00
0.000000000000000000e+00
0.000000000000000000e+00
0.000000000000000000e+00
0.000000000000000000e+00
0.000000000000000000e+00
0.000000000000000000e+00
0.000000000000000000e+00
0.000000000000000000e+00
0.000000000000000000e+00
0.000000000000000000e+00
0.000000000000000000e+00
0.000000000000000000e+00
0.000000000000000000e+00
0.000000000000000000e+00
0.000000000000000000e+00
0.000000000000000000e+00
0.000000000000000000e+00
0.000000000000000000e+00
0.000000000000000000e+00
0.000000000000000000e+00
0.000000000000000000e+00
2.849929442873601060e-01
3.181620797717090721e-01
3.191118149444619467e-01
3.544684759328607382e-01
3.536894339882989957e-01
3.402208335866531153e-01
3.577228574932634353e-01
3.587714359992748014e-01
3.521546443846381713e-01
3.198534638070682501e-01
3.026357665808327990e-01
3.224484519495999790e-01
3.060610161389905604e-01
2.996416201074806884e-01
3.208255111494078826e-01
3.167369638265534748e-01
3.133174336674179328e-01
3.385908267803293126e-01
3.445123489021008067e-01
4.185821701982370691e-01
5.169073171517556409e-01
5.428586204824336070e-01
6.512668857981296355e-01
6.570265687392303766e-01
6.710997441083556003e-01
7.053996884835928016e-01
7.250980484356034372e-01
7.210735848310554363e-01
7.372368837075653492e-01
7.494589583931037247e-01
7.326156120629477853e-01
7.465410708846120791e-01
7.388546307366424815e-01
8.166018341080060194e-01
8.477123371355588244e-01
8.570700152374021163e-01
8.412101009188849288e-01
8.237773692482439625e-01
8.358885352944352976e-01
8.384633471380502634e-01
8.264336095549754679e-01
8.176350397712600637e-01
8.177194918639345556e-01
8.335748286687014730e-01
8.218896173513282610e-01
8.314372716508257044e-01
8.301463095997365649e-01
8.141581998860425440e-01
8.389783536810957454e-01
8.844467289612488736e-01
9.140192691393120850e-01
9.306803619670466210e-01
9.502168977930280924e-01
9.823535362580486652e-01
1.019512836964267644e+00
1.020405445385959897e+00
1.009083432184630702e+00
9.925853012422306554e-01
1.005171670029538333e+00
1.022231863469631019e+00
1.015193140597456578e+00
1.036769546841810552e+00
1.038640882700035073e+00
1.057268344193510456e+00
1.088704788611010166e+00
1.127456250010395511e+00
1.128049341913845760e+00
1.130146938493566289e+00
1.135324746985861832e+00
1.146609372138947647e+00
1.146114854153928553e+00
1.141708716376344190e+00
1.147174752252830388e+00
1.153749997497626634e+00
1.153117593711302513e+00
