2.250000000000000056e-01
0.000000000000000000e+00
0.000000000000000000e+00
8.909616495536479275e-02
8.909616495536479275e-02
8.909616495536479275e-02
8.909616495536479275e-02
2.201051956757708317e-01
2.231481462721891240e-01
2.833515685113444094e-01
2.911571196895376135e-01
4.488046927724214097e-01
4.225092697217716076e-01
4.550781921493091686e-01
4.614181388548423413e-01
7.333223050537579502e-01
7.353703166279800252e-01
8.240673028625553620e-01
8.843001775527387087e-01
9.419048380541279464e-01
9.685638426329520323e-01
1.017265507371156064e+00
1.116795110202816410e+00
1.127506922845071369e+00
1.119156466113334636e+00
1.114110831229355725e+00
1.124463999361749345e+00
1.153811185265269712e+00
1.184076951565165903e+00
1.217912084168047748e+00
1.214349370952106044e+00
1.216013283178371873e+00
1.202756722575436532e+00
1.197150551642323313e+00
1.193289992229193519e+00
1.177558875073886568e+00
1.164010683925941425e+00
1.136525929793668288e+00
1.122881204333803007e+00
1.111537923190127897e+00
1.105369278583412829e+00
1.109229868426001575e+00
1.102807508511030266e+00
1.131674489383853732e+00
1.128694357335691789e+00
1.127355462991018520e+00
1.130660482259908450e+00
1.118837649425350911e+00
1.113624855922547230e+00
1.125424492623868122e+00
1.118909999908390018e+00
1.107439177645557438e+00
1.095468199920610841e+00
1.085578865356254585e+00
1.091791105661729544e+00
1.080310232690201877e+00
1.072051655834619810e+00
1.071957306290697964e+00
1.098220219176485157e+00
1.135611685330485177e+00
1.146599526679825010e+00
1.140831336970582477e+00
1.149190803868434863e+00
1.148457134515696199e+00
1.147131992249631915e+00
1.170833398388742896e+00
1.166176237832734941e+00
1.155437135245293678e+00
1.149388241314931891e+00
1.138176527399185956e+00
1.127487329594085930e+00
1.121914503321701062e+00
1.113367312917219687e+00
1.112481368474962373e+00
1.111560573420153464e+00
1.120192829137968804e+00
1.113460426756361255e+00
1.121485123580572063e+00
1.121327148371859650e+00
1.144814427602835583e+00
1.157994001263971340e+00
1.155708472930486508e+00
1.147435186043143096e+00
1.150364775666065320e+00
1.154672581371949391e+00
1.153150646656274647e+00
1.150122113469795426e+00
1.137102130265923883e+00
1.129043177142734056e+00
1.139943866416684326e+00
1.139522254845711347e+00
1.132720558642985820e+00
1.126174574043338428e+00
1.132339637570862534e+00
1.142356205195126151e+00
1.157655627041708657e+00
1.168258621993915058e+00
1.168328160187938503e+00
1.157455126757962249e+00
1.146028459520572529e+00
