2.250000000000000056e-01
0.000000000000000000e+00
0.000000000000000000e+00
9.535581145749087995e-01
9.475971428991480927e-01
9.231331460766671881e-01
9.222865977012352223e-01
9.122790728591412268e-01
9.080117295695198099e-01
8.952236897606302701e-01
8.463394533742883974e-01
8.297562045267699027e-01
7.770228013594877581e-01
7.805571933058033096e-01
7.551234237937021199e-01
7.543671439047575644e-01
7.596980145477794100e-01
7.665920374044188357e-01
7.787784251638238953e-01
7.764857752968389315e-01
7.831338631843096643e-01
7.964740495593893854e-01
8.044390215012461320e-01
8.135086490466868492e-01
8.197579249789949118e-01
8.234470384488357109e-01
8.159236243377651077e-01
8.106636564216452845e-01
8.054131663175659872e-01
8.044314626757325115e-01
8.039796308285778181e-01
7.989178507644427718e-01
7.991446817089660204e-01
7.963971207538246277e-01
7.955263987740047726e-01
7.956755443041645393e-01
8.011086124385814466e-01
7.997254770657692413e-01
8.052521680775721613e-01
8.039969594568017186e-01
8.023147848845949559e-01
8.089536031387772885e-01
8.148413244265025890e-01
8.229478730201404968e-01
8.193256163370148393e-01
8.206653024914638550e-01
8.173363185642777973e-01
8.170290023861969120e-01
8.112630417750815726e-01
8.117029329828103767e-01
8.170369097298565420e-01
8.214422727446958339e-01
8.214313391798200303e-01
8.138407828002182098e-01
8.072194369552014859e-01
8.102671359941709950e-01
8.063557935047603875e-01
7.979358900616773109e-01
7.948923952636502976e-01
7.935595802105913643e-01
7.838761079898145523e-01
7.773857806804966852e-01
7.793195439750745246e-01
7.842096971344506562e-01
7.962584611263479051e-01
7.953705520032822163e-01
8.002192839832696913e-01
8.063998700770252936e-01
7.990511423558559478e-01
7.902095283823930005e-01
7.778408011098074670e-01
7.746302383157459559e-01
7.716714741027578262e-01
7.798892232372377498e-01
7.803946481482741948e-01
7.785404107550404351e-01
7.854284661613319951e-01
7.877274693489101365e-01
7.927515350124773041e-01
7.981636451480479399e-01
8.010716934257090527e-01
8.024996010391330925e-01
8.013938778004568997e-01
8.022421462351037036e-01
8.037089708821831824e-01
8.098065651916003249e-01
8.143904416175894445e-01
8.141053002807699945e-01
8.176165043490200013e-01
8.141836989048780726e-01
8.171466021839545180e-01
8.233659532394141944e-01
8.267973421530009359e-01
8.259634783152018933e-01
8.269707770299841165e-01
8.252945443380627077e-01
8.293379512610925541e-01
8.320503748040638525e-01
8.371280126956625045e-01
8.359621513831089201e-01
