2.250000000000000056e-01
7.975358869589739552e-02
7.976597396822229791e-02
1.168830036097280589e-01
1.386417923113677786e-01
1.678347885129022332e-01
1.696817513737962080e-01
1.980974954931515319e-01
2.259141080102794186e-01
2.290607046421961335e-01
2.619664940814415144e-01
2.896065120677306370e-01
2.719445270113620694e-01
2.900335488668578376e-01
2.848604774591592115e-01
2.722611231058929548e-01
3.866755425891095777e-01
4.102286246087313848e-01
5.149943076149060550e-01
5.132589028579925827e-01
5.372383630558619227e-01
5.600600642908101223e-01
5.728468270490884029e-01
5.993707289090657309e-01
6.510500997470223261e-01
6.933440217496120717e-01
7.165508176210017011e-01
7.998093727330757297e-01
9.555259286714424816e-01
9.536614337431551514e-01
9.807969844292565575e-01
9.809480822959989466e-01
9.943747436209162682e-01
9.504875544600405179e-01
9.067340783592574560e-01
8.660781091450174829e-01
8.698872343544442609e-01
8.586188298089714177e-01
8.411874398260221763e-01
8.251078804821955215e-01
8.160957703897750992e-01
8.532474101713634074e-01
8.700477561603381371e-01
8.713260825458846170e-01
8.970925776851075284e-01
8.928958371336488398e-01
8.709619663281367163e-01
8.689784904600704740e-01
8.611029207699876231e-01
8.753428898625814636e-01
8.824245488169861762e-01
9.180301596180139301e-01
9.333793102114432694e-01
9.104919503864861152e-01
9.116110744295415902e-01
9.001424433713284268e-01
8.819212776528406739e-01
8.989683720086684149e-01
9.179567887447566132e-01
9.442912944033340361e-01
9.614527915223453070e-01
9.744547146005740901e-01
9.832490931550419422e-01
9.769192190572280055e-01
9.693837232840697427e-01
9.731564671280982237e-01
9.780882632480214500e-01
9.648273767193874528e-01
9.559697265106471553e-01
9.410036617107437884e-01
9.263430521556141883e-01
9.217258958207372732e-01
9.470621255886649825e-01
9.440018695808038984e-01
9.464380116585453528e-01
9.549731902108826720e-01
9.408284499167393067e-01
9.293873010512267996e-01
9.345771287334080357e-01
9.213201118827809566e-01
9.363494694475101854e-01
9.350251828449421820e-01
9.378831836340157935e-01
9.474445909792192921e-01
9.535902091328213315e-01
9.496067781479012870e-01
9.475826652437523423e-01
9.355294946709252768e-01
9.336305392403808634e-01
9.250006907291580260e-01
9.290224576678439705e-01
9.210731294648107914e-01
9.259636775335424730e-01
9.239298931503191481e-01
9.198623074376576225e-01
9.118437807171866361e-01
9.019031022835761746e-01
8.855137301944765449e-01
8.877819253951053646e-01
8.857891243231227341e-01
