2.250000000000000056e-01
9.043121404783512063e-02
1.641685911328088221e-01
2.177763989085069740e-01
2.674413416368481844e-01
2.697649709252869510e-01
3.318291338337815422e-01
3.252922250723527808e-01
3.148062509052615976e-01
3.386635901584434394e-01
3.051185003568259169e-01
3.165183193149439522e-01
3.132436694657944609e-01
3.431642971808005482e-01
3.805526533731053984e-01
4.009841160835556639e-01
4.041732435420251068e-01
3.885215752783725551e-01
4.102829465760985950e-01
4.253241104257648453e-01
4.384632224162933745e-01
4.504670636997257227e-01
4.921718169341025018e-01
5.227586034004937376e-01
5.610705269636802051e-01
7.817504801459025376e-01
8.248400444088802574e-01
9.124296812729653094e-01
9.310592834424722408e-01
1.031766366271396729e+00
1.032565451013850000e+00
1.079073050915714038e+00
1.082219512302108111e+00
1.122100881763447910e+00
1.164494756599450342e+00
1.186489002937672899e+00
1.179457379874211176e+00
1.163874656269456187e+00
1.157183361258629972e+00
1.191239276797534830e+00
1.193456743248586083e+00
1.199395767850092609e+00
1.193838114151412055e+00
1.202804606576630464e+00
1.218357414047678722e+00
1.216879546847420057e+00
1.215193792175772725e+00
1.235409465424826880e+00
1.267430360748772245e+00
1.268475471596584914e+00
1.259885680947322895e+00
1.249331534557731604e+00
1.243693503478310758e+00
1.235442204214813433e+00
1.237448831520170600e+00
1.244945324242394680e+00
1.263199622416308898e+00
1.268166549736424731e+00
1.275568896727476531e+00
1.301610242964002628e+00
1.296631796039090734e+00
1.279002180396902721e+00
1.267926272267158483e+00
1.240416369752618042e+00
1.205344120313107448e+00
1.155523401435730513e+00
1.114841358599869769e+00
1.076045750834607073e+00
1.018016942505934441e+00
9.762996086609108115e-01
9.161371192435188160e-01
8.676246164661692850e-01
8.396261383886186591e-01
9.151837368276750651e-01
9.791591077022505640e-01
1.101024211134625119e+00
1.149475699770405868e+00
1.169735139640734722e+00
1.210555703562016916e+00
1.219898043568069967e+00
1.222744169754640842e+00
1.223115706442616135e+00
1.218317206882655324e+00
1.256125023464859325e+00
1.236971561230702621e+00
1.219584623236428911e+00
1.191680259939045916e+00
1.170868230353548034e+00
1.121179605456210426e+00
1.111808969092117794e+00
1.107460519531501930e+00
1.092530151686851303e+00
1.086273177808932511e+00
1.058388154144907389e+00
1.041794804238213246e+00
1.028383743007579953e+00
1.031891055385778300e+00
1.042868783223388940e+00
1.036582755752800900e+00
1.061937097214967096e+00
