2.250000000000000056e-01
0.000000000000000000e+00
0.000000000000000000e+00
0.000000000000000000e+00
0.000000000000000000e+00
0.000000000000000000e+00
7.922912370899483359e-02
1.067548282411153460e-01
1.369234977978078249e-01
1.317070280434113616e-01
1.468895474532827816e-01
1.573403773734280142e-01
1.819157209119058871e-01
2.159667447082875835e-01
2.046148465332888466e-01
2.188337654941709676e-01
2.141209335910796707e-01
2.390673238627875619e-01
2.455564102107284652e-01
2.588792931856540580e-01
2.811079233988935666e-01
2.999912353498647710e-01
3.204256286484420957e-01
3.445305504882117953e-01
3.656342131330312384e-01
3.746211927133530351e-01
4.133179526877459042e-01
4.213470325501125213e-01
4.592928072762642033e-01
4.900197145614638705e-01
5.096752854333181926e-01
5.340434091165829900e-01
5.773332430948378002e-01
6.140492265390501414e-01
8.104026566413069510e-01
8.853139089126920158e-01
9.135834853766214847e-01
9.335970725374670431e-01
9.600054006777553051e-01
9.889204510597898734e-01
9.962939491694872141e-01
9.962098485642070234e-01
9.937954199524933196e-01
9.810677852909704955e-01
9.516328516354883860e-01
9.200515804115725338e-01
8.993388783656016683e-01
8.677972025784833621e-01
8.323476962650570021e-01
8.143921076115775426e-01
8.006414225915362559e-01
7.944518969170366596e-01
7.490785783453255409e-01
6.980498333361981889e-01
6.726582957917845995e-01
6.692295709317783725e-01
6.711935885493816034e-01
6.713085066572305193e-01
6.995544111443746660e-01
7.294770133323734695e-01
7.415876170151396440e-01
7.713929624169229005e-01
7.784167120615055335e-01
8.082158423541806469e-01
8.379888382866461649e-01
8.319276477529842229e-01
8.141305230654142244e-01
8.004172295192318876e-01
7.781445894150555986e-01
7.525079419419649085e-01
7.390232378032839389e-01
7.210658996250446373e-01
7.132103122987055732e-01
7.335486182680327483e-01
7.264619812702045598e-01
7.311092998646291363e-01
7.301092155041047915e-01
7.379841968454000645e-01
7.568444015502948652e-01
7.722270915521532997e-01
8.045386213297626155e-01
8.264761045082089641e-01
8.450203549309891482e-01
8.669223134179936396e-01
8.685986813111291616e-01
8.730470121545899076e-01
8.790401998571272246e-01
8.902674581262809417e-01
8.996730242982334813e-01
9.078093083450228251e-01
9.025067981055587829e-01
8.984241727842142700e-01
8.885413410173884641e-01
8.707080753227004477e-01
8.564990857909342559e-01
8.303942469509351110e-01
8.306953280980350351e-01
8.228014020084665203e-01
8.293408551588526967e-01
8.275832597551215919e-01
