2.250000000000000056e-01
0.000000000000000000e+00
0.000000000000000000e+00
0.000000000000000000e+00
0.000000000000000000e+00
2.740706396009032209e-01
2.753278361192011969e-01
2.821747085619434325e-01
3.005693714995650301e-01
3.167091960054822519e-01
3.237423719600922012e-01
3.475044194310668577e-01
3.633991216598914109e-01
3.835914109805114158e-01
3.954053853257604167e-01
4.227480484662866078e-01
4.347053087094440715e-01
4.396778127372240608e-01
4.481553124960782619e-01
4.748952514937304081e-01
4.897118154471686302e-01
5.039354185143156695e-01
5.180332420458900744e-01
5.391760730603520901e-01
5.417966319753858562e-01
5.471765909597208211e-01
5.690723620916224856e-01
5.641789856460007746e-01
5.816531656904422309e-01
5.848894283202807909e-01
6.049787316235656354e-01
6.271055748521737749e-01
6.304607968633501036e-01
6.569255004706828771e-01
6.770365245022142986e-01
6.877581115305591020e-01
7.148756494430213992e-01
7.411049919316652357e-01
7.580448496517124823e-01
7.905869621527925606e-01
8.118378554963285865e-01
8.387746642062002822e-01
8.608548308292297557e-01
8.769901506902221255e-01
8.579178036460894941e-01
8.381773734429622813e-01
8.094803582309622048e-01
8.016502553706487122e-01
7.941297238376616718e-01
8.038807876667934949e-01
8.134611910699357518e-01
8.221381057813270665e-01
8.278529322970735738e-01
8.322632782712451327e-01
8.278441770000968258e-01
8.240076999112277978e-01
8.259131342975101209e-01
8.154290161537273152e-01
8.165027945048768387e-01
8.015119805760508864e-01
8.175296530472291323e-01
8.169433117892840324e-01
8.108877728680355945e-01
8.004495575234586990e-01
7.919710631631168285e-01
7.825357233604235407e-01
7.800965848293562876e-01
7.846165700026394019e-01
7.867097613232167941e-01
7.839517658365509067e-01
7.823154699417913527e-01
7.766854861323959636e-01
7.793523480062329867e-01
7.790671164892029044e-01
7.900745709134292527e-01
7.910201900155106047e-01
7.914093669611445003e-01
7.805720841387967512e-01
7.813053524858989407e-01
7.818589365356611864e-01
7.773087915601574194e-01
7.779502776861239033e-01
7.854172046866800816e-01
7.899028479110525858e-01
7.929256215221935911e-01
8.010580146642840571e-01
8.014245948798477404e-01
7.904082503474654242e-01
7.857679677654877404e-01
7.877578683071613241e-01
7.941007209138277734e-01
7.972060262158017219e-01
7.997841785477292076e-01
8.027489580202966657e-01
8.007371603249666681e-01
8.032941857289367382e-01
7.999139520898437272e-01
7.987329099141580180e-01
8.000472920781998010e-01
8.014383610608771802e-01
