2.250000000000000056e-01
1.832054208916729376e-01
2.707572875074150121e-01
5.262991118411871616e-01
6.062487217209501233e-01
6.468669191569523802e-01
6.460055015354285723e-01
5.939421074378826715e-01
5.680448954579284671e-01
6.338683399116517014e-01
6.646407998697063668e-01
6.621623384481419849e-01
6.809030668074040893e-01
7.037511470798021307e-01
6.898534083561023156e-01
7.192775538777982369e-01
7.122060409852659646e-01
7.204574771571310432e-01
7.162537563900317483e-01
7.225654744613626557e-01
7.321559986983815493e-01
7.423997402036306426e-01
7.455439344479081187e-01
7.415493057411380873e-01
7.412104865171903478e-01
7.379067580358478207e-01
7.391547000668973189e-01
7.417547142743132760e-01
7.450551387791125579e-01
7.559935491642133520e-01
7.605123607899865190e-01
7.586718092946023173e-01
7.550249446291974476e-01
7.530655784280113618e-01
7.434274427370410887e-01
7.410895065779100621e-01
7.452652460568779391e-01
7.377348591200453276e-01
7.363515191696807793e-01
7.345184931238920578e-01
7.318040289979204083e-01
7.331799664843560160e-01
7.300789421115119193e-01
7.265422127789049611e-01
7.274296082720086432e-01
7.259634665129105491e-01
7.289063465888296900e-01
7.354489698314712331e-01
7.418424436572669256e-01
7.438618875793183705e-01
7.422997402788131804e-01
7.396987577005662562e-01
7.400734243348867647e-01
7.420069691260084976e-01
7.456919702905765446e-01
7.478555128629924553e-01
7.521154419100691824e-01
7.565051674890924671e-01
7.569654251435200543e-01
7.556971142700977806e-01
7.557729742872086875e-01
7.541905966518822613e-01
7.532088153905412975e-01
7.544947956821494994e-01
7.535423882499517889e-01
7.514533224524241328e-01
7.498858074310066346e-01
7.492978039075071095e-01
7.476324201564975569e-01
7.469384420243125877e-01
7.476333931683047940e-01
7.461615863378507907e-01
7.477762471504542097e-01
7.475907100558641938e-01
7.483867644940275232e-01
7.483862334432253016e-01
7.506058745596977388e-01
7.498557122514898365e-01
7.494649335961715009e-01
7.447820054249492117e-01
7.408078722270255989e-01
7.453551238682648572e-01
7.461344220323404830e-01
7.449906100159471301e-01
7.451303938716898889e-01
7.428572325608385762e-01
7.439393195689447680e-01
7.402900495004945958e-01
7.425603171665173807e-01
7.422658249060118951e-01
7.460719541466582783e-01
7.442442340360148068e-01
7.452733140504635978e-01
7.483328403075696356e-01
7.498909931701904785e-01
7.480856634142629691e-01
7.471698704105523836e-01
7.487678063384048954e-01
7.479367624968470407e-01
7.510684578593388450e-01
