2.250000000000000056e-01
0.000000000000000000e+00
8.487373080571454509e-02
8.487692948661532122e-02
8.489365745691410114e-02
1.507687723515964417e-01
1.469474947578093826e-01
1.481671451903244230e-01
1.492114447721838155e-01
1.560972491820259433e-01
2.069987210177844095e-01
2.082798685386213211e-01
2.103778213632099547e-01
2.120928739800357621e-01
2.134716811065618114e-01
2.214487026642729395e-01
2.862540660726743402e-01
2.897099950715123495e-01
2.827400948409613535e-01
2.779261292266292926e-01
2.887667756814050191e-01
3.502240168352958594e-01
3.560623647188584928e-01
3.613419426151719960e-01
3.624680659185160470e-01
3.638398814187987496e-01
3.654519939638733450e-01
4.428663713411227776e-01
4.358937109713894587e-01
4.261423329610841138e-01
4.276876743381375356e-01
4.313424250596717413e-01
4.318456988661675267e-01
5.032441085045373796e-01
5.081880605878082990e-01
5.124938758860627663e-01
5.161820084262223052e-01
5.211447711132712879e-01
6.279380823987977811e-01
5.995683571219423413e-01
6.045426118431797002e-01
5.636486517058376666e-01
5.622597179633301856e-01
5.642498872736564364e-01
6.666437335965469391e-01
6.741612770072854532e-01
6.810193418916938857e-01
6.696832974369604230e-01
6.439973858105926263e-01
7.535182661860325704e-01
7.336328797687754477e-01
7.356282459871703594e-01
7.084698197818430909e-01
8.368360258725923151e-01
8.315163399081458850e-01
8.284752190317953291e-01
7.792333934440934806e-01
8.940289523146305317e-01
9.031503227575339299e-01
9.115093387095669630e-01
9.190367134177225283e-01
1.002592142167554989e+00
1.013139309170947966e+00
1.022192205577776569e+00
9.094082368705557196e-01
1.039046857823398007e+00
1.024385596583933467e+00
1.135863602000660499e+00
1.147001931577245282e+00
1.157080615828492309e+00
1.298212901983121892e+00
1.237528612636334069e+00
1.326360556398974211e+00
1.415451470122032873e+00
1.399642813178460177e+00
1.480569086017085256e+00
1.601755239387011143e+00
2.088914167240420561e+00
2.144614250442922199e+00
2.214208526188240711e+00
2.202844100170575636e+00
2.257159082707687947e+00
2.268725316541550185e+00
2.176315338945743250e+00
2.217282471156729606e+00
2.217595572315378405e+00
2.217652826672742883e+00
2.045877181364929687e+00
2.003143914644382129e+00
2.039195029620022748e+00
1.993612345293591881e+00
1.908837077793498871e+00
1.863900717479557212e+00
1.788435890254805427e+00
1.708464403696979383e+00
1.762545420031225163e+00
1.782220761733111836e+00
1.838354653636663727e+00
1.828713613307179742e+00
1.833075857442726164e+00
