2.250000000000000056e-01
0.000000000000000000e+00
0.000000000000000000e+00
0.000000000000000000e+00
0.000000000000000000e+00
9.367483781727320435e-02
9.367507702599857378e-02
1.367386742909795505e-01
1.377689532699760411e-01
1.783278013265097994e-01
1.556120975339786161e-01
1.948226656334203499e-01
2.042275316995596779e-01
2.100521411344210276e-01
2.524935003427669633e-01
2.664534085199196101e-01
2.876042803675984971e-01
3.205037855014285508e-01
3.230565548587580049e-01
3.609888659867018790e-01
3.917902619805300191e-01
4.022796845054599779e-01
4.374561986777114053e-01
4.574646840432460282e-01
4.637530201176789380e-01
4.775980311205754170e-01
5.269074226773813319e-01
5.249440686814038637e-01
5.020780149797910985e-01
5.409327773403165285e-01
5.282920690727380686e-01
5.360844693422915919e-01
5.144263211097539479e-01
5.267881731941063128e-01
5.264198371479976712e-01
5.558144382412251172e-01
5.963234002025679104e-01
5.916174852504604287e-01
6.015727681581027886e-01
1.168192027008070122e+00
1.284712186727658745e+00
1.329136705217673020e+00
1.339930803063119180e+00
1.384162318746867903e+00
1.286440134679523561e+00
1.274120261894863271e+00
1.231159690305131171e+00
1.186412098091535805e+00
1.179802392201036554e+00
1.143434592870878896e+00
1.110632524647483965e+00
1.153001583472446523e+00
1.317945466085516326e+00
1.313196184176607550e+00
1.345928600136467645e+00
1.339019962602468583e+00
1.350024805384538729e+00
1.418804908091217953e+00
1.443763375146055683e+00
1.427977239022979017e+00
1.518734174249344093e+00
1.538477378502428827e+00
1.600191801940915370e+00
1.661729544464016772e+00
1.659781876237332421e+00
1.691000281101570524e+00
1.725025817018971841e+00
1.762286114202532117e+00
1.790964065664309102e+00
1.797251531749965103e+00
1.825744412292307661e+00
1.846171619674334297e+00
1.880919370148697034e+00
1.893126288057331630e+00
1.909106762135662105e+00
1.899200145509146287e+00
1.904791478817831729e+00
1.896028518440076915e+00
1.881756417309069951e+00
1.835729509595796394e+00
1.863365111608076718e+00
1.866293432806006347e+00
1.875094856220202999e+00
1.895120690719079182e+00
1.888995488309147763e+00
1.920777185529115139e+00
1.873493117474253067e+00
1.866820027770897727e+00
1.801724800301593765e+00
1.831610051248772519e+00
1.811345624902763740e+00
1.803035538576872820e+00
1.763793233075777067e+00
1.790457159785899810e+00
1.815652337116395509e+00
1.780485140354596485e+00
1.781865554355515302e+00
1.767980245541142192e+00
1.715258172541191728e+00
1.691414220097282817e+00
