2.250000000000000056e-01
0.000000000000000000e+00
0.000000000000000000e+00
0.000000000000000000e+00
0.000000000000000000e+00
0.000000000000000000e+00
0.000000000000000000e+00
0.000000000000000000e+00
0.000000000000000000e+00
0.000000000000000000e+00
0.000000000000000000e+00
1.276862708466565577e+00
1.266740033062702997e+00
1.358467562521861405e+00
1.344207905154595206e+00
1.366710192908422661e+00
1.345778878475799578e+00
1.386415126018494925e+00
1.480144238914072208e+00
1.557108115716099750e+00
1.573309608578739027e+00
1.600334849959172745e+00
1.641027028772272134e+00
1.649083296826402201e+00
1.650441619784340119e+00
1.671557331043829864e+00
1.674127595318518846e+00
1.690852190292677637e+00
1.674680652356142163e+00
1.647614258051147029e+00
1.636019903951013266e+00
1.644067594858493075e+00
1.654565951926986189e+00
1.676290516329863811e+00
1.680401609123687967e+00
1.691023124436252134e+00
1.678198801940874230e+00
1.648784065435070945e+00
1.646084791775907830e+00
1.611659690897055297e+00
1.620692529079791333e+00
1.603285231006644551e+00
1.590171281707249751e+00
1.598588936986362841e+00
1.603765554440761854e+00
1.603485767873106038e+00
1.600911532911464041e+00
1.592514227315253272e+00
1.590661302983569447e+00
1.582749012327567595e+00
1.594169538070749459e+00
1.592315298561096659e+00
1.607050936261280816e+00
1.606405362636590173e+00
1.616445403313597984e+00
1.635304697789418782e+00
1.629563577312781897e+00
1.620537934973731442e+00
1.621063523300647624e+00
1.613752244247439682e+00
1.610982445232042704e+00
1.602411683873189885e+00
1.606436848396094241e+00
1.603732824355907916e+00
1.597357480204509184e+00
1.567786738469420404e+00
1.558869419535950929e+00
1.569611642186337308e+00
1.559309560512462278e+00
1.550111599527283834e+00
1.545282858584022367e+00
1.533113358343304755e+00
1.522938873793486358e+00
1.523156325398152822e+00
1.528461386470189698e+00
1.543694387302913640e+00
1.558338628687010008e+00
1.578814790675676427e+00
1.597010315257440638e+00
1.597769699605696037e+00
1.589551816771746173e+00
1.587085188575831030e+00
1.586456270631225518e+00
1.577753573767020745e+00
1.574630962519581789e+00
1.580314874113927681e+00
1.579564997409638849e+00
1.587293530941816799e+00
1.585152784453266461e+00
1.597279247645362110e+00
1.596438434085403202e+00
1.596662566666553262e+00
1.595885785116362809e+00
1.596585109118644930e+00
1.594829497669925100e+00
1.587190919368990816e+00
1.601094013539151151e+00
1.607381406953504399e+00
1.607730918643595519e+00
1.605261159614969735e+00
