2.250000000000000056e-01
0.000000000000000000e+00
0.000000000000000000e+00
0.000000000000000000e+00
0.000000000000000000e+00
0.000000000000000000e+00
4.126537820923722455e-01
5.374074978366957245e-01
7.807069361821427078e-01
9.487039193370386814e-01
7.896603333004061920e-01
8.671227827945608979e-01
8.867253233899967668e-01
8.452140660004635597e-01
8.471986292078763636e-01
8.175678206644387824e-01
8.281451628859707315e-01
8.729238452091568901e-01
8.947723903555215852e-01
9.094664196834226777e-01
8.896400684825854777e-01
9.020262982208385738e-01
9.217195291073863039e-01
9.313671696471421679e-01
9.683028804420277247e-01
9.503062216786655192e-01
9.619871946709914745e-01
9.529812282827261338e-01
9.274233987904482168e-01
9.246639478301028614e-01
9.138366304784835137e-01
9.128640775994720791e-01
9.088384539340390589e-01
9.080361654395475712e-01
9.087188176705449649e-01
8.979786194608816441e-01
8.958388039420285276e-01
8.962666722053664881e-01
8.917402296800006622e-01
8.878522590040158757e-01
8.973184585089837295e-01
9.031772439109778672e-01
9.015991845233571889e-01
9.067139741011019938e-01
9.172805348198641573e-01
9.196855854992175283e-01
9.137040927670336821e-01
9.192439392129921893e-01
9.045076764321160478e-01
9.017784911865287523e-01
8.990676800369092891e-01
8.964948493596069934e-01
8.932029059287649453e-01
8.869040326942185803e-01
8.822209434327582533e-01
8.784000618099616631e-01
8.711884836340878513e-01
8.786302255157270036e-01
8.755279255691815754e-01
8.837857877680707075e-01
8.886837526794222342e-01
8.934668553805328317e-01
8.957280848890771807e-01
8.929393207022677803e-01
9.069750812891009817e-01
9.097140644501578999e-01
9.190929292232873360e-01
9.268741874477025577e-01
9.282410101658681301e-01
9.326709614472422638e-01
9.247877677809316355e-01
9.191896847298474116e-01
9.153855532898718117e-01
9.103622339640866645e-01
9.146877573361424929e-01
9.110969497386102178e-01
9.155050584269848191e-01
9.118122738780861658e-01
9.114415690071164811e-01
9.057793435438115104e-01
8.984498161461443866e-01
8.849663065515249727e-01
8.846627934026558560e-01
8.825771098838901541e-01
8.799544707339385097e-01
8.714760311381745117e-01
8.722217318349189119e-01
8.811058909136834094e-01
8.855193867044046652e-01
8.872682023939107987e-01
8.865821680049593700e-01
8.814908143229880366e-01
8.837951286961468478e-01
8.853300458309407706e-01
8.788301495419491571e-01
8.814404374278871357e-01
8.746717178242611190e-01
8.777884386317909016e-01
8.797864437977785945e-01
8.835006396765948677e-01
