2.250000000000000056e-01
0.000000000000000000e+00
1.241958700406849414e-01
1.603375074336704509e-01
1.602411046854176901e-01
2.240648864930629147e-01
2.089585265418610338e-01
2.096658892079130976e-01
2.600605803107795544e-01
2.606716045491799805e-01
2.625770052693102707e-01
2.754195906540688465e-01
3.042614062446017398e-01
3.067165792666669000e-01
3.007848977453591033e-01
3.047236298712801550e-01
3.144889388999074775e-01
3.471557490487897635e-01
3.495494454310696941e-01
3.585671394897215203e-01
3.613656634003232782e-01
3.993147759064025193e-01
3.887653824269437508e-01
3.861415872751990386e-01
4.013726780831129992e-01
4.059913519108001578e-01
4.362026907391235442e-01
4.307100788657560186e-01
4.258037979011771723e-01
4.462196774219538420e-01
4.335444825990421025e-01
4.697901379041590775e-01
4.679303364036651591e-01
4.730756086660407034e-01
4.785976969626228872e-01
5.176185621628026645e-01
5.089849927588880885e-01
5.160581882585031366e-01
5.291805818102768288e-01
5.395147298575821981e-01
6.258354315027109260e-01
6.331885700265236228e-01
6.773998571900244903e-01
7.036116089569374177e-01
7.606885731695571806e-01
7.706782482907958975e-01
7.869109099897195758e-01
8.031462318320158333e-01
9.122191994910102686e-01
9.510384263202226185e-01
9.625636403964598076e-01
9.984643008795898167e-01
9.807339048240842905e-01
9.182828034733798717e-01
9.044870262569250086e-01
8.792018381855493114e-01
8.981830506038159800e-01
9.003335850387121919e-01
9.085209768961969301e-01
9.330368822337717916e-01
9.308916542397476235e-01
9.496564037775477862e-01
9.739407470649957821e-01
9.796890298164964150e-01
1.009906233045318347e+00
1.039086763334320818e+00
1.059601184672804175e+00
1.063284945959567462e+00
1.067540797848155254e+00
1.095662486495142085e+00
1.121022318715310551e+00
1.125747607513102766e+00
1.122946323000397317e+00
1.131777720380020336e+00
1.120449295468305184e+00
1.129303543972156820e+00
1.133072753463764792e+00
1.135431256642959186e+00
1.120231661626523545e+00
1.133361609057257136e+00
1.144675848630825277e+00
1.168558005913643560e+00
1.162273571306729369e+00
1.144122996521223401e+00
1.138611775079374500e+00
1.140035295522599634e+00
1.166454445797989514e+00
1.178610715247143226e+00
1.180181185429724389e+00
1.169350878819730211e+00
1.164231545814203628e+00
1.155516243941368648e+00
1.164355712769534312e+00
1.172780355849519784e+00
1.148152907343870988e+00
1.161643629447471238e+00
1.169024376857218606e+00
1.171512305939045540e+00
1.183453773970166489e+00
1.183615052677020385e+00
