2.250000000000000056e-01
0.000000000000000000e+00
0.000000000000000000e+00
0.000000000000000000e+00
0.000000000000000000e+00
9.186820869840926773e-02
1.189482019526711815e-01
1.193064896758538745e-01
1.686844330528192437e-01
1.854669354478580834e-01
1.825460610386005766e-01
2.066530861037590705e-01
1.810104538449385514e-01
2.732970162032056227e-01
2.971334744508248304e-01
3.016532623908109723e-01
4.902343612382385474e-01
6.112950245886314971e-01
7.228053691535321068e-01
8.735727382473447156e-01
8.968842264245117102e-01
1.038572032634616393e+00
1.194229116248594513e+00
1.203080319989902280e+00
1.198764218143613114e+00
1.194089192448213987e+00
1.196598190532034867e+00
1.193035146100791088e+00
1.169078875668035922e+00
1.150347449042151693e+00
1.148961243205809390e+00
1.179245616807366392e+00
1.155733400003951195e+00
1.170696443585062640e+00
1.172635875121770699e+00
1.211453113622489752e+00
1.256334395370315438e+00
1.281702960149807780e+00
1.281975408728357690e+00
1.333573707813027420e+00
1.340322199161827044e+00
1.363308629625352930e+00
1.391506519605607561e+00
1.378738286855020201e+00
1.372086160491558626e+00
1.349220267502806436e+00
1.346832594394715255e+00
1.368798935115714821e+00
1.360123122177518518e+00
1.358336581284416367e+00
1.354071516420956689e+00
1.380814859395332883e+00
1.402809005147312327e+00
1.414886169981760089e+00
1.405950913302141059e+00
1.403966663301188911e+00
1.404365656069652468e+00
1.412409489521697870e+00
1.405134929604747063e+00
1.413278264732534151e+00
1.414556526576606910e+00
1.429694493294430435e+00
1.419871040773549975e+00
1.418577986239054400e+00
1.429062730813867477e+00
1.454590285822368045e+00
1.455205142244094141e+00
1.469452633202240177e+00
1.463261649884452398e+00
1.456723409064076158e+00
1.434804281056842212e+00
1.441781533947900540e+00
1.431106603526079768e+00
1.417223156291743669e+00
1.399039168548305456e+00
1.383788689319592313e+00
1.369602436032793413e+00
1.362649642092524704e+00
1.365075899791182268e+00
1.355618986663819081e+00
1.353885924637440619e+00
1.370220565966500548e+00
1.363625543511206573e+00
1.348170497922714484e+00
1.340129985521175904e+00
1.329853970256806850e+00
1.336339227442078670e+00
1.327751907903115258e+00
1.322080526236412368e+00
1.327318963452563949e+00
1.316470101669126924e+00
1.306253145405066984e+00
1.311573099813081233e+00
1.344409235519959056e+00
1.355965775497359971e+00
1.359079052202276872e+00
1.350467390391831390e+00
1.359732631861773289e+00
1.351211978253505697e+00
1.374125008480291621e+00
