2.250000000000000056e-01
0.000000000000000000e+00
0.000000000000000000e+00
0.000000000000000000e+00
0.000000000000000000e+00
4.114432582148402906e-01
7.536472655534106613e-01
9.712262197067847991e-01
1.026012405695718055e+00
1.008602578378654080e+00
9.831887649330930401e-01
9.975494483583123850e-01
9.613486538207713927e-01
9.515454179493446629e-01
9.225579863088436694e-01
7.979728360835958156e-01
7.158469158811346933e-01
7.014185271505847252e-01
7.263389863196639817e-01
7.871964197539242925e-01
8.148880566760670074e-01
8.495916031909779287e-01
8.657862379640789419e-01
8.355461790642989550e-01
8.362440387718177437e-01
8.430658365842242929e-01
8.488282323578025812e-01
8.554954974071784513e-01
8.653231640901073440e-01
8.614005526962993375e-01
8.511641469128544690e-01
8.388191557543343002e-01
8.370159370565154466e-01
8.349898718495111227e-01
8.389419756631727454e-01
8.434453223442187619e-01
8.477943443603332963e-01
8.537665347682016348e-01
8.582809619545185287e-01
8.552367758775545337e-01
8.653565220229767485e-01
8.802526654588694877e-01
8.903559484562372228e-01
8.916285253745581674e-01
8.954964916839052158e-01
8.953917796550479036e-01
8.952316358597549595e-01
9.031971388334704143e-01
9.066682939826082865e-01
9.084576591991683214e-01
9.134397330050774144e-01
9.087376926169814517e-01
9.045969225284338222e-01
9.024937364911798099e-01
8.980308963393498489e-01
8.902155732702109470e-01
8.845526409785436917e-01
8.813019084612285781e-01
8.799827914902621506e-01
8.799472327745707645e-01
8.850548333762343622e-01
8.838670977072824453e-01
8.816601313693118724e-01
8.859988042159394617e-01
8.865659995746253408e-01
8.911153166657165281e-01
8.928407477080866350e-01
8.979034381881203508e-01
9.082455107413517359e-01
9.207035325075276777e-01
9.356138444255975850e-01
9.358065198182098365e-01
9.395346260983074016e-01
9.482585435513860572e-01
9.545617169874898167e-01
9.557601881029336166e-01
9.499812239683037562e-01
9.468763507361092069e-01
9.433601714017910700e-01
9.397168424221944427e-01
9.343989483785453132e-01
9.228804232700831278e-01
9.104502627139515747e-01
9.044417753325736387e-01
8.996581395575421469e-01
8.956503861266444932e-01
8.919230627668301992e-01
8.877260004431118956e-01
8.875330800012668497e-01
8.871938513321897535e-01
8.895925533524939866e-01
8.876627684394845508e-01
8.830168828284443716e-01
8.871784831193180176e-01
8.877622080691134343e-01
8.829859874578128709e-01
8.806962065794881056e-01
8.822611309764779586e-01
8.783441941244030104e-01
8.764551047017445917e-01
