2.250000000000000056e-01
0.000000000000000000e+00
0.000000000000000000e+00
0.000000000000000000e+00
0.000000000000000000e+00
0.000000000000000000e+00
0.000000000000000000e+00
0.000000000000000000e+00
0.000000000000000000e+00
0.000000000000000000e+00
0.000000000000000000e+00
0.000000000000000000e+00
0.000000000000000000e+00
0.000000000000000000e+00
0.000000000000000000e+00
0.000000000000000000e+00
0.000000000000000000e+00
0.000000000000000000e+00
0.000000000000000000e+00
0.000000000000000000e+00
0.000000000000000000e+00
0.000000000000000000e+00
0.000000000000000000e+00
1.920007515389685837e+00
1.876445464136675678e+00
1.853502135857523436e+00
1.853072403271064150e+00
1.829136538040618598e+00
1.828617797862804428e+00
1.788714779283547385e+00
1.812366484285722779e+00
1.760102296142365352e+00
1.832731409921842358e+00
1.839194293915648037e+00
1.835322925533456440e+00
1.824194890096388910e+00
1.789335665601383907e+00
1.770718034929532836e+00
1.759908849821282484e+00
1.726540156092778444e+00
1.703598961138382162e+00
1.681165433285204180e+00
1.678124415870068331e+00
1.660102738591018978e+00
1.642813182387909299e+00
1.671366038841292090e+00
1.669887088244728979e+00
1.658314006277464170e+00
1.621345712119273141e+00
1.627815021307496002e+00
1.616652338039747283e+00
1.642953768363749845e+00
1.686067131181539835e+00
1.671993632326292278e+00
1.656103454147155984e+00
1.673248230105263135e+00
1.681320045471256464e+00
1.712751413104610210e+00
1.705103624170674514e+00
1.697529975692191329e+00
1.681674985615214446e+00
1.659985049296302861e+00
1.644155031913040022e+00
1.632180826157335174e+00
1.621949062188102086e+00
1.598233961781470036e+00
1.547553023486283319e+00
1.493052902667673987e+00
1.482939318191980771e+00
1.449133233579003255e+00
1.430253996379288850e+00
1.458151336810542986e+00
1.452786897497480023e+00
1.459058620288688157e+00
1.431129909758919627e+00
1.426328247204436739e+00
1.464497052170995461e+00
1.463404317746029415e+00
1.464269837308683764e+00
1.448497236023596590e+00
1.425260825016317678e+00
1.413428648268428400e+00
1.371723171824196230e+00
1.366693353607508321e+00
1.355449631781496356e+00
1.360488716275091381e+00
1.334677015609491812e+00
1.317054065432012422e+00
1.284626806334441262e+00
1.257931339772035750e+00
1.257788681426506683e+00
1.243135276652886478e+00
1.242958977406683818e+00
1.227177182806742595e+00
1.201787466463187348e+00
1.185030110578479512e+00
1.179660386943652384e+00
1.182153438144044610e+00
1.188406154358345290e+00
1.192473945728044216e+00
