2.250000000000000056e-01
0.000000000000000000e+00
1.717987740800432261e+00
1.704016289414704399e+00
1.700686856061282226e+00
1.694877766778749351e+00
1.672864478462168680e+00
1.671161710783561016e+00
1.668146790857877759e+00
1.659263950532819498e+00
1.633146607377320425e+00
1.629744646097789573e+00
1.628146796189364753e+00
1.621731625265951493e+00
1.591882856836826621e+00
1.585101424319280694e+00
1.584890905239982661e+00
1.521975869174096552e+00
1.426500356225435473e+00
1.401679229106966407e+00
1.326854665105937414e+00
1.247591334255111262e+00
1.175108281626149775e+00
1.112008933573618963e+00
1.105033879972224353e+00
1.156699161938940179e+00
1.113111157497660431e+00
1.166506653677434668e+00
1.173433790729810244e+00
1.149405752362024247e+00
1.108488989060128604e+00
1.065111808575799124e+00
1.038795396253070269e+00
9.625642852864725318e-01
9.336538955060439404e-01
9.281025374067408684e-01
9.733967899856337258e-01
1.122241265480688366e+00
1.166053508317191234e+00
1.199306154635627397e+00
1.232675085559859829e+00
1.228941461046891837e+00
1.211424048107743845e+00
1.212535995832921820e+00
1.230749781155849876e+00
1.240455019924402658e+00
1.227114671352953934e+00
1.196053505940408268e+00
1.173565019009192190e+00
1.151260055840768404e+00
1.121952538569032543e+00
1.092956679999492309e+00
1.064463593753037340e+00
9.961861833291089097e-01
9.333331220451138721e-01
9.118251564401891329e-01
8.843919501208675760e-01
8.593374852261145280e-01
8.694197012668603008e-01
9.102748204879687055e-01
1.007311398223562859e+00
1.030553702909242419e+00
1.019345277616710455e+00
1.051076721500920463e+00
1.069091651479030736e+00
1.092514822701332600e+00
1.121061210065424030e+00
1.175604625401756254e+00
1.198718374466181791e+00
1.228710027740254507e+00
1.218163248953052280e+00
1.202767206010329160e+00
1.184615211529290946e+00
1.176333084723635736e+00
1.163571971993060616e+00
1.169942902150995501e+00
1.157550539995422900e+00
1.210319783098332325e+00
1.206625248904957814e+00
1.185840860977999567e+00
1.168582417449033573e+00
1.156138765479207242e+00
1.150043137356575818e+00
1.148392611609770020e+00
1.154704599746433358e+00
1.174677459924588607e+00
1.185530431311484723e+00
1.212697446018971226e+00
1.235476026106540060e+00
1.247015153507404328e+00
1.251468206147382745e+00
1.241666645599620367e+00
1.251057142298064528e+00
1.247638639950833239e+00
1.249336020096391442e+00
1.249177555155748243e+00
1.253297741007033395e+00
1.256433017402783570e+00
1.280098154248683562e+00
1.319795593525278310e+00
