2.250000000000000056e-01
0.000000000000000000e+00
1.445995077223126701e+00
1.413497688397217233e+00
1.467520952401420553e+00
1.445985834140400383e+00
1.420108380435038065e+00
1.393542958283473521e+00
1.321751776570430970e+00
1.264178090219003181e+00
1.203180471330718149e+00
1.160132098145665092e+00
1.120695852770461798e+00
1.096884384565341319e+00
1.104955729560053612e+00
1.105134496084988927e+00
1.131560792485493794e+00
1.157809979804516720e+00
1.202255762030514319e+00
1.220526131175545759e+00
1.233340334053021126e+00
1.229738933225456909e+00
1.193858269364435731e+00
1.174202650562355954e+00
1.167154336249336621e+00
1.166172130180604505e+00
1.192360811880390781e+00
1.202840693523540949e+00
1.193712316300366894e+00
1.194613686560738408e+00
1.190632585338514682e+00
1.177416159209517366e+00
1.164559224339808186e+00
1.142806123936060958e+00
1.132321843459317412e+00
1.145850498424016317e+00
1.159446031180339842e+00
1.178257478422067184e+00
1.191596610484041641e+00
1.194914118408562986e+00
1.193794820708134141e+00
1.197217873697767665e+00
1.201320917327477700e+00
1.209698010232477028e+00
1.212210187606730827e+00
1.214434158963767496e+00
1.216380729411871142e+00
1.218062948295591363e+00
1.219497351570577370e+00
1.220704298610596261e+00
1.221707236312312705e+00
1.241107184551101694e+00
1.293805768822500202e+00
1.205254800024097905e+00
1.133895880222548946e+00
1.088734085947877794e+00
1.087877899752431210e+00
1.110540487047720015e+00
1.134618555690503294e+00
1.142760801480044774e+00
1.166288462298694428e+00
1.180164667120990218e+00
1.195500187480975196e+00
1.200651526672868119e+00
1.194951684332814734e+00
1.206035573494321333e+00
1.208912720858231316e+00
1.210388472432154972e+00
1.211620853185910285e+00
1.212645142167661616e+00
1.213490630218310384e+00
1.214183958312933909e+00
1.214748270529807828e+00
1.215204383532226595e+00
1.215572423114425815e+00
1.215866684668681419e+00
1.216100375054933957e+00
1.216286723635753519e+00
1.216428576328037137e+00
1.216540560420164452e+00
1.216631134282242677e+00
1.216702040252649386e+00
1.216758849610811488e+00
1.216807099923861379e+00
1.216853160830051017e+00
1.216905668967481313e+00
1.216943387688767864e+00
1.216970760705131216e+00
1.216971267137800572e+00
1.216943171372198984e+00
1.216940985207873860e+00
1.514020641305935611e+00
1.314931921232096235e+00
1.364400907669507834e+00
1.378178039796604137e+00
1.333417136930032276e+00
1.228529013586549867e+00
1.147802731449830693e+00
1.146313746667197542e+00
1.126067358857459455e+00
