2.250000000000000056e-01
0.000000000000000000e+00
0.000000000000000000e+00
0.000000000000000000e+00
0.000000000000000000e+00
0.000000000000000000e+00
0.000000000000000000e+00
0.000000000000000000e+00
0.000000000000000000e+00
0.000000000000000000e+00
0.000000000000000000e+00
0.000000000000000000e+00
0.000000000000000000e+00
0.000000000000000000e+00
0.000000000000000000e+00
0.000000000000000000e+00
0.000000000000000000e+00
0.000000000000000000e+00
0.000000000000000000e+00
0.000000000000000000e+00
0.000000000000000000e+00
0.000000000000000000e+00
0.000000000000000000e+00
0.000000000000000000e+00
0.000000000000000000e+00
0.000000000000000000e+00
0.000000000000000000e+00
0.000000000000000000e+00
0.000000000000000000e+00
0.000000000000000000e+00
0.000000000000000000e+00
0.000000000000000000e+00
0.000000000000000000e+00
0.000000000000000000e+00
0.000000000000000000e+00
0.000000000000000000e+00
0.000000000000000000e+00
0.000000000000000000e+00
0.000000000000000000e+00
0.000000000000000000e+00
0.000000000000000000e+00
0.000000000000000000e+00
0.000000000000000000e+00
0.000000000000000000e+00
0.000000000000000000e+00
0.000000000000000000e+00
0.000000000000000000e+00
0.000000000000000000e+00
0.000000000000000000e+00
0.000000000000000000e+00
0.000000000000000000e+00
0.000000000000000000e+00
0.000000000000000000e+00
0.000000000000000000e+00
0.000000000000000000e+00
0.000000000000000000e+00
0.000000000000000000e+00
0.000000000000000000e+00
0.000000000000000000e+00
0.000000000000000000e+00
1.094328712165101442e-01
1.331400936513882360e-01
1.953150481927438120e-01
1.969757320561813518e-01
2.651609453232849911e-01
2.594882225807853549e-01
2.494714856981749551e-01
2.802590164457538502e-01
2.847995723263273549e-01
2.860719871071179532e-01
3.273038287834028615e-01
3.397718721393735430e-01
3.454051323674109941e-01
3.628328630298301993e-01
3.541954410066407433e-01
3.442148882152855638e-01
4.168149590983235564e-01
4.031960581659609355e-01
4.036836961697753412e-01
4.287161667007653443e-01
4.548181711347081269e-01
4.582378562670781919e-01
4.606211136680569140e-01
4.697591729756905310e-01
4.937268192176572645e-01
5.327920590986769955e-01
5.322635359767521335e-01
5.389479840015112266e-01
5.467238108178874567e-01
5.858535077738716845e-01
6.033763615065390606e-01
6.121558430749792779e-01
6.119611252135938040e-01
6.241996977675957625e-01
6.708155684058111357e-01
6.675622267276057897e-01
6.926867441634846356e-01
6.889617959402924985e-01
7.056721901091770333e-01
7.184755491354223311e-01
