2.250000000000000056e-01
0.000000000000000000e+00
4.281853248980458937e-01
4.991694283677634014e-01
5.793152515704614869e-01
7.254248390080075826e-01
7.579740494135330797e-01
8.106786348876291459e-01
9.353892973687130130e-01
9.609540792659672093e-01
1.007949593075812444e+00
1.019393481903493326e+00
1.046295600175574547e+00
1.036109289709317371e+00
1.090745202212469511e+00
1.138734143516993091e+00
1.171280930348385541e+00
1.194172856202216471e+00
1.204180740711667141e+00
1.256391459195046245e+00
1.277706026633898206e+00
1.270810576624195942e+00
1.207411725075058895e+00
1.108334083415540849e+00
1.074329803131836014e+00
1.086205877503424899e+00
1.080620153594901378e+00
1.095620036726810742e+00
1.130322595966251287e+00
1.163758834682727894e+00
1.168039435354149225e+00
1.177677324358526123e+00
1.187373072729536849e+00
1.130486820829329719e+00
1.125254760563410228e+00
1.106367328438947473e+00
1.110489734507783544e+00
1.114461610040006434e+00
1.119858614816481079e+00
1.132659485720503678e+00
1.132584398319805619e+00
1.134470729539260647e+00
1.133069607040808169e+00
1.137364931010456770e+00
1.142766444487900213e+00
1.142073491977648958e+00
1.143307128778349613e+00
1.140691625601220505e+00
1.153552107956685946e+00
1.145640867984862421e+00
1.140328169052868601e+00
9.903318599924334498e-01
9.679561513852413812e-01
9.317779412561034702e-01
9.626407680162494263e-01
9.769045434878148582e-01
9.955207053095060932e-01
1.077624797648627730e+00
1.054308483458705092e+00
1.025575772690772824e+00
1.017036269289150141e+00
1.010327018438884616e+00
1.041086481807803388e+00
1.091842201402594803e+00
1.103621885194417285e+00
1.114850705781069706e+00
1.100685108960181235e+00
1.080059643079245291e+00
1.054401800963083558e+00
1.061721757944140698e+00
1.081066314572475262e+00
1.098866348008275429e+00
1.114644690773961999e+00
1.135115605945424377e+00
1.123903917836103661e+00
1.129536470297565209e+00
1.148255855155961846e+00
1.169112872673403025e+00
1.171786192252932013e+00
1.161461206156888748e+00
1.158063538445686769e+00
1.148159511881494454e+00
1.153134888563801752e+00
1.160734994097637252e+00
1.160792606125709892e+00
1.174674486884406566e+00
1.172967425043987433e+00
1.153931946353009996e+00
1.153485505439616920e+00
1.144393397252670086e+00
1.130553111615912654e+00
1.127635548261171516e+00
1.123970930361048559e+00
1.117118329929299048e+00
1.114676971742367906e+00
1.119125370822043219e+00
1.107124309660363126e+00
1.088555367141377905e+00
1.079136995751816652e+00
1.096049431219003001e+00
