2.250000000000000056e-01
0.000000000000000000e+00
0.000000000000000000e+00
0.000000000000000000e+00
0.000000000000000000e+00
0.000000000000000000e+00
0.000000000000000000e+00
0.000000000000000000e+00
1.413302328179638634e-01
1.413302328179638634e-01
1.413302328179638634e-01
1.413302328179638634e-01
4.185244640674956607e-01
4.278127724924499220e-01
3.421069378584185028e-01
4.380205449164560338e-01
5.533535672599441124e-01
6.350124957733098707e-01
6.517922103863847960e-01
6.362484021162196912e-01
6.391673383328677627e-01
6.770162796760985646e-01
6.467907971662902877e-01
6.523563139972218261e-01
6.238713343669499700e-01
6.815162750091513510e-01
6.868051414910306685e-01
7.186566617648322275e-01
7.627720125546975094e-01
7.927595314078621502e-01
7.982973342035791786e-01
7.951724236335214746e-01
8.408337445209050909e-01
8.232981080910520832e-01
8.287887806029190507e-01
8.487346875144403668e-01
8.529840249778835037e-01
8.651265610477913981e-01
8.683029171545523228e-01
8.820226757190922084e-01
8.752985738400779203e-01
8.652768029241236780e-01
8.569118061313695245e-01
8.372885137044262516e-01
8.354029227215398201e-01
8.071234618592098009e-01
7.853078342554330460e-01
7.572282712547936390e-01
7.545817110519823512e-01
7.271037504870044854e-01
7.250842177194404270e-01
7.100675321725924416e-01
6.909775171908899560e-01
6.877286595676230796e-01
6.894882704432945264e-01
6.954296387437466365e-01
6.870460961295520308e-01
6.929448162788500731e-01
6.817191118708190167e-01
6.894278077309043962e-01
7.008403885954694879e-01
7.121875061030918941e-01
7.204191776763119170e-01
7.306754988242484261e-01
7.374985434300821430e-01
7.224273457719713187e-01
7.249477034922318097e-01
7.295201784797233913e-01
7.289520828671797181e-01
7.316598135913680023e-01
7.259279434842689227e-01
7.310738485670772446e-01
7.319708330377091565e-01
7.285287693997652969e-01
7.324326253029008749e-01
7.497162428886792185e-01
7.565676567576428146e-01
7.552953894831077042e-01
7.778773457368203248e-01
7.827403660842109367e-01
7.807306287667216127e-01
7.804208488276485056e-01
7.863985614898809651e-01
7.865348950510716586e-01
7.861543026473182261e-01
7.878744242562512046e-01
7.791665481281404571e-01
7.791882168496107042e-01
7.756571926707536146e-01
7.693897749061322511e-01
7.687204621860984632e-01
7.600337038568327763e-01
7.518076345480383393e-01
7.470306811466771446e-01
7.491992983508291015e-01
7.457425702553348579e-01
7.388581074297518869e-01
7.340885739031757229e-01
7.330204843527595715e-01
7.294677455755748108e-01
