2.250000000000000056e-01
0.000000000000000000e+00
0.000000000000000000e+00
0.000000000000000000e+00
0.000000000000000000e+00
1.345546030916896729e+00
1.123891873832399302e+00
1.086546161792525389e+00
1.337417461020480980e+00
1.330176763592315403e+00
1.319093922611568326e+00
1.312596319124188282e+00
1.377333455546570828e+00
1.375974337647538626e+00
1.358914206079098852e+00
1.337112402225870245e+00
1.290872710168849968e+00
1.256388402675928440e+00
1.199409731921925459e+00
1.159229022217493466e+00
1.128558602615586937e+00
1.100893562887853117e+00
1.078678906457508413e+00
1.066222678947611913e+00
1.045157603051285466e+00
1.042325308538605722e+00
1.061501068326707209e+00
1.073782758445707808e+00
1.098542443229648669e+00
1.122109530821868484e+00
1.126629966489316015e+00
1.139317406334425131e+00
1.129725765500763091e+00
1.122717172870808078e+00
1.109756195970859727e+00
1.103702494374259935e+00
1.093718521884835315e+00
1.097299672814520788e+00
1.102314450135473356e+00
1.106867804988781012e+00
1.117746116833933989e+00
1.131879523920882979e+00
1.152512712823464680e+00
1.165322201800639057e+00
1.197038326275709164e+00
1.230383784073341369e+00
1.240479285784167773e+00
1.257009400256755116e+00
1.268276312889571322e+00
1.254457643610835227e+00
1.239726965653202173e+00
1.209327955047093672e+00
1.182201382689116231e+00
1.191203261214198061e+00
1.214933477323423716e+00
1.229649680676924817e+00
1.239629985865147610e+00
1.242778140229199746e+00
1.251788186861138463e+00
1.257674967362706786e+00
1.256491320403528400e+00
1.250114868642685062e+00
1.243226397235032588e+00
1.232205764839496620e+00
1.215744916042231782e+00
1.202525189251548277e+00
1.185942212133034968e+00
1.168079402020514745e+00
1.155756871463387236e+00
1.140326391673616158e+00
1.138155586129597330e+00
1.135878117825123157e+00
1.127415285674388867e+00
1.123436673460562751e+00
1.109808575221315596e+00
1.120110176816865755e+00
1.153963359382049969e+00
1.173787339142012831e+00
1.186707657753275136e+00
1.193363134512487100e+00
1.200705889241507229e+00
1.207009685800288112e+00
1.206006643351007046e+00
1.216515769248057044e+00
1.215783435093152232e+00
1.216847569913945604e+00
1.212200917917336085e+00
1.214420920572768736e+00
1.227749629794754549e+00
1.248300854850234343e+00
1.258739545246415625e+00
1.268329775896744227e+00
1.274686186546008848e+00
1.279116124425127454e+00
1.284142316041305021e+00
1.292938349410895249e+00
1.296910574956793072e+00
1.302035013670316932e+00
1.308112499209031609e+00
1.304939504371173342e+00
