2.250000000000000056e-01
0.000000000000000000e+00
0.000000000000000000e+00
8.687499222125483200e-01
1.046228253225802929e+00
1.150861706492569914e+00
1.160456313761677460e+00
1.172675781180154475e+00
1.262085232237064369e+00
1.262047705884894233e+00
1.239401373700245390e+00
1.212060734707078868e+00
1.190465797855315921e+00
1.190683614532894952e+00
1.190173780049093910e+00
1.191598882878820875e+00
1.194836492542887596e+00
1.192287410979949724e+00
1.184709586550065419e+00
1.175980423542474895e+00
1.158862782137361158e+00
1.136537202625327536e+00
1.078679926523620658e+00
9.306857229455721692e-01
8.989368751658131096e-01
8.785739684399265226e-01
9.221523733416217006e-01
9.826170355565709835e-01
1.147748059234183327e+00
1.157345323904544587e+00
1.166127625077559182e+00
1.174506170260700033e+00
1.181595531014281608e+00
1.187488978159447095e+00
1.192318847594632469e+00
1.196232352223101092e+00
1.200919379124385289e+00
1.206585978670321024e+00
1.211759567468948307e+00
1.187366551559753347e+00
1.208535759247505004e+00
1.246460598668195585e+00
1.212456366376521100e+00
1.163386655549198734e+00
1.126049956416208309e+00
1.078154763564018292e+00
1.056790945313612617e+00
1.043515575154581265e+00
1.042326472993019282e+00
1.043365813845353651e+00
1.051822150715016502e+00
1.065845817427518272e+00
1.090147999703513726e+00
1.137117527279845941e+00
1.221610864322358436e+00
1.238477452854795047e+00
1.253408831981770222e+00
1.266269199538331058e+00
1.277104850953847626e+00
1.286076802450586420e+00
1.293404733142272889e+00
1.299325026494906998e+00
1.304072379140189364e+00
1.307854733906445466e+00
1.310852628910578632e+00
1.313216713557752380e+00
1.315076532307172030e+00
1.316536749439911169e+00
1.317681352858141919e+00
1.318577371648665952e+00
1.319280335061600695e+00
1.319830819640209540e+00
1.320261022275286411e+00
1.320606162122915261e+00
1.320897536814147566e+00
1.321252650811032048e+00
1.413901613559139125e+00
1.326491112629487379e+00
1.373185117073818962e+00
1.407803575851809486e+00
1.405153035235880310e+00
1.389565159507743175e+00
1.349285214498242569e+00
1.320427656625304369e+00
1.291461158883354221e+00
1.265608839591584545e+00
1.236142937417181953e+00
1.205327886738681631e+00
1.181796459659468113e+00
1.161413795092263168e+00
1.146194048830962764e+00
1.113753844972295459e+00
1.058430711411967540e+00
1.001131668170220257e+00
9.528454110762121232e-01
9.509302156673266060e-01
9.585711725414504114e-01
9.645163427919962729e-01
1.046365433622891583e+00
1.133887159684485280e+00
