2.250000000000000056e-01
0.000000000000000000e+00
0.000000000000000000e+00
0.000000000000000000e+00
0.000000000000000000e+00
0.000000000000000000e+00
0.000000000000000000e+00
0.000000000000000000e+00
0.000000000000000000e+00
0.000000000000000000e+00
0.000000000000000000e+00
0.000000000000000000e+00
0.000000000000000000e+00
0.000000000000000000e+00
1.337097700792929666e-01
1.574984260992969176e+00
1.285627727003231913e+00
1.721117465055261420e+00
1.641747881177439750e+00
1.776536084618545619e+00
1.751997782875427401e+00
1.706548400832343937e+00
1.744810101740876807e+00
1.754241450560237947e+00
1.818979845801977024e+00
1.769211871524056345e+00
1.679170935483521365e+00
1.659927616621454716e+00
1.647746249704987287e+00
1.671625122796732699e+00
1.708224849640422649e+00
1.731459427968552234e+00
1.759314259674926717e+00
1.766155269795340432e+00
1.768267210970764447e+00
1.746999405763543400e+00
1.735369450645153577e+00
1.729838685380698626e+00
1.728257298712252643e+00
1.720166197916024542e+00
1.753949496376387085e+00
1.770342061322430993e+00
1.779478136577704150e+00
1.793285178768315946e+00
1.793115841852145564e+00
1.770810518690057345e+00
1.775045486009954931e+00
1.759310895863230417e+00
1.762557522031536594e+00
1.757461561870791611e+00
1.761249047121254518e+00
1.782012592013410890e+00
1.783318577896735091e+00
1.787828900001515064e+00
1.782502129918074552e+00
1.797319978664070783e+00
1.794378397037565520e+00
1.782763214923153372e+00
1.783470720206864479e+00
1.799571318450428725e+00
1.802137386977033406e+00
1.805679832394041950e+00
1.811870474725799873e+00
1.824822471093356491e+00
1.819426124717611115e+00
1.825444520929663472e+00
1.832633746645555783e+00
1.825662940632258424e+00
1.811082139744105701e+00
1.812028057707897322e+00
1.808498124768441961e+00
1.808257698986259321e+00
1.800342095727513803e+00
1.804780929384792065e+00
1.790206104108360563e+00
1.782764907114941177e+00
1.769470080858515981e+00
1.772415874601798391e+00
1.777127974924728182e+00
1.786118304415698743e+00
1.783144183495825486e+00
1.782567036577031416e+00
1.784272304946825649e+00
1.781169164977553843e+00
1.791249646864206957e+00
1.801648578861095418e+00
1.808353631302929143e+00
1.804977606099977372e+00
1.811069916143597247e+00
1.810811425826757359e+00
1.806499711804081754e+00
1.800053496197694836e+00
1.804440217793693568e+00
1.800363581188100470e+00
1.795168639494316931e+00
1.796803105053019989e+00
1.803187360497183311e+00
1.809910066640572746e+00
1.819498660127860878e+00
1.823461295778317837e+00
