2.250000000000000056e-01
0.000000000000000000e+00
2.312684188698362897e-01
2.515444343039622832e-01
2.150419716987402585e-01
2.730523902538244396e-01
2.472097812867505295e-01
3.044965020769282993e-01
2.941763267612137467e-01
3.412266072488447932e-01
3.859240583365100008e-01
3.787156927258732986e-01
4.133521274229267073e-01
4.061640628744137005e-01
4.562929661904104317e-01
5.902893488904242814e-01
6.501320512248337513e-01
6.752616624851413007e-01
7.127083829053676434e-01
7.351549670374143419e-01
7.466523792709083285e-01
7.529984689820217181e-01
7.555872302014892128e-01
7.637394770497598628e-01
7.621353528757381923e-01
7.785961088743488245e-01
7.741216833866554348e-01
7.678668007350311075e-01
7.692292152857539422e-01
7.575200429117550094e-01
7.521217946373156549e-01
7.578698965163916945e-01
7.399264094686526239e-01
7.244455134513293482e-01
7.308794473911977008e-01
6.986975497206430186e-01
6.902560362147065476e-01
6.811940246318630710e-01
6.813395932796612042e-01
6.593171702477780283e-01
6.540379408710879083e-01
6.498796533682421606e-01
6.448110815809502405e-01
6.455632421997220538e-01
6.364722099288021573e-01
6.280593848024537129e-01
6.301676060261423018e-01
6.245023007645343904e-01
6.300382051282137352e-01
6.286205733004541774e-01
6.391098388088940485e-01
6.280724668735614413e-01
6.217668112984180429e-01
5.997224290878355735e-01
5.815782215244775788e-01
5.671494475932732371e-01
5.783310090398342540e-01
5.688205638054353308e-01
5.728034198009808176e-01
5.675572571762742546e-01
5.640669644678617534e-01
5.648843400989066454e-01
5.614874054479540577e-01
5.646002817285953324e-01
5.695079563253021560e-01
5.747735670456984858e-01
5.789457378321577474e-01
5.979905343037745791e-01
6.165203484262624656e-01
6.312568097262867273e-01
6.389948264921285759e-01
6.484948567213008053e-01
6.539580667464006680e-01
6.503534703585481802e-01
6.514187368561340508e-01
6.466590917129260152e-01
6.437159398560995394e-01
6.483337737917098664e-01
6.453667322528097161e-01
6.413273132658152687e-01
6.424567760961087393e-01
6.519148185620915470e-01
6.518437940986232526e-01
6.594614389609693150e-01
6.617468547155427316e-01
6.578618447468893571e-01
6.581259323894167457e-01
6.580689787925639855e-01
6.609752148490383172e-01
6.597147562871968907e-01
6.620150290445504515e-01
6.611645926977780530e-01
6.543695484010449981e-01
6.491652395666919206e-01
6.442617495768461211e-01
6.391889134497162894e-01
6.336510505910621927e-01
6.265733161796949169e-01
6.176819731480156506e-01
6.117845456585602193e-01
