2.250000000000000056e-01
0.000000000000000000e+00
0.000000000000000000e+00
0.000000000000000000e+00
0.000000000000000000e+00
0.000000000000000000e+00
0.000000000000000000e+00
0.000000000000000000e+00
0.000000000000000000e+00
0.000000000000000000e+00
1.473265887141111286e+00
1.500491935729830528e+00
1.518627362328618391e+00
1.551884826187197364e+00
1.532848436288506200e+00
1.490620969594611767e+00
1.478989934969284770e+00
1.454013257271411730e+00
1.414956553815572837e+00
1.371894378199217224e+00
1.250968188436444972e+00
1.160358028369957495e+00
1.074606780306440079e+00
9.563850509877062089e-01
9.178607230139451678e-01
9.106376790054856452e-01
9.489181910993121916e-01
1.019877627457462577e+00
1.023288512417287244e+00
1.011394228813519591e+00
1.005445807346589060e+00
1.034757761003620935e+00
1.017346548781058457e+00
1.003220442598037554e+00
9.849730607810363026e-01
9.830907536393833634e-01
9.857462210921796864e-01
9.932207447130606548e-01
9.959312118524372703e-01
1.007476463227612751e+00
1.012794904978708166e+00
1.042894724375469151e+00
1.051996633060848341e+00
1.053010332345975186e+00
1.044082690648357792e+00
1.067177612343734872e+00
1.093784621569439119e+00
1.105488898158519584e+00
1.105399408554977647e+00
1.107822260269580417e+00
1.118292010290590444e+00
1.114172062526540552e+00
1.106238976979415423e+00
1.103014320385461433e+00
1.105654951382654128e+00
1.117626766447776143e+00
1.117726161807898411e+00
1.118066848136143321e+00
1.124598566867466287e+00
1.129383371039346606e+00
1.124408651312762464e+00
1.105697251987503238e+00
1.094832708781103836e+00
1.103689559381864971e+00
1.109595546471959793e+00
1.111620822859444413e+00
1.111529796241365720e+00
1.091774432117680771e+00
1.087414405787016536e+00
1.081469575442347342e+00
1.060458290343121224e+00
1.050653371519378210e+00
1.029758078475016436e+00
1.032476574966428196e+00
1.019287861994223832e+00
1.014138251950362113e+00
1.006439990968969633e+00
1.005680788168351825e+00
1.003423908804225384e+00
1.010522649420460661e+00
1.009267042791089697e+00
1.005170873344937377e+00
1.000670279584294109e+00
1.009294567694650091e+00
1.007200962050742499e+00
1.002752078649294054e+00
9.941251272111663040e-01
9.926935307716666657e-01
1.002542643726834770e+00
1.006064851423305484e+00
1.014073936313835134e+00
1.019491627952321178e+00
1.022864985430285367e+00
1.014262604081299868e+00
1.009181537400859696e+00
1.034569365186592371e+00
1.033894089926292281e+00
1.028369172378242435e+00
1.020553944133306246e+00
1.028770483832187166e+00
