2.250000000000000056e-01
0.000000000000000000e+00
0.000000000000000000e+00
0.000000000000000000e+00
0.000000000000000000e+00
1.755677748852006115e+00
1.737553320396427958e+00
1.737310857710732348e+00
1.714222881832247802e+00
1.712963232655000612e+00
1.709210551933140643e+00
1.683412863145835825e+00
1.680536131892448992e+00
1.677943024120743365e+00
1.645987784690835731e+00
1.641693522606711975e+00
1.637924805863637534e+00
1.589149880450508867e+00
1.510525938207793351e+00
1.331003961906575217e+00
1.215586017321958145e+00
1.107177402747141715e+00
9.510695876293779882e-01
8.873642548627672655e-01
8.565325150867789672e-01
9.050956376096259692e-01
9.176164293273267880e-01
9.354000957031382013e-01
9.993045556282286190e-01
1.007959159749403089e+00
1.019677004062167658e+00
1.045974829200116529e+00
1.019450444154226254e+00
9.903338741851044347e-01
9.862822436519254055e-01
9.940298757843292199e-01
9.982315525536339385e-01
1.012487812728679160e+00
1.103234243884330334e+00
1.161642284731335462e+00
1.127232035211798378e+00
1.112611208542804597e+00
1.059977225864071837e+00
1.047365915325425556e+00
1.010483989155810836e+00
9.735774209886439712e-01
9.187384622750870422e-01
8.809805691683513240e-01
9.330314046440321141e-01
9.431534274804842521e-01
9.457944650866012548e-01
1.004678378119745474e+00
1.029530115375180799e+00
1.028856116107108587e+00
1.038437582617316890e+00
1.068350219722090877e+00
1.065849987587657477e+00
1.065480340873001364e+00
1.087185438888220279e+00
1.097633407885740153e+00
1.091688607016972234e+00
1.082753786580914479e+00
1.090287358895867031e+00
1.053754113944529003e+00
1.023138119500960119e+00
1.018905908837655083e+00
1.006885116677586955e+00
9.982059628426368514e-01
9.875675147361113737e-01
1.008611311306703673e+00
1.011736972415391067e+00
1.026257670231637054e+00
1.034347453346621037e+00
1.039935405903663179e+00
1.041872612928465447e+00
1.066668589348348295e+00
1.089749972449976179e+00
1.097453779064056834e+00
1.105837218014559697e+00
1.098828060049057864e+00
1.089634393662306078e+00
1.106599857764609673e+00
1.103342559082985730e+00
1.102358802076736310e+00
1.095709118857364883e+00
1.115370732333161419e+00
1.139786331465063141e+00
1.139635904665809552e+00
1.128585960082208794e+00
1.125526216868558693e+00
1.114578547331581015e+00
1.109531739577625631e+00
1.090742470534386221e+00
1.076886524044639248e+00
1.075899172379652935e+00
1.079751111266835650e+00
1.094631494113642134e+00
1.114178007850822771e+00
1.156077763398608571e+00
1.186096975690341671e+00
