2.250000000000000056e-01
0.000000000000000000e+00
0.000000000000000000e+00
0.000000000000000000e+00
1.489357226480844953e-01
1.489149519588740256e-01
1.963436540724396162e-01
1.974903221812538412e-01
1.985336095939705114e-01
2.490608510155188082e-01
2.517793196523267496e-01
2.541750236210388869e-01
3.075334177899036181e-01
3.116297004159656048e-01
3.276110055808153509e-01
3.546210361110198050e-01
3.448585021972605524e-01
3.313997454641485207e-01
3.617295686867103566e-01
3.854163457628406175e-01
4.056660500519332913e-01
5.341265642058689034e-01
5.489368001291240473e-01
5.593804398555435320e-01
5.647576016450686076e-01
5.895357923202060313e-01
6.738844459525160646e-01
7.566450317986878060e-01
7.500584870888811206e-01
7.609959927873906071e-01
7.757427475220201041e-01
7.706096065935544859e-01
7.501957799413238037e-01
7.248941546266347569e-01
7.315094625099082259e-01
7.400521019887335017e-01
7.382068289490877344e-01
7.499085858283135453e-01
7.667198228779938951e-01
8.279692275201614438e-01
8.343262191505067538e-01
8.427487184128116260e-01
8.399705781918197500e-01
8.651156219939254433e-01
8.866003926333072549e-01
8.714736246045150514e-01
8.724718196042722251e-01
8.723289764845781891e-01
8.928777908048647349e-01
9.174837645303646205e-01
9.495194356241629663e-01
9.812010836398887825e-01
9.929989965567393995e-01
1.009459399676708946e+00
1.000661655133611161e+00
9.974902652997077457e-01
1.000523183781651948e+00
9.997444847382500610e-01
9.978541825446610725e-01
1.002565163679816962e+00
1.000692584826881948e+00
9.922786357997497309e-01
9.906312177981673184e-01
1.000487033785254276e+00
1.008915203224259427e+00
1.039027697108584558e+00
1.049156853954583246e+00
1.063550488625767398e+00
1.083995049510239062e+00
1.079788730493477233e+00
1.079392691326704901e+00
1.074177165108941345e+00
1.079706498880849130e+00
1.077124319068174074e+00
1.089734294914937562e+00
1.094040110751390849e+00
1.100909526048423848e+00
1.108801427789068761e+00
1.102871278269982991e+00
1.105517787677611441e+00
1.111626850514707332e+00
1.128870844105755999e+00
1.136091246162321600e+00
1.123034350212817500e+00
1.123017676636008710e+00
1.115708095696322344e+00
1.111590794225419287e+00
1.111855940235647378e+00
1.105883611865235316e+00
1.091409886388312156e+00
1.078504156641613809e+00
1.071669922200553904e+00
1.057780400314766167e+00
1.028518063251534498e+00
1.006415967481293139e+00
9.883594684210548209e-01
9.611787857200249086e-01
9.350489578930604173e-01
9.149747830506166357e-01
9.145525847796805996e-01
