2.250000000000000056e-01
0.000000000000000000e+00
0.000000000000000000e+00
0.000000000000000000e+00
0.000000000000000000e+00
0.000000000000000000e+00
0.000000000000000000e+00
0.000000000000000000e+00
0.000000000000000000e+00
0.000000000000000000e+00
0.000000000000000000e+00
0.000000000000000000e+00
0.000000000000000000e+00
0.000000000000000000e+00
0.000000000000000000e+00
0.000000000000000000e+00
1.722335783621358640e+00
1.764374432469869358e+00
1.433522991132004654e+00
1.404854485272470033e+00
1.413125127192482733e+00
1.418931642352622147e+00
1.479832624929203089e+00
1.399011380992736253e+00
1.280262025118209968e+00
1.249887605298640514e+00
1.243326404931430096e+00
1.217314056964730717e+00
1.237580186056250531e+00
1.255552308390914362e+00
1.227708828558807141e+00
1.216347848815301447e+00
1.215887505478662201e+00
1.237431590327560338e+00
1.239565100346153415e+00
1.233141117748901117e+00
1.214814733942804592e+00
1.205430443314891686e+00
1.200953709380952805e+00
1.186519596182554759e+00
1.178328395094337289e+00
1.173685501952325128e+00
1.173765266059253021e+00
1.164946281999129196e+00
1.145304732207637954e+00
1.154165840989736402e+00
1.162009671041717374e+00
1.154133530136873365e+00
1.130811256629094652e+00
1.124486419943115489e+00
1.116640276011258814e+00
1.109312769310973223e+00
1.116553661695871780e+00
1.130423208877784358e+00
1.137677281832216947e+00
1.157337410826184243e+00
1.154638375621534818e+00
1.162519856653515760e+00
1.172643701348382361e+00
1.170606056943417572e+00
1.169015787853527000e+00
1.177311290667448329e+00
1.196886665549534934e+00
1.203430954086116778e+00
1.211771061796440563e+00
1.214230687286576238e+00
1.214345532056014365e+00
1.208255113307274975e+00
1.195936624814059712e+00
1.199241680303831936e+00
1.216334043083050709e+00
1.208683305192743473e+00
1.198968308377132752e+00
1.191125075099720210e+00
1.189295189500873429e+00
1.185610801559194627e+00
1.186028144181278110e+00
1.190680036429724087e+00
1.186006539581406116e+00
1.185618304478101237e+00
1.183108957496461500e+00
1.182776950038126218e+00
1.194574557288531791e+00
1.203254643757912135e+00
1.218054339707192346e+00
1.221189128120267586e+00
1.217677627468065626e+00
1.212493061878983536e+00
1.194167197708376094e+00
1.184843901379373676e+00
1.178420332928606484e+00
1.170953131204859110e+00
1.164581876908121760e+00
1.155864372874146673e+00
1.165853998932373514e+00
1.165815417062745940e+00
1.163711748890778663e+00
1.162837320983926004e+00
1.152413763524719803e+00
1.145221153476076337e+00
