2.250000000000000056e-01
0.000000000000000000e+00
0.000000000000000000e+00
0.000000000000000000e+00
0.000000000000000000e+00
0.000000000000000000e+00
0.000000000000000000e+00
0.000000000000000000e+00
0.000000000000000000e+00
0.000000000000000000e+00
0.000000000000000000e+00
0.000000000000000000e+00
0.000000000000000000e+00
0.000000000000000000e+00
0.000000000000000000e+00
0.000000000000000000e+00
0.000000000000000000e+00
0.000000000000000000e+00
1.318025863222094529e-01
1.256467277788355930e-01
1.739053233576290936e-01
1.702860632538605312e-01
1.902203458177661177e-01
2.138902174361042852e-01
2.331667367537643143e-01
2.352099220861907647e-01
2.654926454798666735e-01
2.819692737952647077e-01
1.114789538973557814e+00
1.133023219452484742e+00
1.113677093291472575e+00
1.104679832617133428e+00
1.088547324687382023e+00
1.061690033612344930e+00
1.037201944372391216e+00
9.919671161175713792e-01
9.502420625265027843e-01
9.016214082863852619e-01
9.766535603766106632e-01
9.101125210453007153e-01
8.965759521442907554e-01
9.478650105164315720e-01
9.438058604277651531e-01
9.123350399791838594e-01
8.983042120590730706e-01
8.715570163562335049e-01
8.483526779092224190e-01
8.192843350794649648e-01
7.827449880098101831e-01
7.382758640265577599e-01
7.122057890126090030e-01
7.745085633571031636e-01
7.704407758548669216e-01
7.637802827831774444e-01
7.938790180634475169e-01
7.753819856915725728e-01
7.547094962867716417e-01
7.379225379019164199e-01
7.253707660659834966e-01
7.129214588207186676e-01
6.951700718202613594e-01
6.871904461945301801e-01
6.820865475891636498e-01
6.850512321992893172e-01
7.187855181203769428e-01
6.988857880538437151e-01
6.762139788765790804e-01
6.553977046237720039e-01
6.460767507082576522e-01
6.239866025115144987e-01
6.049668157663103951e-01
5.882311734178098384e-01
5.684959260283082294e-01
5.511674275124267552e-01
5.389136571989698865e-01
5.305830459552701717e-01
5.097387722220212414e-01
5.024500950100924124e-01
4.933619322846015121e-01
4.853336187092304188e-01
4.848645280956420667e-01
4.851681202029015094e-01
4.875104734519505323e-01
4.946734967551391637e-01
6.079870447594993843e-01
6.853886579315592309e-01
6.982699305492082731e-01
6.946006625175650262e-01
6.951177402247993298e-01
6.798684823041198921e-01
6.760517809991561933e-01
7.110143463032301270e-01
6.999636398618470645e-01
6.811364530458815514e-01
6.610156923051653255e-01
6.494155650661724843e-01
6.829329442069114187e-01
7.265798533378333701e-01
7.673771411954966037e-01
7.608580493532935973e-01
