2.250000000000000056e-01
7.780674423205756751e-01
8.091582236219415636e-01
7.637178176396630658e-01
6.887948565335380025e-01
7.320206882124767889e-01
8.406328248889439747e-01
9.328503346308241184e-01
9.509886675060420513e-01
9.380345977219665121e-01
9.095939234422634190e-01
9.858393613045508541e-01
9.843022041347648798e-01
1.012619287339082241e+00
1.033286931488600624e+00
1.031472943326855685e+00
1.035331588878155129e+00
1.044946328448956852e+00
1.035303485748226393e+00
1.029191461222351167e+00
9.862132254763954498e-01
9.694184827131343551e-01
9.623160391097624888e-01
9.561874437366518764e-01
9.488447301239014697e-01
9.377014129088194760e-01
9.407291547427717449e-01
9.489742857897185413e-01
9.593481765808908879e-01
9.822087375395548436e-01
9.852669777871483348e-01
9.973237761520739042e-01
1.004615977016576567e+00
1.019021817576403643e+00
1.046319014544218273e+00
1.038872863415768677e+00
1.055798460264052441e+00
1.058491555609551105e+00
1.064811410682321213e+00
1.055068161230583001e+00
1.031482775159663579e+00
9.978636976494152933e-01
9.885101822907709224e-01
9.981305066519142732e-01
9.952349822290949000e-01
9.808982108656140175e-01
9.779478081317924953e-01
9.808924209491730606e-01
9.879863122794813046e-01
9.944969453753889077e-01
9.971620397103456712e-01
1.003123104683981248e+00
1.006902493292043399e+00
1.013479380028237786e+00
1.019203904139265537e+00
1.012365105934077247e+00
1.013127727835390735e+00
1.011635324920450385e+00
1.015308264833552521e+00
1.019676404522771529e+00
1.018190581376012815e+00
1.010283536841686036e+00
1.007048733214732206e+00
9.999229203470670901e-01
9.932972735000038522e-01
9.829198941048700178e-01
9.811022059883878210e-01
9.891461464728650288e-01
9.998815610010240995e-01
1.007832389457207212e+00
1.005980214299736719e+00
1.013009059697858483e+00
1.015862716257434517e+00
1.020020387192746014e+00
1.023352643182249500e+00
1.031292153876416373e+00
1.035032070892478506e+00
1.043485333746403398e+00
1.038594142727448766e+00
1.037486477569946608e+00
1.040340089525382483e+00
1.037647633191149499e+00
1.025039360588658077e+00
1.018064544156176199e+00
1.008933668470276768e+00
1.005734545545055925e+00
1.002241475641548307e+00
9.985684269738624996e-01
1.005289962938749282e+00
1.014561982863722900e+00
1.021622010028341521e+00
1.026905077304557157e+00
1.027815781923929750e+00
1.030535664285242570e+00
1.023367460554504671e+00
1.022466052002221737e+00
1.027146728952539112e+00
1.040153911477420978e+00
1.031456540563044921e+00
1.022300272489715223e+00
