2.250000000000000056e-01
0.000000000000000000e+00
0.000000000000000000e+00
0.000000000000000000e+00
0.000000000000000000e+00
0.000000000000000000e+00
0.000000000000000000e+00
0.000000000000000000e+00
1.302166597613691801e+00
1.110640292434680543e+00
1.095281282515308874e+00
1.104785001397985189e+00
1.054480770070111539e+00
1.031998649047406902e+00
9.297143879112045317e-01
7.376931829639846727e-01
6.888938964530115783e-01
7.859638901201645433e-01
8.079214489479652483e-01
8.174632602916406254e-01
8.119900055266529026e-01
7.974559365386499898e-01
8.277890196661116251e-01
8.479376134939446974e-01
8.724475169384106055e-01
9.456088614973748863e-01
1.025031578127255205e+00
1.017402272626583226e+00
1.074462829978295231e+00
1.094548292374176945e+00
1.092194074745519661e+00
1.324920202308883299e+00
1.411658468443419912e+00
1.449997640519901765e+00
1.484882082855835561e+00
1.491698908246517963e+00
1.515104243120312111e+00
1.542436414468904005e+00
1.505887903596258681e+00
1.469233678277081845e+00
1.411726068646770971e+00
1.357702434039520067e+00
1.366270793514604787e+00
1.352642925299245569e+00
1.328718966378539923e+00
1.287843229704727310e+00
1.316593516989939872e+00
1.274530337464477192e+00
1.253487111485494188e+00
1.262933925613545671e+00
1.251253478237979389e+00
1.237737416261575518e+00
1.262299550363553680e+00
1.276465039753276853e+00
1.258879733548527557e+00
1.254262073497485419e+00
1.328564535218158538e+00
1.355824076373248532e+00
1.354889138488732048e+00
1.383873735509523861e+00
1.368374699016742468e+00
1.386054558061184494e+00
1.370113432475253523e+00
1.361331627248692167e+00
1.351348690016032528e+00
1.341262623429448242e+00
1.334262817162428227e+00
1.303725497137591560e+00
1.309214375327009794e+00
1.317764174642815256e+00
1.304031070692440952e+00
1.293852882133289528e+00
1.294794602438723352e+00
1.303648072745689168e+00
1.319516812172763176e+00
1.348169997144958998e+00
1.366964836757610602e+00
1.360415045886028462e+00
1.350022386069168245e+00
1.349281985094671787e+00
1.338685284337314707e+00
1.319609194786627526e+00
1.325344501534856612e+00
1.314158978975685121e+00
1.297338425565879749e+00
1.305016480000231294e+00
1.303115243816616919e+00
1.306164431505258072e+00
1.301286064214743687e+00
1.311031109642434966e+00
1.326355132894788236e+00
1.338289218941161485e+00
1.347989396328388212e+00
1.345915587580029049e+00
1.329425940832910991e+00
1.350570576171977732e+00
1.332936438814130486e+00
1.314435951846610662e+00
1.304219782509101755e+00
1.307927289887987010e+00
