2.250000000000000056e-01
0.000000000000000000e+00
0.000000000000000000e+00
0.000000000000000000e+00
0.000000000000000000e+00
0.000000000000000000e+00
0.000000000000000000e+00
0.000000000000000000e+00
0.000000000000000000e+00
0.000000000000000000e+00
0.000000000000000000e+00
0.000000000000000000e+00
0.000000000000000000e+00
0.000000000000000000e+00
0.000000000000000000e+00
0.000000000000000000e+00
2.392512299242285589e+00
2.006146752754165430e+00
2.217577297321325691e+00
2.216806302326362221e+00
1.340097544099472238e+00
1.186308281600340298e+00
1.161279231069125339e+00
1.051692753444299910e+00
1.072412186573137527e+00
1.123018468128627712e+00
1.681729814716357962e+00
1.829502703581662892e+00
1.841419505337064555e+00
1.885958937970744653e+00
1.922795516127650428e+00
1.951922322794292564e+00
1.955158183252908799e+00
1.990373470789664312e+00
1.991004221864671742e+00
1.851657361932865342e+00
1.753869181588172843e+00
1.761097465380321747e+00
1.797967742495384158e+00
1.802132366501769445e+00
1.811302526530124357e+00
1.799726725953589401e+00
1.804610200594690239e+00
1.783410763239077212e+00
1.794060415873538927e+00
1.817737561538562252e+00
1.834827690615260964e+00
1.862447869565655889e+00
1.897661724142372552e+00
1.945890504935243071e+00
1.926841844325045905e+00
1.927460729491731195e+00
1.965818787541125046e+00
1.956461769739656242e+00
1.975158783377583216e+00
1.960364124033452393e+00
1.968718067463061550e+00
1.946480914562817244e+00
1.949683302003025309e+00
1.959995799094467195e+00
1.990144927559153842e+00
1.997758621592726547e+00
1.999543031327850384e+00
2.027585051519417814e+00
2.036116510939542490e+00
2.064072152807483462e+00
2.052952167749714008e+00
2.044731286202126519e+00
2.052694012978909299e+00
2.052158214167140393e+00
2.049503416272461020e+00
2.018016943294614673e+00
2.017820750839526056e+00
2.011941780199853369e+00
2.003241714794900652e+00
2.009016827709667830e+00
2.054276286357302528e+00
2.073828295043331771e+00
2.058830772033175105e+00
2.078943785980125192e+00
2.072424392036273044e+00
2.067648230012415933e+00
2.066639109546157815e+00
2.058915709581146114e+00
2.059139350715962546e+00
2.057438232654774435e+00
2.060114134979372125e+00
2.059329273233019286e+00
2.053728771204918147e+00
2.042919993078341268e+00
2.066724894433840998e+00
2.058855343867092902e+00
2.071937001004739543e+00
2.086646225601591187e+00
2.087883267446154267e+00
2.092493932266203949e+00
2.101224716096267375e+00
2.106555939226184559e+00
2.111805481273921981e+00
2.102331885121632826e+00
