2.250000000000000056e-01
9.317148040586656355e-02
1.687388469417898940e-01
2.532147816717875144e-01
2.426457547722842278e-01
2.832911158944338981e-01
2.899576305604431581e-01
3.111174310034103829e-01
3.711644725044540016e-01
8.433956830564135476e-01
9.328062811452355607e-01
9.890013298436391986e-01
1.039659691698548105e+00
1.054613940983477383e+00
1.016876783247943727e+00
1.026822935804611259e+00
1.020414873869258887e+00
9.865531484982387189e-01
9.867497052292940607e-01
9.822131027995889552e-01
1.001193125983157017e+00
1.008896027635139525e+00
1.001796277227078535e+00
1.165098294725432027e+00
1.211650914260308465e+00
1.175684245615623569e+00
1.172991490759743627e+00
1.218955224305145579e+00
1.236873623214160833e+00
1.219524249266412674e+00
1.210759233604826068e+00
1.194078555709840339e+00
1.177948125684438851e+00
1.179596119569083168e+00
1.180907306487708031e+00
1.182992736273226875e+00
1.190599180167345450e+00
1.204357760268140343e+00
1.239363535978311059e+00
1.242955785137906721e+00
1.244642476788583307e+00
1.250508981303859457e+00
1.268971305925392867e+00
1.271690125019665940e+00
1.260256196443497734e+00
1.241287983156017072e+00
1.228046693583402682e+00
1.218245152433745870e+00
1.266804168509092277e+00
1.260663721600598475e+00
1.255298089399973449e+00
1.257166346037067450e+00
1.285527330065034501e+00
1.285555064308925743e+00
1.281684882436013639e+00
1.268616461489364688e+00
1.277993232384478928e+00
1.267025199107583378e+00
1.235660101355877227e+00
1.219794141666755927e+00
1.189794842800090402e+00
1.166739833847559860e+00
1.159397552224606054e+00
1.156716908030738455e+00
1.149817617076122289e+00
1.146154727006284180e+00
1.108269342329089691e+00
1.108333818839991380e+00
1.124366165737632928e+00
1.137946712137433369e+00
1.140900938241272033e+00
1.143221504773595187e+00
1.150165913645302185e+00
1.145231778609071771e+00
1.149331143278887968e+00
1.174911776230644023e+00
1.185966652682044709e+00
1.188891261569110291e+00
1.207267454068038370e+00
1.262667927759830500e+00
1.287267546896681658e+00
1.300228138376841036e+00
1.307715494925661970e+00
1.327118093530002207e+00
1.303466189695872357e+00
1.279693791790937674e+00
1.254267559978524016e+00
1.246816731922257837e+00
1.250181682055309551e+00
1.227811882660318377e+00
1.209293966530031517e+00
1.229441080029421096e+00
1.242411639514392707e+00
1.241374374783358103e+00
1.246609189892491809e+00
1.269354566668181805e+00
1.264843457895919565e+00
1.275931149389503361e+00
1.265522880801814409e+00
1.257256738035450461e+00
