2.250000000000000056e-01
0.000000000000000000e+00
5.792439898927941311e-01
5.432795820259282982e-01
5.494252031697202110e-01
5.344286506269280146e-01
5.157846242628402189e-01
5.137182720706133798e-01
5.010680253265374917e-01
4.838610880000475678e-01
5.243339541217411082e-01
5.333063387537889666e-01
5.468932190055282305e-01
5.409270348553983920e-01
5.323491589131170709e-01
5.131492908488104465e-01
4.947498822497244930e-01
4.760708395437021068e-01
4.846662370017729149e-01
4.778166398648938107e-01
4.740413793790604347e-01
4.724806317136521772e-01
4.666751409815524387e-01
4.517894067767153077e-01
4.201977415993499720e-01
4.167585343976332179e-01
4.377468268389125283e-01
4.550173332658359326e-01
4.688613029371127561e-01
4.507816958147979891e-01
4.332583122215810101e-01
4.238010418575937632e-01
4.181093889470619551e-01
4.242084961456547010e-01
4.119075116784028379e-01
4.361912430092901860e-01
4.411971690914013311e-01
4.389373148292515792e-01
4.180108516331929036e-01
4.016526300962667273e-01
3.903560954804335403e-01
4.007045876838903342e-01
4.099489801985664594e-01
4.194004550743700710e-01
4.056740361670255757e-01
3.995928526131030112e-01
4.044929114886712807e-01
4.112603448324524957e-01
4.213282818029264742e-01
4.284293085707864823e-01
4.214890907240597673e-01
4.338501897271789809e-01
4.429764521353171669e-01
4.374632143379921789e-01
4.273608896460734385e-01
4.332628279852562270e-01
4.265300450829307422e-01
4.189176641772912046e-01
4.172859657369208941e-01
4.188045037733805209e-01
4.086515133874719652e-01
4.089168600828768096e-01
4.043852125151050636e-01
4.088684098954240564e-01
4.057572992095730413e-01
4.029455534548566642e-01
3.990504252959272691e-01
4.029506712991531847e-01
4.052257502261911171e-01
4.115379192906819528e-01
4.169774842095626544e-01
4.165879977736009487e-01
4.094777510887648297e-01
4.073739611106679259e-01
4.042589167481044909e-01
4.028092337198906359e-01
4.031032153387649197e-01
4.040919024639549328e-01
4.030659748924950714e-01
4.031603655484510829e-01
4.008524539784937279e-01
4.086058420445708439e-01
4.117890344488964183e-01
4.127739564066167377e-01
4.117752282952905629e-01
4.088775795229278032e-01
4.157410402281161432e-01
4.216251468351885356e-01
4.190146329839883332e-01
4.173289681250826888e-01
4.217261405978426358e-01
4.212058725567864870e-01
4.168008908894784703e-01
4.159174519961537086e-01
4.112371489050704598e-01
4.080445084975731218e-01
4.076591907722231234e-01
4.046653048161845123e-01
4.088556392089187086e-01
4.060408206878194370e-01
