2.250000000000000056e-01
0.000000000000000000e+00
0.000000000000000000e+00
7.531809087054142093e-02
1.738963198104840346e-01
2.678185992520040193e-01
3.727120835995724746e-01
7.172613259762337101e-01
7.399476969206831845e-01
7.508628449116485637e-01
7.615902775944521919e-01
7.767524211427592196e-01
7.522743306347251524e-01
7.009424836955990834e-01
7.587351551403009875e-01
7.824759586192691074e-01
7.928248990811541663e-01
7.913114338723432617e-01
7.942820373158226976e-01
7.974317132421138155e-01
7.914910480761082612e-01
7.956919524364597374e-01
7.999227483193339650e-01
7.876349864268489265e-01
7.878139035574149851e-01
8.034157104395446281e-01
8.117129655064172500e-01
8.105564135299301309e-01
8.037173730788281789e-01
8.242483286115677155e-01
8.211541595189413290e-01
8.147223851523729410e-01
8.139607041148426703e-01
8.040528685251168151e-01
8.107660280470591063e-01
8.079079929715253794e-01
8.107590425379922472e-01
8.240827864537566549e-01
8.249405464522687748e-01
8.171294261726813613e-01
8.161186703618726890e-01
8.117734334942082741e-01
8.110169354966278998e-01
8.130536829623069561e-01
8.157668890055338462e-01
8.337201081452233487e-01
8.322414542885949729e-01
8.421515750369136244e-01
8.244822492937422531e-01
8.181591953543576601e-01
7.988775402408765380e-01
7.641633534901266511e-01
7.751430518952208137e-01
7.959559806898569567e-01
7.992654088061191819e-01
8.079574061742270663e-01
8.308791772368975259e-01
8.325916181492671875e-01
8.282526995727259589e-01
8.366428650389970967e-01
8.264836686163955504e-01
8.319082965564684740e-01
8.157447076543400399e-01
8.264202739157657795e-01
8.117955306406875460e-01
7.925673491478061328e-01
7.834805149463063279e-01
7.638624060972708518e-01
7.462267945246807699e-01
7.369520607518355026e-01
7.213823651647809365e-01
7.306391140689357799e-01
7.195191852555675727e-01
7.062491140313336135e-01
6.986206005611930170e-01
6.620023806747923345e-01
6.394332002291185368e-01
6.119410075302512686e-01
5.652011024781873338e-01
5.258750353603385275e-01
4.941927345740418365e-01
4.631108780970462080e-01
4.584837158254291278e-01
4.485191528772123903e-01
4.824521283989459675e-01
4.913547580536468118e-01
5.153420569931370654e-01
5.316148354821329525e-01
5.331624165212469624e-01
5.430840711212235883e-01
5.616209207966985639e-01
5.821265923789730179e-01
6.133472972812938906e-01
6.460405928482253479e-01
6.708021290784197399e-01
6.812774143250117653e-01
6.899712855075803564e-01
7.042428652237381348e-01
7.429579092082573277e-01
7.591926768913220824e-01
