2.250000000000000056e-01
0.000000000000000000e+00
3.761936553474561906e-01
2.559797238184174928e-01
2.551827407817671700e-01
3.711626464263352854e-01
3.724960287071238385e-01
3.435153231580306832e-01
4.901715311091928151e-01
4.553248192792417326e-01
4.512111652432365672e-01
5.374793438759207787e-01
5.438267560074251383e-01
4.864695572415596025e-01
1.269570659934903256e+00
1.283452502631791337e+00
1.210929847246416058e+00
1.152935066682112097e+00
1.017452262358208515e+00
1.007381807291762188e+00
8.898188758798676323e-01
8.032611719265828620e-01
1.067036188407047170e+00
1.170336066844249290e+00
1.224076968245092045e+00
1.195358595494041332e+00
1.199018286822020274e+00
1.243287615925267930e+00
1.210677609751383388e+00
1.202924567576545645e+00
1.221988366454161090e+00
1.164205143970782341e+00
1.160223335101875586e+00
1.148040874975803316e+00
1.120155284802745177e+00
1.112954879775770900e+00
1.174427878008560633e+00
1.195301513184213960e+00
1.206628405932434367e+00
1.262813137626319637e+00
1.273561710308124928e+00
1.286640820593316414e+00
1.295786129813179643e+00
1.291574128113903708e+00
1.267403204450692655e+00
1.273087906659351898e+00
1.274435821512058808e+00
1.277595309192302242e+00
1.271560754181175978e+00
1.269700364792970104e+00
1.270333353608194660e+00
1.258218047809540829e+00
1.238131272199620936e+00
1.228117057538363532e+00
1.227421045358082052e+00
1.239655341116294718e+00
1.253219548803072403e+00
1.254326212772067128e+00
1.247393474001746272e+00
1.251788108310099457e+00
1.242156862661573546e+00
1.241046193912949125e+00
1.252038703681315202e+00
1.240577567886987476e+00
1.234686320129829484e+00
1.229784421527133853e+00
1.224681213149742876e+00
1.214541738947341409e+00
1.208087738975463177e+00
1.204876781864232749e+00
1.201183073791582290e+00
1.193971359048226599e+00
1.209163661477680618e+00
1.219350795838467061e+00
1.221788092903284717e+00
1.216646504657996175e+00
1.206266307969917184e+00
1.200301591540707813e+00
1.190975263693613062e+00
1.175417744096055817e+00
1.179154047853954390e+00
1.171138665485324637e+00
1.176481968231169128e+00
1.172744172037917254e+00
1.159798332437245616e+00
1.146583852479956978e+00
1.146467924106693292e+00
1.135406396615489477e+00
1.129998852638097961e+00
1.134153521337076365e+00
1.137533529659017439e+00
1.145784181047782235e+00
1.148798135872926229e+00
1.160470638499160545e+00
1.153238876255722412e+00
1.144068570530649920e+00
1.132375520228043442e+00
1.134677728652986550e+00
1.142727093195372579e+00
1.152690561121279655e+00
