2.250000000000000056e-01
0.000000000000000000e+00
0.000000000000000000e+00
0.000000000000000000e+00
0.000000000000000000e+00
0.000000000000000000e+00
1.028681603024570457e+00
1.177568889417246023e+00
1.179517147034708335e+00
1.181353650671690625e+00
1.183035949060910585e+00
1.184537108785863380e+00
1.185845665954322836e+00
1.388760902083813420e+00
1.391682219551038990e+00
1.385612535329943107e+00
1.386077031521836478e+00
1.383791950288748573e+00
1.371272419943587506e+00
1.350972131283879829e+00
1.348567349034375473e+00
1.344836391356369010e+00
1.330377066300447941e+00
1.316012998133850864e+00
1.292392377346277543e+00
1.256039727704337361e+00
1.182760954737976267e+00
1.229778729235338597e+00
1.218679414704510133e+00
1.179887751983509814e+00
1.155619365407628329e+00
1.134611877993479512e+00
1.110722786106054460e+00
1.099248545856387871e+00
1.076163691811164558e+00
1.061979193589275505e+00
1.045058668945207048e+00
1.066814556771114031e+00
1.071241155426087222e+00
1.049735810700285210e+00
1.066911624922831647e+00
1.056033111194877083e+00
1.193517924516752204e+00
1.186622537966094404e+00
1.201221740921806447e+00
1.236361367913136444e+00
1.255336032604466245e+00
1.242705490588388750e+00
1.232592245461091585e+00
1.191407490155004911e+00
1.163399751110829383e+00
1.132403291408664137e+00
1.143970936546960138e+00
1.121020971782698883e+00
1.179869036939130256e+00
1.195061053430071851e+00
1.182633952674548405e+00
1.215339167229683159e+00
1.223560796214044233e+00
1.233412188162472889e+00
1.221432428138893522e+00
1.202949227754922523e+00
1.196772639459759535e+00
1.215545607187410004e+00
1.184135343636222526e+00
1.175107238123986209e+00
1.141000655596612789e+00
1.109555581962410109e+00
1.123153182307237596e+00
1.159968065367603440e+00
1.136167213564155176e+00
1.134628620962673473e+00
1.179264172837821034e+00
1.153216673925589131e+00
1.134778299691020065e+00
1.121521987429323630e+00
1.114865965132210590e+00
1.094220063726124570e+00
1.086902447959769313e+00
1.111204240075623240e+00
1.108787362906111795e+00
1.096081717957160695e+00
1.073040366386468047e+00
1.065706983672483510e+00
1.061226496685469645e+00
1.077440560721897311e+00
1.097781113597522618e+00
1.158726457383952635e+00
1.303900792021813526e+00
1.319010138647090713e+00
1.308072192309345239e+00
1.280567554364780314e+00
1.254953908764247172e+00
1.228670652344699077e+00
1.198871400566817069e+00
1.171173491503583852e+00
1.144959850646298349e+00
1.138562232222483539e+00
1.119090832269950431e+00
1.108213109701036814e+00
