2.250000000000000056e-01
0.000000000000000000e+00
0.000000000000000000e+00
0.000000000000000000e+00
0.000000000000000000e+00
2.969935649361050145e-01
2.970607047940309609e-01
3.488648196616901953e-01
3.494155013186737158e-01
4.146669919164945872e-01
4.000394391899853574e-01
4.302039580678964636e-01
4.554434033190391529e-01
4.442681154781364383e-01
4.663542013054508550e-01
4.937623520486730255e-01
4.927643481034326145e-01
5.132623762661931988e-01
5.490048332686677801e-01
5.645727856825957236e-01
5.725032440883759399e-01
6.156431512088049729e-01
6.452366464837441251e-01
6.557352705938813697e-01
6.813370391462598707e-01
7.218752094832514565e-01
7.161477308249885043e-01
7.667839117479249289e-01
7.768292957622209283e-01
7.891856752072532455e-01
8.223839938002591721e-01
9.278940980546672712e-01
8.632127601845295262e-01
8.629066244327701085e-01
8.867596542388826997e-01
9.268584069664485003e-01
9.618286567689716682e-01
9.891744924089335145e-01
1.045614243144520117e+00
1.109516040314405538e+00
1.145656323091089224e+00
1.206609548045203262e+00
1.237074988862329805e+00
1.260398139646707660e+00
1.264919774141052500e+00
1.268800130646688284e+00
1.276453772907578221e+00
1.272000350122603152e+00
1.281528634210919559e+00
1.274251350799205484e+00
1.276906924816794353e+00
1.266754724486292893e+00
1.258982656176214077e+00
1.274408023184296024e+00
1.270009541231415628e+00
1.337117176255929296e+00
1.309800452923883807e+00
1.343017509989504976e+00
1.349801238896636280e+00
1.336355422004874338e+00
1.325234775447699187e+00
1.319346429875687399e+00
1.304789191799241577e+00
1.292735800752259800e+00
1.295204257112449353e+00
1.292460336725581582e+00
1.317368764837288708e+00
1.304860466629863103e+00
1.314220258466339608e+00
1.309884003903066585e+00
1.309725316281434848e+00
1.305708105804715746e+00
1.293857397716373425e+00
1.286135120810538712e+00
1.279748069675787692e+00
1.274542645950107467e+00
1.262757874539933045e+00
1.256673504440630751e+00
1.251884509274464152e+00
1.251431931867628133e+00
1.240396912012868613e+00
1.232460968109310828e+00
1.239482914909621369e+00
1.230111526194926697e+00
1.238270636914531986e+00
1.232716979080320518e+00
1.238580369168560402e+00
1.244388213900939677e+00
1.232251127826566872e+00
1.212779521798845961e+00
1.210246232077648587e+00
1.217030312340780185e+00
1.205839891736639080e+00
1.204133557881347016e+00
1.203444793635963572e+00
1.229445648472416108e+00
1.225087942894605764e+00
1.218168804467451682e+00
1.210852642757431763e+00
1.209789394189900724e+00
