2.250000000000000056e-01
9.435234663585392312e-01
8.597707169873787247e-01
7.794165957894430008e-01
7.120313497010849479e-01
7.164880055622231403e-01
7.207643872928171103e-01
7.402306781440953776e-01
7.199754317689612826e-01
7.055576458697088160e-01
7.114583685759554577e-01
7.080894176137702001e-01
7.020127264959831193e-01
6.925493553226169663e-01
6.957418670063811872e-01
6.954050880892630460e-01
6.849827472196020617e-01
6.892903087561456088e-01
6.795570977652086730e-01
6.831092428479540457e-01
6.862442110184723276e-01
6.949626970882084587e-01
7.183335590063980591e-01
7.197982202233950133e-01
7.245021298441036706e-01
7.289311639702031886e-01
7.280589261815539892e-01
7.393972352991097230e-01
7.311487535180161146e-01
7.144503619554011253e-01
7.128294781195595453e-01
7.039753621964905950e-01
7.090765643596622647e-01
6.999952956669938109e-01
6.960773130613440163e-01
6.921661804060562639e-01
6.918841276153833153e-01
6.856721881683184305e-01
6.807452581506422407e-01
6.830466904193389643e-01
6.780945910432520929e-01
6.776691188545668210e-01
6.800549212250082132e-01
6.840167199245205110e-01
6.842447602982876242e-01
6.793656034986534920e-01
6.805764407655996440e-01
6.797390815681086940e-01
6.798807876619068491e-01
6.820216337313952382e-01
6.836719300697073898e-01
6.848172314364628921e-01
6.862463070999333947e-01
6.901564166153650870e-01
6.907683988074575510e-01
6.880289722225234605e-01
6.895104489716666896e-01
6.880996761108775228e-01
6.869872081520093099e-01
6.911717084653742349e-01
6.966767578770901581e-01
6.957892324778106596e-01
6.951585403329565427e-01
6.926007432381473539e-01
6.926346487411843000e-01
6.936346497119999510e-01
6.949605870640053196e-01
6.938213134298568674e-01
6.936138922049635003e-01
6.923732628263509215e-01
6.917426539924567130e-01
6.917152968331361507e-01
6.916903576453583558e-01
6.932587885768703995e-01
6.918357902201500709e-01
6.927246145356225071e-01
6.949752061894505228e-01
6.975123232823196018e-01
6.990067144748945971e-01
6.994379680946490874e-01
6.972540598809927603e-01
6.965358369191998467e-01
6.962152880257469478e-01
6.957787917620541496e-01
6.943665898162729722e-01
6.950177970506148384e-01
6.939336393490167509e-01
6.925380307196082885e-01
6.898987152272789691e-01
6.915540410341798339e-01
6.934616947745326776e-01
6.920433201757731911e-01
6.939208483005162575e-01
6.915701797129871764e-01
6.915067087354701547e-01
6.890636662890848863e-01
6.889664864712293779e-01
6.911290453452830773e-01
6.934259169978990167e-01
6.930122059214792740e-01
