2.250000000000000056e-01
0.000000000000000000e+00
0.000000000000000000e+00
0.000000000000000000e+00
0.000000000000000000e+00
0.000000000000000000e+00
0.000000000000000000e+00
0.000000000000000000e+00
9.943936913888778983e-01
9.399767194705002105e-01
8.848243805975531950e-01
8.553027321896096158e-01
7.581679630847465434e-01
9.665119495611796951e-01
9.489518518974829897e-01
9.612422202351064149e-01
9.003658843211042040e-01
9.008362091417727591e-01
9.172295579453654257e-01
9.553616046258014416e-01
9.903458740770126889e-01
9.965233668119720667e-01
1.010471277559885861e+00
1.022422896944572335e+00
1.027105377200308034e+00
1.033413320915391731e+00
1.014761345710045504e+00
1.008574533286919372e+00
1.000559849777135524e+00
9.515189136353937593e-01
8.960215708231104026e-01
8.757736187285783958e-01
8.773643839211470175e-01
8.537037214817787545e-01
8.622596880833396371e-01
8.876213912063485312e-01
9.508681398150568009e-01
1.002751928907548828e+00
1.047595657509770017e+00
1.017963611807870539e+00
1.007187834927990355e+00
1.038627524194345675e+00
1.032542522111497441e+00
1.047795394343473685e+00
1.042796254026463920e+00
1.039815455075814521e+00
1.021486917022387031e+00
1.011503366334743692e+00
1.015254983676339595e+00
1.001334406604825089e+00
1.011056668871018971e+00
1.010338143283703305e+00
1.013243092954100089e+00
1.031257505331910407e+00
1.045102070098714586e+00
1.052048185461248009e+00
1.056238579311459258e+00
1.071144045645870513e+00
1.122919437659852138e+00
1.170595385842914782e+00
1.176893242347482493e+00
1.168125130306951753e+00
1.110882143735766991e+00
1.162304681447038135e+00
1.161383420129215693e+00
1.158106307598055773e+00
1.179702754431717127e+00
1.185814863398275243e+00
1.193792044784417472e+00
1.197929231084574608e+00
1.192395163686463588e+00
1.130065131587667526e+00
1.105168271804615854e+00
1.062684074166226011e+00
1.033407195256343725e+00
1.023254770782188405e+00
1.010822921003207364e+00
9.937497239731571952e-01
9.776277478498258677e-01
9.737197080909520963e-01
9.961962745981287615e-01
9.876642980476814104e-01
9.706321559808546162e-01
9.876225297632275080e-01
9.816034827527237994e-01
1.003238838925600618e+00
1.009036579497521124e+00
9.920122419305268391e-01
1.008002000728526415e+00
1.003997801843122817e+00
9.986735218138037551e-01
1.017139433582524566e+00
1.013936815294844918e+00
1.005986900224526970e+00
1.026682875922104277e+00
1.050584335623990562e+00
1.044946594216195512e+00
1.074463604951576112e+00
1.065035286840339435e+00
1.067886198402557163e+00
