2.250000000000000056e-01
0.000000000000000000e+00
0.000000000000000000e+00
1.660865508726216688e-01
1.660616124431839591e-01
2.149952739370409593e-01
2.127190100742924472e-01
2.137496373979293762e-01
2.250429701439881081e-01
2.696304930459299531e-01
2.721191638737845420e-01
2.742509504860199954e-01
3.323607463586619182e-01
3.340977249253005432e-01
3.405571693085904794e-01
3.434623266533241015e-01
4.029355267833243381e-01
4.088074794918605814e-01
4.135320456386012977e-01
4.122743531959186525e-01
4.199981971474831544e-01
4.845491737060196313e-01
4.877626816819817246e-01
4.909999104883578935e-01
4.943130103015241916e-01
5.627225141236068540e-01
5.616639977363389047e-01
5.660255138752855464e-01
5.675816842657649408e-01
5.699085176258231744e-01
6.536277702961270641e-01
6.402183609010728693e-01
6.444361111196692526e-01
6.429773693188878259e-01
6.443711028234466731e-01
7.306742250568908359e-01
7.253952112075665593e-01
7.303441709355443789e-01
7.199344884320852955e-01
7.307472472038549771e-01
8.062671034283871441e-01
7.990448631420704606e-01
8.031997390783344182e-01
8.065920365274733550e-01
7.884701765296349141e-01
8.799323047390991137e-01
8.731828879467670168e-01
8.767358363500135088e-01
8.795111345085249166e-01
8.791540494274465711e-01
9.535700873990461401e-01
9.548324545547921538e-01
9.560059434927958844e-01
9.517132889420257813e-01
9.529828792522242464e-01
1.051796868479902836e+00
1.027258104245363457e+00
1.035511386398064060e+00
1.038704898607065719e+00
1.047103051617949809e+00
1.140436236479632992e+00
1.280798720755523146e+00
1.329222955805324125e+00
1.363051905041571921e+00
1.376554194463686542e+00
1.398088792876025943e+00
1.419276295222126283e+00
1.439523938945666215e+00
1.454129426547182025e+00
1.463818130417846808e+00
1.465307354698930142e+00
1.501518284846142581e+00
1.503795384596191331e+00
1.598028103012000489e+00
1.619954164067930469e+00
1.635135522512984885e+00
1.665953509415849298e+00
1.644625035733627616e+00
1.674882324629183294e+00
1.670258220402599081e+00
1.662374466730649036e+00
1.676378551459563937e+00
1.716259573089478296e+00
1.739369076514582835e+00
1.751521198255196587e+00
1.827717134906923002e+00
1.858461590031609267e+00
1.854217313218825325e+00
1.855918902537314397e+00
1.852366559736583040e+00
1.840295063248975627e+00
1.878281889498049528e+00
1.894648565347924585e+00
1.888456011918892452e+00
1.890496728100414803e+00
1.899369942284012680e+00
1.907820315873173467e+00
1.909249441377657730e+00
1.919127667698268924e+00
1.927528708617776365e+00
