2.250000000000000056e-01
0.000000000000000000e+00
0.000000000000000000e+00
0.000000000000000000e+00
0.000000000000000000e+00
0.000000000000000000e+00
0.000000000000000000e+00
4.698046840805153446e-02
7.262020128433996358e-02
7.700167616239755874e-02
8.472710556390880554e-02
1.024500461365259324e-01
1.317327884746696542e-01
1.536195419765493120e-01
1.637359464907846562e-01
1.755339517202921806e-01
1.780631702259740379e-01
1.935750557625339485e-01
2.011168285237378839e-01
3.316232343309206132e-01
6.080847292896031098e-01
1.257167030647725392e+00
1.479134011140372573e+00
1.559983954182938337e+00
1.507845338308888339e+00
1.476867435252750216e+00
1.887097969860298097e+00
1.921118293074045802e+00
1.896203795494666222e+00
1.947761079973077347e+00
1.957373810098679723e+00
1.964721147486373276e+00
1.973989078263962860e+00
1.934240593666983532e+00
1.914537526967255321e+00
1.931884452423483500e+00
1.948598041024268035e+00
2.070508659588808253e+00
2.186269124449523371e+00
2.148956259007263281e+00
2.103919394725208392e+00
2.092807356884162306e+00
2.056007600530227464e+00
2.017997780278157904e+00
1.999914528265371860e+00
1.913498124818364454e+00
1.872352347403666517e+00
1.802622190883968356e+00
1.740569793599584303e+00
1.702756978440447488e+00
1.639670602063080240e+00
1.502677430328855257e+00
1.410410780858531110e+00
1.426238051877446011e+00
1.370517032262755119e+00
1.269125360313871909e+00
1.485692367053722318e+00
1.711374450911992362e+00
1.889725243269567700e+00
2.019314861349291501e+00
2.130688992977312068e+00
2.176311558138665614e+00
2.299210182272966030e+00
2.401014286522697105e+00
2.389523048781230674e+00
2.427773471986804044e+00
2.497227829043440206e+00
2.547555770822979238e+00
2.557702152481080127e+00
2.581332208037149467e+00
2.592387646418077285e+00
2.576616279274390298e+00
2.593272817637057415e+00
2.608395922789580101e+00
2.593041064609906687e+00
2.605692608838241497e+00
2.592132886682168902e+00
2.590966876306030731e+00
2.610844413551273835e+00
2.567547583753384099e+00
2.536008253088947395e+00
2.500144658571364253e+00
2.460203992488803060e+00
2.430502163485277922e+00
2.384435442650639114e+00
2.346051013275195718e+00
2.333857545903735620e+00
2.348876766169429420e+00
2.304971195705937337e+00
2.260066159144252573e+00
2.227117547058112379e+00
2.131287038564539049e+00
2.221293808897019773e+00
2.146307781298216533e+00
2.082272008490023918e+00
2.121806423815174814e+00
2.186542024158015352e+00
2.222830169899784991e+00
2.243299030957026652e+00
2.250048624397225971e+00
