2.250000000000000056e-01
0.000000000000000000e+00
0.000000000000000000e+00
1.662542467767606169e+00
1.645059498394378483e+00
1.644831411815210753e+00
1.622882625953428137e+00
1.636588448248258665e+00
1.636773915630983511e+00
1.624096168586986799e+00
1.618398916733802428e+00
1.610712146651322563e+00
1.603298030762931869e+00
1.602104100498280559e+00
1.569410066085154876e+00
1.546649783423977187e+00
1.496774291641666865e+00
1.487393574103603289e+00
1.461623636490889888e+00
1.447647409707282229e+00
1.415960722600074106e+00
1.377757750121565428e+00
1.333199328065913125e+00
1.282010119152300343e+00
1.245815518166277114e+00
1.230858518155281800e+00
1.172176030472780628e+00
1.164587757637763010e+00
1.130741842915548467e+00
1.084592368805462392e+00
1.105392038695095946e+00
1.134148035546521216e+00
1.150041787914918734e+00
1.140183456488628178e+00
1.114545730885609487e+00
1.096083160993981620e+00
1.055835271240369799e+00
1.003402560855747083e+00
9.964975811778286063e-01
9.637215787401480771e-01
9.643068814921053056e-01
9.444492774662359702e-01
9.263040583643742387e-01
8.970118503686467237e-01
9.141705831124931070e-01
9.039645097611749280e-01
8.839286245645207041e-01
8.863100734301160299e-01
9.101983601658539813e-01
9.043559952275828095e-01
8.985251097617982241e-01
9.097294482259273840e-01
9.146249265507589987e-01
9.323576548580866374e-01
9.487175150002222779e-01
9.500592188871683774e-01
9.589216737663586176e-01
9.565806818335074180e-01
9.669193269582818662e-01
9.811170668638015124e-01
9.766630077421897260e-01
9.902945187232439217e-01
1.003176107615348700e+00
9.846002527730925991e-01
9.776899511495329431e-01
9.786495435866952031e-01
9.847198967434404038e-01
9.811456413153152312e-01
9.898849320393225959e-01
9.905944251516892729e-01
9.925117902574939199e-01
9.951217786054235015e-01
1.010733463189272818e+00
1.016555812981894569e+00
1.020422002973024211e+00
1.020808229192913030e+00
1.016529248484250747e+00
1.014908242346598710e+00
1.013756467612842771e+00
1.007524717451628193e+00
1.011697598220252292e+00
1.025802872070433525e+00
1.052381923378061579e+00
1.057791888752790177e+00
1.064350904091123429e+00
1.084712486538280007e+00
1.091391431333863515e+00
1.107753704643297699e+00
1.123958361714531673e+00
1.135892026969218316e+00
1.144117371235971126e+00
1.138193098919275448e+00
1.136895439776769434e+00
1.149724896246797856e+00
1.159745419880957362e+00
1.167544759453188252e+00
1.163534593968680753e+00
1.147156366849051201e+00
1.139719715731367877e+00
1.136454434382872414e+00
