2.250000000000000056e-01
1.141097860648402573e+00
1.171429597045026139e+00
1.157932124456278355e+00
9.917310333458823068e-01
8.839893490028163381e-01
8.909969997885324178e-01
9.419248354013552982e-01
9.385338896343078385e-01
9.888439307270231460e-01
9.597368612259837839e-01
9.677407032044167412e-01
9.426996774605728158e-01
9.238463673206481763e-01
9.100372664795114419e-01
9.327797694405018936e-01
9.409731677587762633e-01
9.444537161714456897e-01
1.007185859355796520e+00
1.016968493805004758e+00
1.027834248666810613e+00
1.026988270765327727e+00
9.925903673096457824e-01
9.623403118276512291e-01
9.442811798443374594e-01
9.141614224390036680e-01
8.842879546119520873e-01
8.749166496252008818e-01
8.445537422231462754e-01
8.213609547161004887e-01
8.091775480744184401e-01
8.032429841242311186e-01
8.281653761090937982e-01
8.569812598687112093e-01
8.564371745868294417e-01
9.051506514380101009e-01
9.193387018636151042e-01
9.148458522236260215e-01
9.333371714317758583e-01
9.312280122684507555e-01
9.280184362769811068e-01
9.256645162607848309e-01
9.248846675778356063e-01
9.298642136184289697e-01
9.211024370473286371e-01
9.078798143849760027e-01
8.860186557793741091e-01
8.765347110895724825e-01
8.548774784350017253e-01
8.577347776239488963e-01
8.579655028327691779e-01
8.669111257217276822e-01
8.851166007438621142e-01
8.931101406773306328e-01
9.060697871447231933e-01
9.087671572355571215e-01
9.092982141702563581e-01
9.175466826209164317e-01
9.250821395818994430e-01
9.299684389586138078e-01
9.363284796322787207e-01
9.469995408892238897e-01
9.386789775932412594e-01
9.271892573424401762e-01
9.280065478306415150e-01
9.291382568922273988e-01
9.178102859607281117e-01
9.210878593442565210e-01
9.191606480488092590e-01
9.138756913251898650e-01
9.130207485612524820e-01
9.170236618796862027e-01
9.073026120289175989e-01
9.062182124773791037e-01
9.014162718132112673e-01
8.998598655871327123e-01
9.000028412707329339e-01
8.963502187837910640e-01
8.933194252722275186e-01
8.920521672227794685e-01
8.964139616980177916e-01
8.921309063999744993e-01
8.996567368768698669e-01
9.011615012819094162e-01
8.930220411656111246e-01
8.850010026536190288e-01
8.934250925584489300e-01
8.891079583206891179e-01
8.828220426821848932e-01
8.876278988792769553e-01
8.864604278791152758e-01
8.835353618419616861e-01
8.831927928569535124e-01
8.829190578133717660e-01
8.786189888218465249e-01
8.784925695030604276e-01
8.832273714395716402e-01
8.868212963196143717e-01
8.829411624558939353e-01
8.830348432705785733e-01
