2.250000000000000056e-01
0.000000000000000000e+00
1.781790804722639843e+00
1.807491179580851925e+00
1.584141258592215440e+00
1.696730786732580487e+00
1.686206752401518516e+00
1.609170498673607730e+00
1.603886271102140215e+00
1.582400052893182307e+00
1.552867028982289677e+00
1.556689163232867212e+00
1.524834737410784014e+00
1.510922936176171349e+00
1.488556421584493972e+00
1.472193221198405899e+00
1.450192533885526824e+00
1.427568644988739477e+00
1.390501685690718192e+00
1.359864810857875250e+00
1.320687892455128187e+00
1.302045752611302287e+00
1.284152588733210809e+00
1.238746509120850270e+00
1.209225590801273897e+00
1.184405034707768145e+00
1.182644818106964202e+00
1.177401257951071090e+00
1.156605980329893368e+00
1.133636853612676854e+00
1.120576341733493964e+00
1.114912330579608257e+00
1.113126793014989291e+00
1.112751245807253930e+00
1.102738591745598962e+00
1.094371881404923919e+00
1.101057068950227036e+00
1.106062417069843873e+00
1.120454337779775322e+00
1.129358122337278836e+00
1.142602638913701618e+00
1.165900830592337512e+00
1.172487812209102254e+00
1.168777588729575045e+00
1.154580576800439351e+00
1.141706880063546814e+00
1.142050029451348259e+00
1.146239226717316928e+00
1.152672273230868960e+00
1.141811516876145571e+00
1.125685337556457721e+00
1.099273204152391825e+00
1.077702836441555068e+00
1.056156302097744026e+00
1.041553031856925493e+00
1.014997913118783179e+00
9.892647954914886022e-01
9.882918981093725685e-01
1.008289921507585118e+00
1.012590604114449899e+00
1.027627122980441010e+00
1.048719290612865729e+00
1.052601067532806800e+00
1.073064301210467697e+00
1.073673889016977467e+00
1.079256231465615112e+00
1.104876645160267179e+00
1.132969464866483422e+00
1.160091636814017280e+00
1.173873994621675410e+00
1.180876848280053126e+00
1.177385168728524167e+00
1.171623341089196524e+00
1.177327942733477073e+00
1.195469272687821549e+00
1.195732421356624942e+00
1.185682195888365875e+00
1.187690069984764341e+00
1.195016863201848745e+00
1.210546092419300557e+00
1.216432766868467352e+00
1.207589577608533693e+00
1.203733302214816669e+00
1.194077926478646523e+00
1.191007002231446732e+00
1.189388437521012865e+00
1.193358564601019411e+00
1.198849722807675544e+00
1.206304129802700631e+00
1.212889374438451906e+00
1.209960993229671100e+00
1.208741096511354751e+00
1.198687105154548460e+00
1.187960020166172193e+00
1.180991665602496798e+00
1.172245274381237046e+00
1.159393786667629822e+00
1.151364389662184129e+00
1.154978017345845709e+00
1.137389109475970050e+00
