2.250000000000000056e-01
0.000000000000000000e+00
0.000000000000000000e+00
0.000000000000000000e+00
0.000000000000000000e+00
1.387144370320521736e+00
1.359324868980585910e+00
1.360024100017111603e+00
1.389559158487942536e+00
1.417213345196677965e+00
1.434782887981745469e+00
1.465270742768022050e+00
1.727581343589826623e+00
1.771944334009782240e+00
1.766402668225967920e+00
1.746659797341259424e+00
1.733941338978344016e+00
1.728705511028979069e+00
1.701832938942604789e+00
1.681049095343204680e+00
1.668057851986381124e+00
1.722125888841524066e+00
1.691565035729190480e+00
1.669123240905490135e+00
1.643522876675776567e+00
1.598920972288526254e+00
1.579729333793457924e+00
1.591171039599075909e+00
1.612683196744840064e+00
1.585173245949943910e+00
1.563375938890666283e+00
1.552501550223719828e+00
1.522794023479065784e+00
1.514325407460795248e+00
1.481411868203500237e+00
1.468690219082648518e+00
1.438563785497142478e+00
1.406325595671917172e+00
1.379692885748398323e+00
1.338389966494547778e+00
1.305697234270460694e+00
1.327428154828827145e+00
1.320078588696777855e+00
1.284239226862992300e+00
1.244438700216086158e+00
1.190904344180813368e+00
1.183520823691545099e+00
1.210215208382702912e+00
1.207769154091169028e+00
1.271076709634584079e+00
1.256753415457356304e+00
1.341521612507886596e+00
1.386804150161062177e+00
1.374102082085904231e+00
1.368992075597563307e+00
1.409259223738664968e+00
1.432630215178079647e+00
1.473206229970202452e+00
1.460813267262291770e+00
1.448763111961464567e+00
1.493558104648815776e+00
1.491110172757478924e+00
1.467795393859177011e+00
1.456331493570514279e+00
1.440060185641128587e+00
1.468178316343051959e+00
1.443649433463619181e+00
1.415660075973104615e+00
1.413806523824577610e+00
1.382534397269762128e+00
1.369682488985214830e+00
1.367782915985780612e+00
1.438280896057765323e+00
1.444564913114741334e+00
1.421901885219776451e+00
1.393750437019890320e+00
1.369222967547850889e+00
1.343597498194453177e+00
1.313618796736343741e+00
1.320931481345196445e+00
1.304574452251832994e+00
1.287926806694828397e+00
1.273802922026226359e+00
1.273726030099629813e+00
1.251614348587983816e+00
1.320033500625247269e+00
1.315526173179579761e+00
1.346853348220125479e+00
1.370818767487180345e+00
1.364856809713315799e+00
1.366151524303095943e+00
1.364701649035225728e+00
1.381550314771040622e+00
1.395234513531018683e+00
1.377556772963649090e+00
1.370010252068435408e+00
1.323544806384156169e+00
1.319728199732289164e+00
1.294969983427871618e+00
1.304253777559299055e+00
