2.250000000000000056e-01
0.000000000000000000e+00
0.000000000000000000e+00
0.000000000000000000e+00
0.000000000000000000e+00
0.000000000000000000e+00
0.000000000000000000e+00
0.000000000000000000e+00
2.765579312180451166e-01
3.296180832669924898e-01
3.508982051740791031e-01
3.625619092694531420e-01
3.845325825776849671e-01
3.865729088633776955e-01
3.847765911249107496e-01
3.748383718616153382e-01
3.511538677901051564e-01
3.793741187724343766e-01
1.032141051936561027e+00
1.200357032463648554e+00
1.249443127803959497e+00
1.275178146289753123e+00
1.278003239794659018e+00
1.258939406886560475e+00
1.395118879915394627e+00
1.464866377591120372e+00
1.455675294764066985e+00
1.485040177335386735e+00
1.508936083743725565e+00
1.520033613322952837e+00
1.508507310757488007e+00
1.493088194941822655e+00
1.470842635687370281e+00
1.456531070639055070e+00
1.444664851023880869e+00
1.443210758789961412e+00
1.426848698695700524e+00
1.404411520640831856e+00
1.392067148327744919e+00
1.377767117011394982e+00
1.400462275652887945e+00
1.411106246498188499e+00
1.420808922602689428e+00
1.425479430518614476e+00
1.428037726611118163e+00
1.419633713377044026e+00
1.421810024498329827e+00
1.429111872316792153e+00
1.418164913655351800e+00
1.410787540566263987e+00
1.395465397495721627e+00
1.423356635587601282e+00
1.462166643291258117e+00
1.472943600661459573e+00
1.470089131841712193e+00
1.463256429974812756e+00
1.485102287501735896e+00
1.487718210471797420e+00
1.487421835565848616e+00
1.493279418647477153e+00
1.494072019803000639e+00
1.501172962393280574e+00
1.494700022600893741e+00
1.493815460447930787e+00
1.504893754971278197e+00
1.492558223715304777e+00
1.487173978494009674e+00
1.487084066919333036e+00
1.502143970321259125e+00
1.492599111408554391e+00
1.482183836642957830e+00
1.490634650396208905e+00
1.490934557369606228e+00
1.487110455017916166e+00
1.485080195820195126e+00
1.496273817197987910e+00
1.507263727374442253e+00
1.513397199201539145e+00
1.510478509498633048e+00
1.509027428995441289e+00
1.503658080238850170e+00
1.506607860170882773e+00
1.507307422670065788e+00
1.514901887465094132e+00
1.527912643924166813e+00
1.530702380275583474e+00
1.532744195456879455e+00
1.526779150880293923e+00
1.526338606864576120e+00
1.513563225246523869e+00
1.502472568486145965e+00
1.502008885677345251e+00
1.510689085889392880e+00
1.511558008654957153e+00
1.510372956073251505e+00
1.513672491498044614e+00
1.525209035277654390e+00
1.521258713577613886e+00
1.509730008498508358e+00
1.509724414810861504e+00
