2.250000000000000056e-01
0.000000000000000000e+00
0.000000000000000000e+00
0.000000000000000000e+00
9.894694160670663985e-02
9.893547363995983113e-02
9.892759903821025935e-02
1.005233191374253626e-01
1.058220640555238151e-01
1.037869140827281933e-01
1.109484523661834338e-01
1.191384673736953087e-01
1.367174079605577852e-01
1.479332789126653613e-01
1.741971252657087410e-01
1.851929407066822686e-01
2.148900164279164693e-01
2.298799597557167063e-01
2.599163768383598860e-01
2.632584745749615429e-01
2.966380138192638016e-01
3.162542636697551757e-01
3.635762706555959456e-01
3.849225400831627897e-01
4.489364358341805250e-01
5.331153116070407316e-01
7.139475105389193610e-01
6.928939308541871567e-01
6.526675283352919577e-01
6.446797070780209138e-01
5.811142086262091055e-01
5.806492573891967046e-01
5.227051353515040910e-01
4.640938316411024611e-01
4.664401106252264451e-01
6.361602425125008065e-01
6.641223814876886511e-01
6.721288775201333943e-01
6.369437996256154255e-01
6.401152060394518228e-01
6.394056595958705902e-01
6.469297360712527034e-01
6.747184560027511546e-01
8.182184766205690130e-01
8.247519444677936518e-01
8.434859673921143441e-01
8.760991820145497266e-01
8.979598057543581868e-01
9.321618010717975800e-01
9.545412264613298836e-01
9.550715469122393886e-01
9.671890268150966641e-01
1.009003663921814731e+00
1.002604530732117860e+00
9.863988604823480388e-01
9.438743055561104045e-01
8.576501077048527266e-01
8.263460676042853059e-01
7.939287608508123206e-01
7.680398438988643717e-01
7.710865918593052815e-01
7.504995828710092631e-01
7.419106144795770685e-01
7.795319194473839808e-01
7.750459253931633041e-01
8.151225242812998317e-01
8.330281728786250728e-01
8.570575606832758764e-01
8.709687688318095145e-01
8.922549730851337957e-01
8.953904503587807318e-01
8.772020022645174997e-01
8.802318724731816868e-01
8.980600927447485171e-01
9.134513457857611485e-01
9.152548510366160794e-01
8.876724056177347499e-01
9.046805762107255067e-01
8.887044695828162366e-01
8.859214867258977666e-01
8.765311569420011217e-01
8.809619956025395160e-01
8.793631089844716753e-01
8.934808681530880259e-01
8.978580817356581756e-01
8.904055596370118453e-01
8.861714079239199071e-01
8.735750321132375040e-01
8.593351404679678840e-01
8.538211997354125948e-01
8.715354076774191050e-01
8.784714614552938672e-01
8.766855840593384963e-01
8.682608549666031017e-01
8.617395632577710129e-01
8.426333544759121441e-01
8.290003296631061058e-01
8.252490254766160493e-01
8.227490283592877596e-01
8.133476408923095979e-01
