2.250000000000000056e-01
0.000000000000000000e+00
0.000000000000000000e+00
1.509938112487883011e-01
1.509897316159109493e-01
1.509858551289852691e-01
2.093281497194101615e-01
2.102982744152209482e-01
2.111447204415105583e-01
2.505725753494566499e-01
2.402262503058705534e-01
2.410018146190529287e-01
1.263970452722720461e+00
1.288718606012543066e+00
1.225692903849120663e+00
1.010085018744748542e+00
1.058941713967956888e+00
1.065360066827017338e+00
1.003176701840680973e+00
1.008960528789782485e+00
9.661259612655423989e-01
9.264508920510711176e-01
9.874382053810292215e-01
9.741664081944674258e-01
1.090893755290627487e+00
1.099172599778986292e+00
1.148568825410323679e+00
1.136965546671093952e+00
1.156414360117136608e+00
1.137363426440469061e+00
1.141066267627796726e+00
1.138041149686948028e+00
1.179478181706937523e+00
1.192643398183967696e+00
1.214761465896535553e+00
1.236384214083850130e+00
1.238810358076891438e+00
1.242139739714454905e+00
1.260392212638855813e+00
1.272247198349988118e+00
1.269664979231645674e+00
1.278536873021132392e+00
1.261905414671099956e+00
1.273079656994648978e+00
1.307456053498834647e+00
1.306550152478641369e+00
1.295635052089756600e+00
1.316606102739090733e+00
1.307691133508119607e+00
1.301729142044660836e+00
1.248508938312368644e+00
1.209686695399239786e+00
1.210396695093719721e+00
1.248156177093058039e+00
1.232747368353968698e+00
1.222099610225493516e+00
1.223571313975122310e+00
1.200403258320621891e+00
1.177287959224498248e+00
1.175709223796918002e+00
1.177541191750998140e+00
1.169754353310326955e+00
1.168287046285967135e+00
1.164104721092406702e+00
1.157543549470739785e+00
1.171750732853138244e+00
1.178567422286044053e+00
1.177106139513594441e+00
1.173317439746992541e+00
1.182787697001012051e+00
1.197235837777295364e+00
1.191633304024760198e+00
1.200026706631861062e+00
1.202681389254665500e+00
1.192171192196145757e+00
1.197988449646394171e+00
1.199056443624242130e+00
1.221388763505920627e+00
1.222308687599965138e+00
1.224771624829759764e+00
1.216842870536200660e+00
1.220636116721168785e+00
1.216133616393265893e+00
1.216157592613499538e+00
1.215116376855766678e+00
1.213119295714321977e+00
1.219956005782701247e+00
1.220097731843619915e+00
1.223819494336885416e+00
1.245371572337035992e+00
1.240306588772214225e+00
1.219652470660221866e+00
1.218925851418018347e+00
1.209958767944761204e+00
1.195201010555900334e+00
1.182850343658902847e+00
1.158883483505173118e+00
1.138905461958076071e+00
1.117345356767424303e+00
1.105513285417605296e+00
