2.250000000000000056e-01
0.000000000000000000e+00
1.510884755034863081e-01
2.031877282514287231e-01
2.038244570465402583e-01
2.522910412616968800e-01
2.555160066512557338e-01
2.569853374687766090e-01
3.139374468998175072e-01
3.164005520961119533e-01
3.190294303362916639e-01
3.564786987550311870e-01
3.855844112776498633e-01
3.900501409653167051e-01
4.269012595522430620e-01
4.327533065923751532e-01
4.328849103711713830e-01
4.661288711418530295e-01
5.086585073531569856e-01
5.088166243418817958e-01
5.080045287418624156e-01
5.518364863480915705e-01
5.852111396621062500e-01
5.918882243076323268e-01
5.895071351947201999e-01
6.502033520271652822e-01
6.339171921027070278e-01
6.315104064974791376e-01
6.709702827959034277e-01
6.758778008493794287e-01
7.416509095218581926e-01
7.135344678840138677e-01
7.084645885961360356e-01
7.016576547777151340e-01
8.048225765649816843e-01
8.128111513424108869e-01
8.133491197391643501e-01
7.830486908798526269e-01
8.418290291480663434e-01
8.845206640538307852e-01
8.767273086159569351e-01
9.515594977598181847e-01
1.083406448011657863e+00
1.151770358718057663e+00
1.169571784290347694e+00
1.129091597446336470e+00
1.108046430613898847e+00
1.103730788727090406e+00
1.040554364546723454e+00
1.005209320840377174e+00
1.039202332703120124e+00
1.015712422450620211e+00
9.731422719132666321e-01
9.485206698412158577e-01
9.027902777532414991e-01
1.045608868149649151e+00
1.086701627684266480e+00
1.110627696295743316e+00
1.082037306312827907e+00
1.103962287098067874e+00
1.099237162665263279e+00
1.093937807368053461e+00
1.196468394397972812e+00
1.193109632439377510e+00
1.170011029197212782e+00
1.137113128274515939e+00
1.001428820856975044e+00
9.147695889158619087e-01
8.829007720761568034e-01
8.593640099808483868e-01
8.543007561679949458e-01
8.932313563257481270e-01
9.063549903957939247e-01
9.223415688870126861e-01
1.008469905419876911e+00
1.032869747585816178e+00
1.040645576655116367e+00
1.063318418740816673e+00
1.065490608818207008e+00
1.065828248126800659e+00
1.090638228927964137e+00
1.121270456990061337e+00
1.159554305004917962e+00
1.202504448204137377e+00
1.219383624539198019e+00
1.223571523929032567e+00
1.236860366128051947e+00
1.237167238174307293e+00
1.242022201840036422e+00
1.253654261954392224e+00
1.254160204589622962e+00
1.263005743630263744e+00
1.270090504553324617e+00
1.304616641354964690e+00
1.307717625255237825e+00
1.305157205591799707e+00
1.301628439511067326e+00
1.320900954971802488e+00
1.324025161946261964e+00
1.315238816312592762e+00
