2.250000000000000056e-01
0.000000000000000000e+00
0.000000000000000000e+00
1.557398540106573193e-01
1.555579972430339297e-01
2.199742135216434802e-01
2.138114178688601541e-01
2.142921305234077589e-01
2.717523363692085914e-01
2.750829132908751973e-01
2.697352525792861555e-01
2.694074354215071909e-01
3.227651085711038537e-01
2.537453827020643704e-01
2.165774825538710757e-01
2.403119415799588321e-01
2.429641068828533590e-01
2.471219015269980612e-01
2.482577684978186372e-01
2.890125623775485764e-01
3.056559123296079261e-01
3.039850325261592157e-01
3.351586676130055009e-01
3.591242758792312362e-01
3.698338695260142139e-01
4.019506641687557447e-01
4.270701369240692546e-01
5.055480421853612016e-01
5.237629141637759611e-01
5.448165211272069097e-01
5.872606511156956977e-01
6.068038283699829227e-01
6.926828453709228395e-01
7.042931486076663417e-01
7.162902947310936241e-01
6.948667497982549124e-01
7.015249173411628458e-01
6.868812808336882680e-01
6.824676737214560029e-01
6.825712322195871540e-01
6.967642657044825771e-01
6.909051082879271721e-01
6.945790278537952167e-01
7.051348028226910314e-01
7.085238005422419549e-01
7.029554242650720708e-01
7.034226130585905512e-01
7.155937039518645015e-01
7.106488386802124468e-01
7.048024882996125617e-01
7.072343813097963228e-01
7.254999422015181443e-01
7.487417770792688110e-01
7.626315039178988009e-01
7.660874123342952258e-01
7.694629483339529008e-01
7.808018839337408368e-01
7.964573370292202803e-01
8.015158614894329903e-01
7.952038238455382269e-01
7.825952990248365992e-01
7.787293444634244555e-01
7.762817374797671421e-01
7.631982242400966454e-01
7.546729470368049864e-01
7.519967567172632927e-01
7.383277352637244162e-01
7.322428841238121100e-01
7.366972813672691967e-01
7.444939169069842988e-01
7.461742996576568032e-01
7.591785202397548504e-01
7.655306411317753801e-01
7.663677235312994496e-01
7.702180062344214928e-01
7.741134577995857358e-01
7.714377106818357532e-01
7.700997429014615481e-01
7.696759191348939710e-01
7.706657737520514750e-01
7.652863808744913010e-01
7.600942210241466990e-01
7.594887163380300565e-01
7.648795965725374568e-01
7.639250983852371446e-01
7.647582901695447744e-01
7.650104095091594392e-01
7.655409047606184236e-01
7.636064370843493876e-01
7.637416285703553243e-01
7.677033295736631624e-01
7.630288299766700977e-01
7.594979287879395358e-01
7.619206640740741054e-01
7.570981540844777813e-01
7.487441751232744025e-01
7.461516807502697191e-01
7.486496902525792141e-01
7.498977007696501218e-01
7.466125882484762055e-01
