2.250000000000000056e-01
2.275794160922527676e-01
2.708645596524852373e-01
3.378996466124994380e-01
4.061597158569367760e-01
8.422854774776321607e-01
8.698050366442676706e-01
8.838213808482232592e-01
9.718196631794495666e-01
1.154294967293973295e+00
1.217314731160811236e+00
1.259095130185826861e+00
1.245179372461942879e+00
1.295833542743400013e+00
1.333957381166537282e+00
1.270230448507122523e+00
1.236547331310976050e+00
1.197979785054478441e+00
1.230440119276583255e+00
1.199362167045286309e+00
1.205490503354508691e+00
1.176968814039270450e+00
1.161026065000680285e+00
1.145129064246354966e+00
1.103191905332065348e+00
1.098046345016900682e+00
1.097947386562877270e+00
1.108235192782574430e+00
1.112333733808025471e+00
1.110264671027257011e+00
1.127755813711601052e+00
1.155769515776744916e+00
1.172101687475727072e+00
1.175866175542150893e+00
1.164892111149574250e+00
1.157861013840976172e+00
1.155397178048742202e+00
1.139839215253954263e+00
1.111325940321446826e+00
1.121231580813453865e+00
1.114343097965596385e+00
1.112468689456982629e+00
1.101912280411434963e+00
1.113485069339514855e+00
1.112259044854101431e+00
1.110091788619834263e+00
1.107641829429056424e+00
1.122983052983613339e+00
1.126528062264664509e+00
1.126827087517614734e+00
1.121176521514762214e+00
1.116489349767405548e+00
1.115654247820688116e+00
1.116572093899288243e+00
1.100847903000401029e+00
1.084437790452277284e+00
1.053058105869913330e+00
1.018125282648917107e+00
1.000671287040797663e+00
9.706495611526755329e-01
9.564748398257794104e-01
9.581778148207723556e-01
9.528380642522609190e-01
9.567579876507491532e-01
9.791523919510060070e-01
1.001327127460857280e+00
1.020681408021521408e+00
1.050643479428971627e+00
1.063297469235151560e+00
1.099588881686029973e+00
1.125508950623479221e+00
1.141599090631667757e+00
1.140429238322708150e+00
1.143459699832455545e+00
1.151484458009472966e+00
1.149672647985225726e+00
1.144621910658619068e+00
1.136325184762188245e+00
1.142216349859464186e+00
1.146409721908463242e+00
1.141397284521310729e+00
1.137813482746244498e+00
1.132253629381104520e+00
1.121039132579637831e+00
1.110942883120161540e+00
1.096882597927174796e+00
1.089769985516365169e+00
1.082754324256617551e+00
1.070239403513488119e+00
1.063104226176941891e+00
1.066870709651145610e+00
1.065443116682197155e+00
1.070514821081538503e+00
1.084126760931630074e+00
1.089557153227831643e+00
1.089847706730215471e+00
1.102121817505041790e+00
1.110436930210236151e+00
1.110502323251512991e+00
1.106314408769742741e+00
