2.250000000000000056e-01
1.091478592699346717e-01
2.462994538551978863e-01
2.225694821502946230e-01
2.465439024616296881e-01
2.354499760281014709e-01
2.813726777086326125e-01
3.054358984639702901e-01
3.333259831681688046e-01
3.545933231537691244e-01
3.563931961814846283e-01
4.168241638513675018e-01
4.060053662034972533e-01
4.601304126352963597e-01
4.659988758487572658e-01
4.810510663642314499e-01
5.086446980021326336e-01
5.282696035740329643e-01
5.460470671366666195e-01
7.390910046363967645e-01
9.294550694013606895e-01
1.025416389614963286e+00
1.043740824260817046e+00
1.050373473014317938e+00
1.066819199770075111e+00
1.035820070131958648e+00
1.063961655955671270e+00
1.062126002640793709e+00
1.086160894601108096e+00
1.093306373103322127e+00
1.107062404990455162e+00
1.122357044569944895e+00
1.141786345571344397e+00
1.166414716825607378e+00
1.236265032318035750e+00
1.246517376808459865e+00
1.266527489558083142e+00
1.257778689345656176e+00
1.264664493668913314e+00
1.274139238509802707e+00
1.289699225416683692e+00
1.295021329080143113e+00
1.312555952309832685e+00
1.376017870227306039e+00
1.375866758619514352e+00
1.358092175980261773e+00
1.346566190060724644e+00
1.341365402851183886e+00
1.321375151121235714e+00
1.318151334886289883e+00
1.321354655196562033e+00
1.306297261305753299e+00
1.302828716536264420e+00
1.287763890337098704e+00
1.278921215216827445e+00
1.264240381723582995e+00
1.256437147163639523e+00
1.238308349426614940e+00
1.242523585708683820e+00
1.261941392924957217e+00
1.278754073433378435e+00
1.272864638640026635e+00
1.276107725661980608e+00
1.299818461797209945e+00
1.290289821300258932e+00
1.282600727493217407e+00
1.266721308867635676e+00
1.260299635953737729e+00
1.240078367493544276e+00
1.223902845009583684e+00
1.215274989659610450e+00
1.208351893053939641e+00
1.199535130515092085e+00
1.191509058648905439e+00
1.181788429850799238e+00
1.173633785696156728e+00
1.164286846841727785e+00
1.157060808243841166e+00
1.147351329831175049e+00
1.138311240638385069e+00
1.145384767265191561e+00
1.149758510579106829e+00
1.181861168919549288e+00
1.184058726656711080e+00
1.193069551450835819e+00
1.232060906094549990e+00
1.242898772147045028e+00
1.250767652374877859e+00
1.263199036181712254e+00
1.267813116448942123e+00
1.276065658976759609e+00
1.271659415336781063e+00
1.271455887955363462e+00
1.265160324782048429e+00
1.261335173220728301e+00
1.248257826190958708e+00
1.237809897110524027e+00
1.230560804921656315e+00
1.227730211466417698e+00
1.215787920316260262e+00
