2.250000000000000056e-01
0.000000000000000000e+00
0.000000000000000000e+00
0.000000000000000000e+00
0.000000000000000000e+00
0.000000000000000000e+00
0.000000000000000000e+00
0.000000000000000000e+00
0.000000000000000000e+00
0.000000000000000000e+00
8.231548730628763799e-01
7.568573888999935440e-01
7.284156581807188502e-01
5.887477942707372014e-01
5.589164493145601931e-01
6.205735705718140593e-01
6.219230385977696507e-01
6.126250229244770695e-01
6.251401632830136945e-01
6.632341514139409311e-01
6.853259986861939268e-01
6.986959443524725089e-01
6.959290921780000305e-01
7.022338230144312687e-01
7.103712037541887181e-01
7.449002043003538631e-01
7.697248109233812974e-01
7.793110937438617603e-01
7.554189877947116161e-01
7.317270981313106493e-01
7.265734023263653585e-01
7.632367953716089337e-01
7.629203344716227742e-01
7.790668023324847091e-01
7.828161198821489419e-01
7.691328484653805475e-01
7.443236917225756200e-01
7.292710605007963753e-01
7.074555831105970860e-01
6.988894099404928673e-01
6.877763484283250239e-01
6.878220322248623786e-01
6.983025589697677837e-01
7.067287161616848667e-01
7.085904668770155457e-01
7.099039012496335399e-01
7.098888151795798018e-01
7.240383900585888322e-01
7.411066957637072461e-01
7.584044865387035150e-01
7.760144662615583444e-01
7.743302499999451527e-01
7.884242524972365773e-01
7.969293446496893418e-01
7.954119276990031517e-01
7.934217859525262151e-01
7.888946858679529717e-01
7.849714562146749008e-01
7.815816761163852933e-01
7.849202301308682017e-01
7.893830732881550460e-01
7.947464046417219707e-01
7.961753845808868801e-01
7.985877183895002673e-01
8.018509492534585670e-01
8.007581516436877989e-01
7.969452036578481557e-01
7.875076572284142040e-01
7.768764213353973602e-01
7.700571671203481072e-01
7.618599960569221174e-01
7.573811926620181989e-01
7.567554354155416885e-01
7.612948563692346626e-01
7.652329331442557780e-01
7.629267066059096658e-01
7.555411970007941402e-01
7.444534226754941919e-01
7.358583430567567918e-01
7.316818728968954577e-01
7.231310037831998327e-01
7.152938972957699759e-01
7.133975554601349467e-01
7.100010576942539231e-01
7.049623244031614222e-01
6.983576977437624400e-01
6.975964515037244018e-01
6.980250785751439535e-01
7.094933888196349736e-01
7.225024707837469640e-01
7.367118289969742939e-01
7.462608454641119771e-01
7.436283420482652229e-01
7.507310942376868024e-01
7.559972923450652971e-01
7.643515500440942745e-01
7.674595204936873749e-01
7.725700884983817129e-01
7.730723275483833978e-01
7.666611232257910524e-01
