2.250000000000000056e-01
0.000000000000000000e+00
0.000000000000000000e+00
2.104970969251411528e-01
3.348568897901948449e-01
4.457288366091960441e-01
5.594510146808382434e-01
8.912918611786962986e-01
1.155581398609729638e+00
1.263757244826554604e+00
1.318483824439685703e+00
1.324556393591566739e+00
1.264087660259673784e+00
1.268042447548213936e+00
1.317126005835979496e+00
1.312166305230560992e+00
1.307917857006998696e+00
1.288198853365497998e+00
1.270326403924878500e+00
1.237007128974467296e+00
1.226331546154785679e+00
1.236480218308689594e+00
1.243348221464642078e+00
1.297440217971105536e+00
1.343014372766169195e+00
1.348818796832724987e+00
1.309012768767032542e+00
1.291524640720864259e+00
1.280567854732420630e+00
1.293508859924917154e+00
1.291478005668180495e+00
1.288942655162937490e+00
1.288185191366244320e+00
1.286245863824225122e+00
1.261808108338015488e+00
1.216799723794833588e+00
1.201900748505308814e+00
1.209202542933080160e+00
1.224675492034297930e+00
1.237026816831249931e+00
1.247636164707416562e+00
1.259214728291714547e+00
1.271108903783177979e+00
1.271922712428972035e+00
1.287123390621456975e+00
1.325174223019574438e+00
1.345459417213140219e+00
1.355224466876816969e+00
1.350140980067599861e+00
1.346832278921149983e+00
1.335407472882713220e+00
1.320442640529872369e+00
1.301455271517078405e+00
1.264256164152757433e+00
1.221656510218921410e+00
1.198773191627147128e+00
1.204045827679824487e+00
1.232225501868948969e+00
1.250505306944359019e+00
1.257077096842079245e+00
1.269294535974889948e+00
1.312394553086437377e+00
1.318578884506219628e+00
1.320938793664256927e+00
1.293233945907156679e+00
1.285252151671815168e+00
1.277102614030973804e+00
1.267781836673122831e+00
1.247723633895437612e+00
1.245982445854386444e+00
1.258063224692391513e+00
1.274423070098431143e+00
1.292880697159028980e+00
1.291194657386805611e+00
1.291073344847786020e+00
1.288076918875193932e+00
1.297457862597943379e+00
1.303556389343592636e+00
1.297001002185021346e+00
1.275483249723529999e+00
1.259134740498891958e+00
1.250280302855828696e+00
1.242926707415755061e+00
1.227353051180324783e+00
1.206332036489602855e+00
1.189136112189685734e+00
1.183501784625551334e+00
1.193502129592813876e+00
1.241760815593577094e+00
1.290986674739826423e+00
1.277432607901316075e+00
1.273213978586567485e+00
1.277157583318451417e+00
1.288360290295557986e+00
1.311880060977120843e+00
1.316720869977716646e+00
1.341409660590762609e+00
1.334374221383409109e+00
1.335755463326595116e+00
1.312423914601306585e+00
