2.250000000000000056e-01
0.000000000000000000e+00
0.000000000000000000e+00
3.658029760569015965e-01
3.659878033937219999e-01
4.100694158332778283e-01
4.104857387062344487e-01
5.026799008469203800e-01
5.070526829196225771e-01
4.530284299742904364e-01
5.309157762258094326e-01
5.110711829885101753e-01
5.298829828956994614e-01
5.768976305348955114e-01
5.499384178368733611e-01
5.159505977542494515e-01
5.581522970120409433e-01
5.396651904228381147e-01
5.279748257209700979e-01
6.420829722405249074e-01
6.822534265130695275e-01
7.636060244079814208e-01
7.956077457120268592e-01
7.983878251925544678e-01
8.525235685394703111e-01
8.794465232207934191e-01
9.116546956858703199e-01
9.223235700814035321e-01
9.266724523972996730e-01
9.091849586015510187e-01
9.081159599893309231e-01
9.118334367745374314e-01
9.176139549020806419e-01
9.342344574138126134e-01
9.335751226899506872e-01
9.392491408414552767e-01
9.470265052175259601e-01
9.405072513540628787e-01
9.615621410051969908e-01
9.696649328226869535e-01
9.845357048235535702e-01
9.820336114133476624e-01
9.798069735647401135e-01
9.931590908917038441e-01
9.972238948901628319e-01
9.993522764376789880e-01
1.006632016742406543e+00
1.016777703768759755e+00
1.033566922403045041e+00
1.036773852527141937e+00
1.046406270110429082e+00
1.049711213306090185e+00
1.073543890307645743e+00
1.092371688941666807e+00
1.091190849721423328e+00
1.095997038272528368e+00
1.086154400328501524e+00
1.141559508923596367e+00
1.143291270980905328e+00
1.151817429498411594e+00
1.135640004260576541e+00
1.132760916732585166e+00
1.119039365048206669e+00
1.102386551038469831e+00
1.101617078700505736e+00
1.104535931029724916e+00
1.099952577180369317e+00
1.110491482239563066e+00
1.110563874006295748e+00
1.111176306019460158e+00
1.129441380746904366e+00
1.153851113230298875e+00
1.157653087635445388e+00
1.143731448060420819e+00
1.141529766380529276e+00
1.128373921798516477e+00
1.126041706735971371e+00
1.118782136088846579e+00
1.121140641206640698e+00
1.145520410341770878e+00
1.148938780849348751e+00
1.146241722884032255e+00
1.150909087190359337e+00
1.153329902105612703e+00
1.156666721304299816e+00
1.156624415978475762e+00
1.160909842124563607e+00
1.159107631238876168e+00
1.156890491247829278e+00
1.159372128632141008e+00
1.162478110394441044e+00
1.155837301649724091e+00
1.148315151803816825e+00
1.140513332576832184e+00
1.131315582658608543e+00
1.123767651576726534e+00
1.119158849066634875e+00
1.117223472043489041e+00
1.127712922700905063e+00
1.125897406471599194e+00
