2.250000000000000056e-01
0.000000000000000000e+00
1.895072587752890947e-01
1.634292345290107862e-01
2.241197335422210613e-01
2.061412495435950010e-01
2.529212440850134302e-01
2.344460077280419719e-01
2.348114631201287383e-01
2.510531791195709794e-01
2.144819771299925903e-01
2.100646575292718921e-01
2.269318639652277425e-01
2.471819105614083967e-01
2.625995900142785722e-01
7.749402914031326972e-01
9.126216107122154808e-01
9.375724985005520207e-01
8.967856662596702666e-01
8.561211849303939081e-01
8.365520477063927984e-01
8.092876300104351328e-01
8.711323850400906066e-01
8.952144341176793141e-01
8.876130243575807155e-01
9.172381017092340327e-01
9.402453430079120711e-01
9.575999377569989202e-01
9.801385959680521953e-01
9.920319708257073765e-01
1.051432493338665619e+00
1.108222579510790728e+00
1.151728197031655077e+00
1.150548722976374671e+00
1.151015583618818061e+00
1.180188278658339751e+00
1.188017031099686927e+00
1.210885610121175127e+00
1.205198303331685761e+00
1.201312554340304040e+00
1.198250810516443332e+00
1.180668537443168464e+00
1.163604462087393099e+00
1.159312980861061160e+00
1.166858669323561193e+00
1.158643906378132415e+00
1.144270378664663301e+00
1.137522829345188446e+00
1.150488513745728580e+00
1.168515126017435790e+00
1.187633998899825016e+00
1.186951898406354955e+00
1.187391650469146853e+00
1.181934248869622506e+00
1.183542643656495752e+00
1.178714870752317401e+00
1.162290220987428846e+00
1.151798440946750768e+00
1.140245875435459855e+00
1.140812062598076215e+00
1.158164555996846534e+00
1.158381656107526636e+00
1.151203089932037127e+00
1.157871005025914890e+00
1.168584207118825491e+00
1.189395328709405897e+00
1.201006879682427808e+00
1.208688522077731919e+00
1.222840866637474599e+00
1.220022561862858623e+00
1.214041894682584832e+00
1.205378649964070625e+00
1.199385808512532181e+00
1.189866941932897104e+00
1.182694031827218550e+00
1.163584156554172022e+00
1.164220015007165321e+00
1.196863705021595115e+00
1.205148344932759352e+00
1.206327303970656573e+00
1.203171336412054870e+00
1.204596356631294940e+00
1.219703606212564129e+00
1.229911296605166626e+00
1.239901074159259764e+00
1.239941871203481982e+00
1.233745213639664939e+00
1.227333313349855626e+00
1.221259710612109028e+00
1.213151652516754497e+00
1.204249914119323916e+00
1.197464569636867093e+00
1.197493023727950190e+00
1.205234266859749326e+00
1.201499349260928051e+00
1.222862345819096586e+00
1.228597823775694042e+00
1.230931393343884572e+00
1.234475634056452220e+00
1.237304892904329767e+00
