2.250000000000000056e-01
0.000000000000000000e+00
0.000000000000000000e+00
0.000000000000000000e+00
0.000000000000000000e+00
0.000000000000000000e+00
0.000000000000000000e+00
0.000000000000000000e+00
0.000000000000000000e+00
0.000000000000000000e+00
0.000000000000000000e+00
0.000000000000000000e+00
0.000000000000000000e+00
0.000000000000000000e+00
0.000000000000000000e+00
0.000000000000000000e+00
0.000000000000000000e+00
0.000000000000000000e+00
0.000000000000000000e+00
0.000000000000000000e+00
0.000000000000000000e+00
0.000000000000000000e+00
0.000000000000000000e+00
0.000000000000000000e+00
0.000000000000000000e+00
0.000000000000000000e+00
0.000000000000000000e+00
0.000000000000000000e+00
0.000000000000000000e+00
0.000000000000000000e+00
0.000000000000000000e+00
0.000000000000000000e+00
0.000000000000000000e+00
0.000000000000000000e+00
0.000000000000000000e+00
6.187317883836920135e-02
1.007118619782343821e-01
9.806335482287877048e-02
1.110112680843786115e-01
2.814837706562189901e-01
4.926072956844333439e-01
5.028331269562547057e-01
4.942512627733678388e-01
4.866900277522134832e-01
4.794820412305951240e-01
4.705134243423464424e-01
4.516488729048943607e-01
4.480792024884397984e-01
4.846564530911035007e-01
5.652720869162464190e-01
5.873755755064107298e-01
6.061102770067050560e-01
6.210510875035369915e-01
6.317107322104688061e-01
6.315513221937760768e-01
6.548199118877398028e-01
6.740008748176686826e-01
7.012721490949157532e-01
7.498407613240217762e-01
7.479452610816839098e-01
7.561810081932939243e-01
7.476215720918962804e-01
7.439310690928877534e-01
7.385834063952583239e-01
7.248394493510049719e-01
7.220792213469250376e-01
7.260873183495203387e-01
7.275175739800843200e-01
7.337059972342621084e-01
7.477636726353753538e-01
7.746559539765890401e-01
7.859682384287418611e-01
7.958834642695556960e-01
7.950881714556446989e-01
8.021322629544817007e-01
7.942884221765071917e-01
7.911692310798150718e-01
7.887272273861524186e-01
7.770529801261141234e-01
7.788183012142828598e-01
7.659157211691834943e-01
7.596998690796052944e-01
7.524384984083963834e-01
7.372279063619106010e-01
7.319360398994800843e-01
7.278067524237419317e-01
7.288690257561033503e-01
7.274439449116490986e-01
7.270645928981863682e-01
7.257575166093117591e-01
7.257508935711788345e-01
7.185383154773810066e-01
7.191173164608942736e-01
7.224299386858418215e-01
7.236726987129855626e-01
7.279981716751023901e-01
7.343640415248461339e-01
7.317676554634652275e-01
7.353646404690868943e-01
7.316246164815599640e-01
