2.250000000000000056e-01
0.000000000000000000e+00
0.000000000000000000e+00
0.000000000000000000e+00
3.938256737216259129e-01
8.880787097683917608e-01
1.020649987694443039e+00
8.957323655565262444e-01
8.895742409591995692e-01
1.001623821205536835e+00
9.793036250923334851e-01
1.001610827806725945e+00
1.038938553504049622e+00
1.010068312500190579e+00
1.016442272831825866e+00
9.757473845509969657e-01
9.374126954513023469e-01
9.604803995893924640e-01
9.740604345137034992e-01
9.736424595064407939e-01
1.003128448445760101e+00
1.006323316595122197e+00
1.033248056985561325e+00
1.024753706148830101e+00
1.013804636174998830e+00
1.025924014502694437e+00
1.025518226506425989e+00
1.027454350005841510e+00
1.020009432231891333e+00
1.011281082136909149e+00
9.961890728031621567e-01
9.972748500469469368e-01
9.908580094174972430e-01
1.001921322288246374e+00
9.989516296023549513e-01
1.009347378814936746e+00
1.005987681387430444e+00
1.020261800949703979e+00
1.018501047270462978e+00
1.024274387116111296e+00
1.012379987122288494e+00
9.972544051959644218e-01
9.920242201393680848e-01
9.905251991566431657e-01
9.871373659560518377e-01
9.832983127100443088e-01
9.642318741928688208e-01
9.516316408952872896e-01
9.410233660993497784e-01
9.471187373849269120e-01
9.572186458177486257e-01
9.703513818596514184e-01
9.823585432581041221e-01
9.924545196320698759e-01
9.792411524516750898e-01
9.742889573374663437e-01
9.657209744444986699e-01
9.605152407718946517e-01
9.530281260710511404e-01
9.491712742319781126e-01
9.521430029968714903e-01
9.532569859994808326e-01
9.552086264410827310e-01
9.572309098155380447e-01
9.506385982416982738e-01
9.463111137534541140e-01
9.394765410193610666e-01
9.423670589968691225e-01
9.396807526666584032e-01
9.420745528491526466e-01
9.555831797203584443e-01
9.664926114890324271e-01
9.686672724618300423e-01
9.727249656330342331e-01
9.670935688361200766e-01
9.589191321856681549e-01
9.551427994723895587e-01
9.553548814058639982e-01
9.591399527845648754e-01
9.632493136605548845e-01
9.720539680454023390e-01
9.706021783187082086e-01
9.685758992878109597e-01
9.660320828168039720e-01
9.683740031475747134e-01
9.661961088785196994e-01
9.655228032136978777e-01
9.623519138770086911e-01
9.623631438025688212e-01
9.599589778349774116e-01
9.611385064003546974e-01
9.630477194334216007e-01
9.656650753292247424e-01
9.622910407716867009e-01
9.617046311002565018e-01
9.651160994352537825e-01
9.662472669069416265e-01
9.686653521530488309e-01
9.782926684679571494e-01
9.824577140303742961e-01
