2.250000000000000056e-01
0.000000000000000000e+00
3.705795749273628203e-01
8.815451791409941729e-01
7.308173892516669490e-01
7.588334708976840481e-01
7.464792441277406931e-01
7.970930021125210985e-01
7.938192059917226207e-01
8.248382915805740900e-01
9.968944630556898501e-01
1.054772864860736403e+00
1.123524367323850415e+00
1.148244358236873319e+00
1.152839612234265676e+00
1.120814804268108533e+00
1.078373837662431223e+00
1.031815478625076832e+00
1.031951825720854199e+00
1.039294340431606845e+00
1.048676139189497869e+00
1.059543538147817543e+00
1.071950953872407686e+00
1.111878045584131947e+00
1.122975830807028563e+00
1.134228190306737272e+00
1.149219153694188034e+00
1.165622808299782154e+00
1.168014250113022845e+00
1.176020887630331968e+00
1.169980948741143889e+00
1.169419719805562918e+00
1.145106505416361609e+00
1.095251230075205084e+00
1.057729013797394924e+00
1.040600901074623774e+00
1.047414298098584107e+00
1.067669148277298419e+00
1.120108492557308599e+00
1.122957556125257383e+00
1.114307085745647408e+00
1.106690311702505980e+00
1.102797122548038633e+00
1.117769608766857159e+00
1.119426444395900333e+00
1.114651656398185864e+00
1.129814718152930997e+00
1.106885220400621206e+00
1.089974388405415828e+00
1.081059560269685305e+00
1.081512136671888946e+00
1.094476704456710081e+00
1.104619226182171454e+00
1.111087647005179591e+00
1.106574450055925807e+00
1.103984067445463513e+00
1.102895125209683469e+00
1.100625870286355612e+00
1.111402508611400552e+00
1.100818705079428028e+00
1.096081847933775499e+00
1.090398536562006138e+00
1.098685809133134406e+00
1.078498853021956361e+00
1.051527644772037862e+00
1.029432321259719174e+00
1.003771855551293113e+00
9.997786589946595637e-01
9.719567236667019383e-01
9.639929084241128932e-01
9.489115295989335452e-01
9.558638565954034050e-01
9.822092497093488639e-01
1.008071859148700566e+00
1.042674431653658473e+00
1.066081321588352449e+00
1.104003574839442559e+00
1.099993913233098919e+00
1.110925262240092026e+00
1.101012889781578297e+00
1.104930110233745433e+00
1.082396663269520554e+00
1.077635653149185080e+00
1.060183852171353802e+00
1.042382477063205304e+00
1.068589015152183741e+00
1.098518147346057461e+00
1.116214595836729329e+00
1.108177372781981029e+00
1.116497669301888651e+00
1.113412348545093300e+00
1.114869722114840034e+00
1.115156735760905127e+00
1.121098783849060476e+00
1.114534057790853572e+00
1.101759754553407689e+00
1.082505238005609494e+00
1.076432195888681553e+00
1.080805190027342100e+00
1.058452085082151273e+00
