2.250000000000000056e-01
0.000000000000000000e+00
0.000000000000000000e+00
0.000000000000000000e+00
2.848153399972769284e-01
2.700313630192035519e-01
3.089527659783810054e-01
3.229500069822389130e-01
3.638521415339240339e-01
3.634684230815803385e-01
3.883382555707686756e-01
4.189339353422287249e-01
4.369514672325150451e-01
4.552460047959399625e-01
4.877919330325851677e-01
5.086857038207102111e-01
5.236554989098596291e-01
5.345815710203579707e-01
5.634754912594707177e-01
5.728299340765149461e-01
5.567588800022514883e-01
5.776213883876800681e-01
5.750926277427065303e-01
5.803802430520254019e-01
5.689153462913222326e-01
5.944464387341509282e-01
6.178324341102037209e-01
6.206875110875428314e-01
6.079742102448805197e-01
6.071233908659072753e-01
5.914060454990590632e-01
6.617901932987991787e-01
6.800330420857022551e-01
6.748215355854935149e-01
6.689526515954588026e-01
6.775681956767628522e-01
6.849202263970646243e-01
7.042129306910963615e-01
7.349863243011053315e-01
7.717754714106886960e-01
7.715665097133554973e-01
7.341664969682719644e-01
6.945300470314944574e-01
6.627917921366422993e-01
6.504407340091468148e-01
6.469145693366327166e-01
6.522446675197870469e-01
6.717714330372243081e-01
6.867247786451282643e-01
7.020548995772311063e-01
7.260140646193402603e-01
7.503625704856039524e-01
7.672145953883656722e-01
7.805616340324634805e-01
7.929622434207973525e-01
7.890861107950410958e-01
7.605105910697346205e-01
7.445725862638533643e-01
7.319301201381166466e-01
7.252840032081377952e-01
7.165555262149798654e-01
7.094868549016857262e-01
7.137189196314837059e-01
7.200483397525228035e-01
7.222466178738046194e-01
7.242819209534261393e-01
7.310945166659262862e-01
7.468432355853323878e-01
7.613470712305312471e-01
7.623953301588284326e-01
7.671304241696642601e-01
7.595479891406524686e-01
7.555837133885285883e-01
7.484576272111902462e-01
7.255796053085176167e-01
7.221094438928334913e-01
7.212983360869664740e-01
7.238569327818451526e-01
7.207769422142809024e-01
7.240542548961189651e-01
7.310649338066582681e-01
7.373459085874765062e-01
7.434556009050974357e-01
7.474837436679027114e-01
7.489491647359599602e-01
7.459770344787128860e-01
7.453451191460120917e-01
7.492301020881455553e-01
7.515067041122766023e-01
7.557294423370973790e-01
7.521751363778644839e-01
7.442938662449999354e-01
7.349303880865738492e-01
7.333871466419410456e-01
7.291690891761758442e-01
7.256299014573438511e-01
7.261832496751979837e-01
7.290965229655113067e-01
7.336876230232868279e-01
7.444499635999052289e-01
