2.250000000000000056e-01
0.000000000000000000e+00
0.000000000000000000e+00
0.000000000000000000e+00
0.000000000000000000e+00
0.000000000000000000e+00
0.000000000000000000e+00
0.000000000000000000e+00
1.651288903875226532e+00
1.271386681790302786e+00
1.302961432689191401e+00
1.270696693038009695e+00
1.269348496998804032e+00
1.166774809506507138e+00
1.126240611217896870e+00
1.072509417818142241e+00
1.067799359010091820e+00
1.052450491653638132e+00
1.007841122960421831e+00
9.616525467488721279e-01
8.961513439910760992e-01
8.634839168027798051e-01
8.528657389647980036e-01
8.501701880783025800e-01
8.357510365100478955e-01
8.407158510546484109e-01
8.379657058207934384e-01
8.314325864251859155e-01
8.281807794652438215e-01
8.334672184343506762e-01
8.346128353662692900e-01
8.394728989351527559e-01
8.451798074975522823e-01
8.546260568613565090e-01
8.494878116167351445e-01
8.572399304827127420e-01
8.494222079813709136e-01
8.468537535826733409e-01
8.364038268938291942e-01
8.296955636042601112e-01
8.257390844698139221e-01
8.247181744899383382e-01
8.150383123546196540e-01
8.123302390866808942e-01
8.186565312675332384e-01
8.198966059410033314e-01
8.268926852223162927e-01
8.321483691109832215e-01
8.316881772331502498e-01
8.342182821798336256e-01
8.281061145116515032e-01
8.277030107054875741e-01
8.331283901384514134e-01
8.348514752510955983e-01
8.361148542897132163e-01
8.461752614317009646e-01
8.524025197782971741e-01
8.542579118445825515e-01
8.673323184311042544e-01
8.713704530203275622e-01
8.604272037032995035e-01
8.565428340898183501e-01
8.507024545614847444e-01
8.540279014503806554e-01
8.679845347945791545e-01
8.811399794934988705e-01
8.844443155023452574e-01
8.873041066108974251e-01
8.891517861991594662e-01
8.896603084075976886e-01
8.935165886779919964e-01
8.946903042526905825e-01
8.912140718228792613e-01
8.813061464204240414e-01
8.836001142566706212e-01
8.773732444766847438e-01
8.780299582705052286e-01
8.803430687658714282e-01
8.745434222733455831e-01
8.825637617060303475e-01
8.747340929932008180e-01
8.693265585987630661e-01
8.634338383900508340e-01
8.657543220810687279e-01
8.690067438956312618e-01
8.729257609925368255e-01
8.687940351362056779e-01
8.556972953982660002e-01
8.547205416830743196e-01
8.523981618001055249e-01
8.489413076680277781e-01
8.384612559266693133e-01
8.387550437222849320e-01
8.316736901396840631e-01
8.222704511288086993e-01
8.303343689668604144e-01
8.305550563933393748e-01
8.323097060776377676e-01
8.309842225897506873e-01
8.284419952865332837e-01
