2.250000000000000056e-01
0.000000000000000000e+00
0.000000000000000000e+00
0.000000000000000000e+00
0.000000000000000000e+00
0.000000000000000000e+00
0.000000000000000000e+00
0.000000000000000000e+00
0.000000000000000000e+00
0.000000000000000000e+00
0.000000000000000000e+00
0.000000000000000000e+00
0.000000000000000000e+00
0.000000000000000000e+00
0.000000000000000000e+00
0.000000000000000000e+00
0.000000000000000000e+00
0.000000000000000000e+00
0.000000000000000000e+00
0.000000000000000000e+00
0.000000000000000000e+00
0.000000000000000000e+00
0.000000000000000000e+00
0.000000000000000000e+00
0.000000000000000000e+00
0.000000000000000000e+00
0.000000000000000000e+00
0.000000000000000000e+00
0.000000000000000000e+00
0.000000000000000000e+00
1.184685609350721591e-01
1.246202740954473059e-01
1.308454271123281332e-01
1.808101354946977379e-01
1.990380773114468760e-01
2.367736312415961997e-01
2.261805276911972862e-01
2.748305974288419717e-01
2.837983176976054400e-01
3.086026175407871608e-01
3.436596752869036653e-01
3.364683624173753773e-01
3.344315072284888557e-01
3.592394321999314855e-01
3.691432201704881733e-01
3.642355997684096347e-01
3.704893369444458573e-01
3.833781487184410586e-01
3.833866926812546927e-01
3.884938481070577265e-01
3.999414499958719449e-01
4.157395463433206095e-01
4.252542573853190233e-01
4.398956573757147881e-01
4.606155882197432438e-01
4.900663462868958264e-01
5.056351892343172727e-01
5.063878834360481251e-01
5.366658490781011093e-01
5.257599408090879445e-01
5.371235374286742470e-01
5.580325725015626848e-01
5.688436310749802605e-01
5.820655364403372056e-01
6.048331836922753446e-01
6.209387017436486245e-01
6.210124944961369353e-01
6.214144070778961915e-01
6.585711193231289506e-01
6.624428352247526686e-01
6.996967087741036151e-01
7.486235445752251749e-01
7.717602696243316407e-01
8.185590870603672853e-01
8.377860628804382204e-01
8.920632478672989585e-01
9.180204027453090498e-01
9.913496425731386230e-01
1.022557440358673908e+00
1.036463250914369860e+00
1.080471233966731281e+00
1.094713683722846165e+00
1.118288233038247759e+00
1.107098401177698310e+00
1.113475337755695405e+00
1.122969066109917202e+00
1.118503882679088068e+00
1.107148913344618402e+00
1.086178034041716201e+00
1.083629129032359861e+00
1.102549046531684285e+00
1.117272250986113935e+00
1.129832112884891604e+00
1.135260356080110888e+00
1.142402351138075423e+00
1.144788715924535571e+00
1.137437500564600690e+00
1.143470188630326900e+00
1.134809042795942302e+00
1.132806728160743015e+00
