2.250000000000000056e-01
0.000000000000000000e+00
0.000000000000000000e+00
0.000000000000000000e+00
0.000000000000000000e+00
0.000000000000000000e+00
0.000000000000000000e+00
0.000000000000000000e+00
0.000000000000000000e+00
0.000000000000000000e+00
0.000000000000000000e+00
7.460691970592631117e-02
1.215996161200967596e-01
1.643487913135790457e-01
1.657623544985559749e-01
2.133302279481105457e-01
2.160559326784726175e-01
2.748716471901125891e-01
2.719573512162397622e-01
2.756204791563227618e-01
3.410961605010837117e-01
3.480250824684564814e-01
3.410187185844951729e-01
4.121975250507868838e-01
3.452728084675077413e-01
3.294171070372403642e-01
3.410411379847910762e-01
3.232051428821326455e-01
3.104072496843722218e-01
3.626620467049961327e-01
3.579676290498551849e-01
3.711798660587968812e-01
3.640048186152137211e-01
4.107286312561763686e-01
4.066175139534154992e-01
4.121881575861398028e-01
4.544717968123392904e-01
4.576295221561191839e-01
6.135078920350688358e-01
6.736297507970236964e-01
7.242333989111077175e-01
8.198253906458423668e-01
8.660329863600014777e-01
8.744125522807859596e-01
8.842129900690923749e-01
9.163691547023444794e-01
9.076761379525044582e-01
9.046494921732536332e-01
8.673035521294947259e-01
8.479082840901106533e-01
8.111233913775817150e-01
7.946366265970232767e-01
7.682953453299795621e-01
7.825614760750069232e-01
8.041540166268206224e-01
8.230215171476434888e-01
8.576562951825364989e-01
8.907300304045664419e-01
9.220201071562489359e-01
9.263317213443934550e-01
9.313141014818571151e-01
9.489430429195259142e-01
9.574700159823729129e-01
9.743209615928443146e-01
9.748480750566034247e-01
9.631378196235789169e-01
9.619362609888509885e-01
9.511081795864458899e-01
9.572555990051989649e-01
9.512966743961662752e-01
9.471400434505842236e-01
9.396105896330266827e-01
9.281538869640842959e-01
9.375689322223005329e-01
9.234184937750519184e-01
9.258111634775985088e-01
9.440025592561507306e-01
9.386846486396077660e-01
9.337921985484791687e-01
9.423752207065636544e-01
9.524193509491879484e-01
9.486270112558814471e-01
9.509814265591688409e-01
9.590217794482958080e-01
9.675783924492261656e-01
9.706464561741676711e-01
9.587959441342249756e-01
9.495194301993270525e-01
9.536666281836126968e-01
9.520579863329434733e-01
9.700689812636252851e-01
9.778781914530038089e-01
9.792388476638305139e-01
9.768523907849320231e-01
9.820139831384407936e-01
9.844891701249688376e-01
9.868080304112282208e-01
9.972565483651284479e-01
1.013027175972003979e+00
1.020730826833965432e+00
