2.250000000000000056e-01
0.000000000000000000e+00
0.000000000000000000e+00
0.000000000000000000e+00
0.000000000000000000e+00
0.000000000000000000e+00
7.513364572212150039e-02
7.514532772206773681e-02
7.515661964281802887e-02
7.516721335533337045e-02
7.517687718504488525e-02
7.515576290716101393e-02
1.114414092571629072e-01
1.126408034380639994e-01
2.204661592686135152e-01
1.916841842375855420e-01
6.360177844499625976e-01
6.246968801599653842e-01
6.400192385540069973e-01
7.090339372440047638e-01
7.383111355210285609e-01
7.945672812268275154e-01
7.824814446955890013e-01
8.109820705084062054e-01
7.929119201051991750e-01
8.522844454495112076e-01
7.255732059506921905e-01
7.138866615729159149e-01
8.666050431700788037e-01
8.679877799497817126e-01
8.562742833350227567e-01
8.004962598027036691e-01
8.193536374432925928e-01
8.060851666968318341e-01
7.920860977668304770e-01
7.517243871320042903e-01
7.307490638841945829e-01
7.316676123047538560e-01
7.437096891402654730e-01
7.234285430741546064e-01
8.155761210654607352e-01
8.925812331851454839e-01
8.740009463704015991e-01
8.782362940814220087e-01
8.505978917089886959e-01
8.428763865624603335e-01
8.406018755834788747e-01
8.243425910269470691e-01
7.895633669339904293e-01
7.618826163947424179e-01
7.505811242917920234e-01
7.189768638885392082e-01
7.392893955633982328e-01
7.298967042830684093e-01
7.208984368047822722e-01
7.194395976786690516e-01
7.255518668707293672e-01
8.135731941710468984e-01
8.100588133484436515e-01
8.368648229272829253e-01
8.332224113186279535e-01
8.474463835029534264e-01
8.538545670392498899e-01
8.520814848146031073e-01
8.815544663363716893e-01
8.805526169959859706e-01
8.789275156640239395e-01
8.638014210843346641e-01
8.718656997686977661e-01
8.495293049805893171e-01
8.800007573027657237e-01
8.917378432371656505e-01
8.844598138310200142e-01
8.982527772217989703e-01
9.124950543156968852e-01
9.342740621989920058e-01
9.362341061982647483e-01
9.343603089116584437e-01
9.198301143044997907e-01
9.198037893654014141e-01
9.435816792877080861e-01
9.558085545283124818e-01
9.409944515973603929e-01
9.428040798480411544e-01
9.320178474616616082e-01
9.630519208468599768e-01
9.510004320475820005e-01
9.600963940186583168e-01
9.377220923873460512e-01
9.387878058910381629e-01
9.209909436090821799e-01
9.085112361461747943e-01
9.042304131225139541e-01
9.078800399266483412e-01
9.285160521194375516e-01
9.286453300103100217e-01
9.150499822706391617e-01
9.119972810459467949e-01
9.128764553323088782e-01
9.124442956743213928e-01
