2.250000000000000056e-01
0.000000000000000000e+00
0.000000000000000000e+00
0.000000000000000000e+00
0.000000000000000000e+00
0.000000000000000000e+00
0.000000000000000000e+00
0.000000000000000000e+00
0.000000000000000000e+00
0.000000000000000000e+00
0.000000000000000000e+00
0.000000000000000000e+00
1.576915692345727815e-01
2.203994907508050882e-01
2.810772658618875264e-01
6.616487729673535823e-01
9.643849608665587825e-01
9.359563911880298681e-01
9.459217359872860165e-01
9.769145280588910074e-01
1.050989328407220258e+00
1.051192942403117003e+00
1.125656227909857421e+00
1.168428815086914874e+00
1.236529396429812522e+00
1.246319048440295285e+00
1.168199644833816997e+00
1.162767038792511753e+00
1.161325118252799049e+00
1.158553849127237356e+00
1.153777429960009648e+00
1.160363754934814029e+00
1.140226149610273021e+00
1.136306162648544671e+00
1.117931977103510999e+00
1.110646344147402154e+00
1.056123000042765270e+00
1.038841017868719518e+00
1.077509876109866038e+00
1.022013330900561900e+00
1.010805346077185529e+00
1.023946843475780355e+00
1.014708924153374658e+00
9.965611780403134112e-01
9.798939452553074858e-01
9.710295018788511756e-01
9.688528825464161054e-01
9.999534659774741430e-01
9.791242410510305749e-01
9.343145680581554924e-01
9.116940377273184959e-01
8.745230349028082495e-01
8.641700915560049934e-01
8.888846933481748813e-01
9.418164658529348809e-01
9.652510308198251066e-01
1.047900529596441865e+00
1.070877315444369815e+00
1.062675105926624619e+00
1.056053314315741565e+00
1.057114789641412145e+00
1.033826746171976563e+00
1.015469556964332165e+00
9.841805117216809728e-01
9.496231657354148314e-01
9.280847247030787894e-01
9.134409600770013737e-01
9.093856637255499642e-01
9.120741564589802675e-01
9.021272603565194670e-01
9.088567079942606597e-01
9.111248470630892715e-01
9.453888196771066399e-01
9.529435309146757627e-01
9.717654357257685671e-01
1.031846009820438281e+00
1.099273652211147700e+00
1.154845052986637866e+00
1.191523219374591713e+00
1.213414879984206829e+00
1.194183554908076594e+00
1.168052073407672031e+00
1.141898070685871014e+00
1.126537780525775467e+00
1.117492872164580708e+00
1.102543267512882563e+00
1.081688971591913573e+00
1.077804737933630408e+00
1.094393293598377781e+00
1.108389769894574828e+00
1.110512091790378575e+00
1.107399198862804690e+00
1.121400713070779043e+00
1.122224889376439050e+00
1.115054999660201718e+00
1.121791670380386963e+00
1.120368400378198626e+00
1.121250560295974585e+00
1.129947095398804446e+00
1.125408299738283269e+00
