2.250000000000000056e-01
0.000000000000000000e+00
0.000000000000000000e+00
0.000000000000000000e+00
3.726013456891622000e-01
3.724355328341533156e-01
4.583987815813124200e-01
4.624430072332605390e-01
4.639047399212899436e-01
5.399099031729392983e-01
5.549138268504644200e-01
5.584453728174006981e-01
6.340560855567495269e-01
6.547890314570092851e-01
6.604207413306336649e-01
7.371014748203615907e-01
7.460772067314659362e-01
7.230803988684213479e-01
7.077579178774972002e-01
7.224234301677415759e-01
7.547642241057614942e-01
7.207508565343838658e-01
7.710040814257057562e-01
8.065219799302939530e-01
8.531296875787593992e-01
8.658645472582103819e-01
9.350837027221823305e-01
1.261999641257035343e+00
1.272332563389184878e+00
1.236244045009495585e+00
1.220400069932105591e+00
1.300771782247201358e+00
1.313857784541505591e+00
1.319665722573541755e+00
1.328012046714291072e+00
1.323645744228306720e+00
1.324506838006223708e+00
1.312124924897513534e+00
1.306167396786521939e+00
1.308776292908158334e+00
1.275589474774905918e+00
1.294784924374432267e+00
1.283455764840739866e+00
1.253422094667285824e+00
1.278289316847675661e+00
1.284816228636158408e+00
1.284028334529028204e+00
1.290193480806137050e+00
1.310188373028510878e+00
1.318964634165362027e+00
1.299788520193564167e+00
1.260989752216872706e+00
1.266249369957068049e+00
1.302493686828883890e+00
1.253982518041212524e+00
1.272938053193614749e+00
1.274211376377289096e+00
1.241629475582102682e+00
1.181365406922987304e+00
1.233340439051843651e+00
1.233976774553032563e+00
1.253396240399699213e+00
1.277024607734178474e+00
1.286919536832681121e+00
1.278658203891800405e+00
1.254085101592731011e+00
1.242985495760442705e+00
1.256109176142846007e+00
1.262262601326511913e+00
1.273966277238092415e+00
1.285903749048437517e+00
1.297794482768221513e+00
1.260780835783791298e+00
1.256550081723541323e+00
1.228252377283384877e+00
1.215881168678316859e+00
1.211671967540999262e+00
1.204419881196729492e+00
1.191889637685133119e+00
1.182741554076433665e+00
1.171082115414692870e+00
1.172985855621209828e+00
1.209006872277830436e+00
1.241789917933753928e+00
1.255881827549289564e+00
1.281018053026495851e+00
1.292042921243727882e+00
1.304571221153410177e+00
1.312681155132024990e+00
1.327196756100912589e+00
1.348731459178973413e+00
1.359258227006711062e+00
1.337075133168041274e+00
1.326998614054311521e+00
1.322747882065043346e+00
1.322524535287258995e+00
1.323066028111211212e+00
1.335671219161775669e+00
1.332256449472681181e+00
1.327846216936004797e+00
