2.250000000000000056e-01
0.000000000000000000e+00
0.000000000000000000e+00
2.120310035576052077e-01
2.166599661018946132e-01
2.096435232768060486e-01
2.270425834556338285e-01
2.477557436644468036e-01
2.505705556956837610e-01
2.701614393405356584e-01
2.835964205471445121e-01
3.026953273962175728e-01
3.098993231242930801e-01
3.275867790596335150e-01
3.436239934089015957e-01
3.647568996919826056e-01
3.749674188415685339e-01
3.783506904517993097e-01
4.106850958778597294e-01
4.244741184089415031e-01
4.467491807553422012e-01
4.514182376974004152e-01
4.555936582215755482e-01
4.733705733106726710e-01
4.965945999035352165e-01
4.805483143127976531e-01
4.954819051123902085e-01
4.911774904947745490e-01
4.913738493098347426e-01
5.122611805290121501e-01
5.148853588560659000e-01
4.902408712130270629e-01
5.106065918072495435e-01
4.973060038015994500e-01
5.015703753571314483e-01
4.915702594219774624e-01
4.819546715378436597e-01
4.969318643495956311e-01
4.905065690584270444e-01
4.995252943754231456e-01
5.087048490064186579e-01
5.080624627300677210e-01
5.330744529397801745e-01
5.379746230975145371e-01
5.417392063520323209e-01
5.577331335140138791e-01
5.765624707326869602e-01
5.934878523911933934e-01
5.784334488579042644e-01
5.899942732087890551e-01
5.926442697056512054e-01
5.913412665022398373e-01
5.935791323234473893e-01
6.063468672070512211e-01
6.037167249565683624e-01
6.182949940538897682e-01
6.340150487826402559e-01
6.560608561778864534e-01
6.526104131796706120e-01
6.548360143850870951e-01
7.002750550936889251e-01
7.319598908193752917e-01
7.309791913558530974e-01
7.408206420894134503e-01
7.643050928438759328e-01
7.878712562968368527e-01
7.858474094620190309e-01
7.782386986766592907e-01
8.016006560727155783e-01
8.164440393018427278e-01
8.153585645914899205e-01
8.233235851341051958e-01
8.417721890481092428e-01
8.452470417782326217e-01
8.519255488600715465e-01
8.487656594329078263e-01
8.751848696821431517e-01
8.803253060489536486e-01
8.773528418744223067e-01
8.780049241026550710e-01
8.798489857562621363e-01
8.807087804414017729e-01
8.635150035607626062e-01
8.541714830620438237e-01
8.603558452482298335e-01
8.453633445762230858e-01
8.301688467455848874e-01
8.215603267865806414e-01
8.238280396648325343e-01
8.177778392589665213e-01
8.353411834649289158e-01
8.365158641362331338e-01
8.168429008356496990e-01
8.043702687663496498e-01
8.089215148089823337e-01
8.015111046947502871e-01
7.930198905734032744e-01
7.887967389201033797e-01
7.948026823472326141e-01
8.129545193132590164e-01
