2.250000000000000056e-01
0.000000000000000000e+00
0.000000000000000000e+00
1.652861486740865027e-01
1.652861486740865027e-01
1.868530679141709450e-01
3.151935400387154140e-01
5.743819162919387988e-01
5.290731883393650081e-01
4.830433071412283952e-01
5.392897708028819848e-01
5.525817872176588263e-01
5.671564556372372667e-01
5.846852090931813350e-01
5.802274140792612611e-01
5.532040578787813523e-01
5.524413619997542435e-01
5.567588692955444118e-01
5.775708545490542134e-01
5.823188002308764544e-01
5.783166435982661779e-01
5.785254833366889615e-01
5.766164070670778408e-01
5.809401219016024909e-01
5.794715219062663847e-01
5.865948284497893850e-01
5.873560683215486300e-01
5.875310461586842337e-01
5.890688265271493140e-01
5.931356298148989792e-01
5.929906365769800347e-01
5.869157577422939864e-01
5.892875638733476862e-01
5.888222671942530129e-01
5.865864182350118972e-01
5.860695986170673111e-01
5.861001605879188059e-01
5.780390774848558344e-01
5.743261238743441188e-01
5.754038376403517452e-01
5.768872678227811024e-01
5.773892082680296411e-01
5.735618542611274906e-01
5.716184042141669863e-01
5.693566224452000224e-01
5.708570515223233555e-01
5.739104981324915089e-01
5.794269060155355922e-01
5.833115491232631067e-01
5.834366834870060581e-01
5.849321120925246031e-01
5.843352171061929612e-01
5.868172793775349172e-01
5.843224782566988074e-01
5.800218962635400599e-01
5.775182916502212827e-01
5.754115001878062907e-01
5.774357736079548387e-01
5.786296670927271180e-01
5.795291781747087256e-01
5.778752396089712473e-01
5.782268864044448620e-01
5.810441317498677982e-01
5.833591893021717878e-01
5.835030384601224140e-01
5.842609399079518040e-01
5.822554207760732847e-01
5.816663070487335663e-01
5.803575863784309341e-01
5.819560341717944230e-01
5.846855693318886438e-01
5.849969829264819454e-01
5.848066643115119589e-01
5.830185142354354921e-01
5.821747563036878681e-01
5.836512213554634343e-01
5.833361477099756609e-01
5.808798238725174645e-01
5.823557104353654923e-01
5.838612818241815106e-01
5.825215513587754801e-01
5.836959147923280744e-01
5.863351851012783555e-01
5.862903422380443264e-01
5.872103338754313118e-01
5.863715008913359394e-01
5.869132219080637203e-01
5.887008674656681873e-01
5.873180388465584212e-01
5.816476382287995017e-01
5.804012038790905548e-01
5.796043449128150948e-01
5.787388723740950480e-01
5.796234651286038542e-01
5.808847891615310788e-01
5.820278982309077254e-01
5.802774027992099182e-01
5.820503954845362982e-01
5.831790581530077455e-01
5.849817217984646378e-01
