2.250000000000000056e-01
0.000000000000000000e+00
0.000000000000000000e+00
8.851043523950222758e-01
5.808905930206739177e-01
9.459662022074323273e-01
8.719555139317097803e-01
1.024280192905732356e+00
1.014332440968745308e+00
9.896949714243037377e-01
1.100727099927636843e+00
1.184550784082400998e+00
1.149897901631431241e+00
1.181599379184655518e+00
1.138115842540952105e+00
1.146153262937348316e+00
1.272502614682640143e+00
1.275391576720141140e+00
1.328666781013467135e+00
1.339961825039973187e+00
1.343622597020837306e+00
1.340292691940628833e+00
1.346056724881452782e+00
1.336277170857113283e+00
1.342176529211995373e+00
1.338176595092084309e+00
1.336675735695765699e+00
1.351741516981757707e+00
1.362101381852224513e+00
1.363893171267293480e+00
1.348548442890379118e+00
1.339643860302515366e+00
1.337160054470836856e+00
1.323833618301098580e+00
1.328717627209363261e+00
1.327127209608411240e+00
1.312887565115021138e+00
1.302839458465261613e+00
1.292605790580585889e+00
1.287906094181392902e+00
1.269594439791024154e+00
1.278776436935868954e+00
1.293132573159901932e+00
1.289751123688016143e+00
1.287093001209113519e+00
1.288700624811173201e+00
1.286776552107532945e+00
1.282256064792559824e+00
1.297791416908091300e+00
1.311161823122727998e+00
1.345552277677386943e+00
1.338007343463782028e+00
1.335167352694776488e+00
1.328342187314942136e+00
1.331731909732332131e+00
1.327253242723948734e+00
1.324706151336012772e+00
1.340968609936532996e+00
1.358574923569720205e+00
1.343564974768400644e+00
1.328843509035145809e+00
1.320537786033711525e+00
1.295597394636906152e+00
1.281822396937914998e+00
1.291311371236649075e+00
1.285628474271856003e+00
1.267707362797385162e+00
1.263551274077126640e+00
1.258711698007243696e+00
1.259386038094266302e+00
1.269389916381909345e+00
1.266313978577711552e+00
1.277419641658728455e+00
1.295100411060160051e+00
1.289027807959768568e+00
1.294251777933724590e+00
1.282763775819161234e+00
1.313570549117907049e+00
1.335998187310798890e+00
1.341994399985858344e+00
1.339930807968336079e+00
1.349900490452053292e+00
1.353479096407383286e+00
1.346716237974217689e+00
1.333428536133695719e+00
1.333180972648435159e+00
1.350300755702901423e+00
1.396469201970327312e+00
1.395686199107446068e+00
1.397954465249397149e+00
1.405159588667250325e+00
1.401060413287920969e+00
1.390717495731705222e+00
1.426469956405493900e+00
1.411949068372833072e+00
1.379609557037803746e+00
1.345919062941282052e+00
1.332784487876096602e+00
1.315733262428372630e+00
1.348576512495901714e+00
