2.250000000000000056e-01
0.000000000000000000e+00
0.000000000000000000e+00
0.000000000000000000e+00
0.000000000000000000e+00
0.000000000000000000e+00
0.000000000000000000e+00
0.000000000000000000e+00
0.000000000000000000e+00
0.000000000000000000e+00
0.000000000000000000e+00
0.000000000000000000e+00
0.000000000000000000e+00
0.000000000000000000e+00
0.000000000000000000e+00
0.000000000000000000e+00
0.000000000000000000e+00
0.000000000000000000e+00
0.000000000000000000e+00
0.000000000000000000e+00
0.000000000000000000e+00
0.000000000000000000e+00
0.000000000000000000e+00
0.000000000000000000e+00
0.000000000000000000e+00
0.000000000000000000e+00
0.000000000000000000e+00
0.000000000000000000e+00
0.000000000000000000e+00
0.000000000000000000e+00
0.000000000000000000e+00
0.000000000000000000e+00
1.470003569880717065e-01
1.785282049147922934e-01
1.583345590139556280e-01
2.007572953365162061e-01
1.923487219390717651e-01
2.403738614796041562e-01
2.445530094982687197e-01
2.507092440907424113e-01
3.014293684075534108e-01
3.104262535330915562e-01
3.225395387648335999e-01
3.752811824107259997e-01
3.833800711560923502e-01
3.935982605146519098e-01
4.086845709310567565e-01
4.439176795997734071e-01
4.391590727723680421e-01
4.336577691115995892e-01
4.381305372358056949e-01
4.946771949811226143e-01
4.789216348417058011e-01
4.627428784842969045e-01
4.645903565029971261e-01
5.240883132252869281e-01
5.345437066025325867e-01
5.135887048448602998e-01
7.638654800480727536e-01
8.962291283741743442e-01
8.822157953511035045e-01
8.686770074982821388e-01
9.082422533710207135e-01
9.548587773543963930e-01
9.215144742385372734e-01
9.223563799010324749e-01
9.119044795419009031e-01
8.875497310783222460e-01
9.201444667537602706e-01
8.519469901079578245e-01
8.255646133237233286e-01
8.561991599263837349e-01
8.677188274082580088e-01
9.497612720009191989e-01
1.080030085024354713e+00
1.096902888892543837e+00
1.144789835065532779e+00
1.154943003404381052e+00
1.214678727998856456e+00
1.284748119095427077e+00
1.317574855828975267e+00
1.344533175571764883e+00
1.326514032296176149e+00
1.298796518798023270e+00
1.305693840215407686e+00
1.312106312989513413e+00
1.314149354730699937e+00
1.373512447869144948e+00
1.384939078830114356e+00
1.390042793951168809e+00
1.386023782637253232e+00
1.371303074204793138e+00
1.346802851516487598e+00
1.347323177358996427e+00
1.316923242845130515e+00
1.307136424066789981e+00
1.304584881470187696e+00
1.308207818015808321e+00
1.327612160503081062e+00
1.339004124625873926e+00
