2.250000000000000056e-01
0.000000000000000000e+00
0.000000000000000000e+00
0.000000000000000000e+00
0.000000000000000000e+00
0.000000000000000000e+00
0.000000000000000000e+00
1.407050548843527649e+00
1.408788117602573386e+00
1.394482202705992213e+00
1.336916986905076987e+00
1.343635142830971629e+00
1.268376669056484163e+00
1.262092991189272873e+00
1.240483142604591915e+00
1.213691482786069198e+00
1.220332789518784544e+00
1.277598786669866815e+00
1.232941486166862610e+00
1.244168923119148173e+00
1.242549061828762680e+00
1.215264942360502642e+00
1.194916857232251273e+00
1.208464443354416717e+00
1.207467481174985924e+00
1.158925517441031117e+00
1.184151160034181860e+00
1.078073181168683670e+00
1.017538081411512252e+00
1.037925115028716094e+00
1.173694110207212926e+00
1.189263491156141939e+00
1.189605203202379169e+00
1.182211345679997194e+00
1.196475159549127198e+00
1.208550051934875524e+00
1.210094769724598507e+00
1.210141627843048351e+00
1.202376794477651112e+00
1.213623354171451396e+00
1.227939697301209776e+00
1.212181412026086313e+00
1.206939539169634701e+00
1.177954859065446280e+00
1.175020225523045303e+00
1.161541121330800452e+00
1.146733765717255382e+00
1.136035619690057841e+00
1.139565615391988196e+00
1.139100888161767466e+00
1.140354727589353967e+00
1.130986478023306319e+00
1.143508255013474972e+00
1.142659017770849994e+00
1.158482911908486956e+00
1.154173543572798000e+00
1.151742911036358397e+00
1.143773240731862151e+00
1.137494268994701407e+00
1.127830963167705924e+00
1.135195461513856419e+00
1.124914441966530898e+00
1.122020432766220654e+00
1.131408979109066459e+00
1.144559027719057154e+00
1.147129981851274794e+00
1.155056081465411610e+00
1.144894384958764944e+00
1.142868304571320826e+00
1.137605579338702988e+00
1.135739908814122234e+00
1.141780992436288500e+00
1.145915624293825541e+00
1.143798841258948151e+00
1.149483848743063863e+00
1.148542634755861380e+00
1.137535182459285865e+00
1.132205628873569569e+00
1.130688040817447115e+00
1.120384286972019749e+00
1.119024216349012946e+00
1.127194660303233231e+00
1.132712495618694026e+00
1.135278199677202560e+00
1.130489866113127517e+00
1.121648482872671604e+00
1.116255596407402129e+00
1.112061206321469431e+00
1.107363005884621776e+00
1.101060950167850105e+00
1.094228998487590365e+00
1.103296791820196798e+00
1.099764177531094678e+00
1.100660989241514676e+00
1.107321463710319476e+00
1.114900955425073947e+00
1.119170897535620934e+00
1.113611004959414119e+00
1.110780960059528200e+00
1.107194786337082792e+00
