2.250000000000000056e-01
0.000000000000000000e+00
0.000000000000000000e+00
4.764344706115913319e-01
8.906014604540782864e-01
8.743828449183799201e-01
7.695771278438401364e-01
8.352467653707679185e-01
1.059380188971892123e+00
1.070108608617356794e+00
1.103529246574570077e+00
1.066588978749808847e+00
1.045445898844919341e+00
1.021062507870788227e+00
1.028206257129848034e+00
1.012857951430953474e+00
1.002469497852803926e+00
9.984877119089360376e-01
1.000781375296904141e+00
9.835119581885073403e-01
9.939926369455902577e-01
1.006805276317159992e+00
1.020055577345716280e+00
1.023388531480141195e+00
1.017973904941180896e+00
1.037384788535575142e+00
1.026332130662527042e+00
1.018104694500391982e+00
1.017139098761610239e+00
1.017153561094214842e+00
1.016850889783857514e+00
1.014867293258745695e+00
1.010756053114859165e+00
1.017125892096686579e+00
1.017438208415363698e+00
1.015015213771550906e+00
1.016687497244693095e+00
1.010411949630759088e+00
1.011978120411428428e+00
1.020400339494631492e+00
1.025773919035955828e+00
1.023303764572000674e+00
1.022685049173974292e+00
1.021893064432925380e+00
1.017853361518796351e+00
1.016306327097011852e+00
1.015237712804075487e+00
1.007667292599732756e+00
1.013219165037280156e+00
1.009831028430839828e+00
1.006999820493827746e+00
1.001269701979615956e+00
1.005380973988593274e+00
1.009932368323071650e+00
1.017864802429720106e+00
1.022258581664498234e+00
1.020177277704080732e+00
1.027006052555180515e+00
1.029942144943519322e+00
1.028058179727083576e+00
1.023025674839977972e+00
1.022999431125577230e+00
1.023481442442182088e+00
1.024330950487936764e+00
1.022110855167914334e+00
1.017079269864475055e+00
1.019392972496390382e+00
1.022766586052161530e+00
1.023863678832159119e+00
1.019308170006838488e+00
1.013705124716997696e+00
1.022613010515572407e+00
1.032751464020047694e+00
1.025332534870219359e+00
1.018511601162322311e+00
1.016201822660465437e+00
1.015924578916970411e+00
1.027720177619020570e+00
1.028776646085906687e+00
1.021113212146265825e+00
1.020272981054349382e+00
1.014867805662496014e+00
1.027963136522595189e+00
1.032108998135625511e+00
1.032629144595510473e+00
1.025340083858519602e+00
1.023244671646574622e+00
1.026654550899903873e+00
1.026277022378498049e+00
1.027257939184138547e+00
1.027054924674560388e+00
1.028702031520593252e+00
1.029174020913747212e+00
1.025897116497995976e+00
1.019806194872865390e+00
1.021601364823630620e+00
1.018716317361050505e+00
1.026465126326467026e+00
1.038892612045730246e+00
1.042717789620637436e+00
