2.250000000000000056e-01
0.000000000000000000e+00
0.000000000000000000e+00
0.000000000000000000e+00
0.000000000000000000e+00
0.000000000000000000e+00
0.000000000000000000e+00
0.000000000000000000e+00
0.000000000000000000e+00
0.000000000000000000e+00
0.000000000000000000e+00
0.000000000000000000e+00
0.000000000000000000e+00
0.000000000000000000e+00
0.000000000000000000e+00
0.000000000000000000e+00
0.000000000000000000e+00
0.000000000000000000e+00
0.000000000000000000e+00
0.000000000000000000e+00
0.000000000000000000e+00
0.000000000000000000e+00
0.000000000000000000e+00
0.000000000000000000e+00
0.000000000000000000e+00
0.000000000000000000e+00
0.000000000000000000e+00
0.000000000000000000e+00
0.000000000000000000e+00
0.000000000000000000e+00
0.000000000000000000e+00
0.000000000000000000e+00
0.000000000000000000e+00
0.000000000000000000e+00
0.000000000000000000e+00
0.000000000000000000e+00
0.000000000000000000e+00
0.000000000000000000e+00
1.175468687257886502e-01
1.625335897630640070e-01
2.104958158835870397e-01
2.610018822890836643e-01
2.727615513301837047e-01
2.732932916003794621e-01
2.790441354701789223e-01
3.009719299447624064e-01
5.347286714963550569e-01
6.810495712246412703e-01
7.564228720129105854e-01
7.895439583619637824e-01
8.146887942624700951e-01
8.367398695302363798e-01
8.424854245660710061e-01
8.530155062750423012e-01
8.653017429403813132e-01
8.722158970546366463e-01
8.720837727641996828e-01
8.720459211177802317e-01
8.713044169572139452e-01
8.796567027198872735e-01
8.802012695466617798e-01
8.843574966970516593e-01
8.930501745113448298e-01
8.926545660371524304e-01
9.399258794288380958e-01
9.478380877234078294e-01
9.511883850776516880e-01
9.962656757423118403e-01
9.979866247224580267e-01
9.860236265360887709e-01
9.808582573511679392e-01
1.009991328386377063e+00
1.005411607737277002e+00
1.016309954498156864e+00
1.022770573413190220e+00
1.043629230346261316e+00
1.055383327621874034e+00
1.053889175979684900e+00
1.064743147465293749e+00
1.078310783017037755e+00
1.087460064663058334e+00
1.086490743312642726e+00
1.096618648876140911e+00
1.092480690762689832e+00
1.091520820237228184e+00
1.095978834309889960e+00
1.097974413600768528e+00
1.091639658982830108e+00
1.088857239966399382e+00
1.077424814471376280e+00
1.071633394868907185e+00
1.067687038464179450e+00
1.058192882163042636e+00
1.051091686756896904e+00
1.041094704013407979e+00
1.030890815991126530e+00
1.032853797026135334e+00
1.027135990791276710e+00
1.036546227516128571e+00
1.034630394225761529e+00
