2.250000000000000056e-01
0.000000000000000000e+00
0.000000000000000000e+00
0.000000000000000000e+00
0.000000000000000000e+00
0.000000000000000000e+00
0.000000000000000000e+00
0.000000000000000000e+00
0.000000000000000000e+00
0.000000000000000000e+00
0.000000000000000000e+00
0.000000000000000000e+00
1.258575423374511448e+00
1.256668614854307364e+00
1.245801438749155388e+00
1.119299008147573327e+00
1.017513247980962099e+00
9.423891492348375198e-01
9.085411775394376388e-01
9.156082696894199957e-01
9.272348865380075633e-01
8.954042250227416400e-01
8.616202331646032331e-01
8.448658635538148776e-01
8.734850960264608499e-01
8.769270179147518052e-01
8.237793440067282535e-01
7.871848886593065808e-01
7.613266027534766334e-01
7.572193822066991542e-01
7.630043958090245715e-01
7.825587004824766657e-01
8.080260255364585253e-01
8.078667866777157203e-01
8.088533963887752920e-01
8.175663891699468389e-01
8.566359585831131440e-01
8.603449218458071313e-01
8.467354732110184967e-01
8.319284208651724910e-01
8.313782358447834309e-01
8.240874281186166828e-01
8.181856864852706801e-01
8.291661811668546989e-01
8.341134052565182255e-01
8.411652769672538499e-01
8.464580710953966136e-01
8.414855435449071219e-01
8.375195987958001798e-01
8.266563469326840830e-01
8.230648907953618254e-01
8.108324229107256587e-01
8.065624212449442609e-01
8.016552850263681806e-01
7.856583570078651269e-01
7.829715150027983794e-01
7.822535404362681577e-01
7.884751862998701233e-01
7.773784084795464233e-01
7.793029929181388704e-01
7.794106978118610085e-01
7.771290263185370861e-01
7.679088414733101775e-01
7.477567883516159641e-01
7.349490104822341552e-01
7.244735024334684192e-01
7.083121448507434526e-01
6.896772057963287406e-01
6.686537253574760253e-01
6.496309083366775816e-01
6.340269758465634231e-01
6.120395165414331817e-01
6.000173536550093001e-01
6.060346245360851425e-01
6.228311123691832041e-01
6.276276221218394236e-01
7.248800279704715743e-01
7.684703893272359920e-01
7.949628761311771097e-01
8.250674171643032073e-01
8.748673312855997919e-01
8.505766767104151471e-01
8.273197939470852136e-01
8.437465041910053865e-01
8.448084665972799279e-01
8.364473039136361976e-01
8.315242744760994453e-01
8.213403989862712029e-01
8.188337401379248703e-01
8.282058723968778180e-01
8.282804621123471822e-01
8.133953919670767752e-01
8.067199701382242738e-01
7.949142494532097647e-01
7.902419011276878846e-01
7.871073955192232630e-01
7.816991487999366273e-01
7.705351085973427550e-01
7.678877068656690952e-01
7.608397974572791433e-01
