2.250000000000000056e-01
0.000000000000000000e+00
0.000000000000000000e+00
0.000000000000000000e+00
0.000000000000000000e+00
0.000000000000000000e+00
1.487418566991938196e-01
1.487319684801028108e-01
1.992635141544883137e-01
2.004429463192043404e-01
2.015057348634701206e-01
2.481708076270049135e-01
2.559769048027261684e-01
2.187889298506159319e-01
8.280060705739580307e-01
8.891540268675628411e-01
8.355249841026346491e-01
8.340478661628386581e-01
8.761108390529029899e-01
8.988462739838704030e-01
8.854928537112397580e-01
8.883391618725762218e-01
8.623313971689802182e-01
8.409915228837143708e-01
8.132821321371396239e-01
7.873286454886175845e-01
7.851134475276955182e-01
7.805750402756175266e-01
7.853900740988757345e-01
8.189731937479280965e-01
8.114221205511299440e-01
7.954680780146686780e-01
7.862321580675384336e-01
7.504005303187308851e-01
7.263422776719128393e-01
7.123026699583517862e-01
7.054919181687924201e-01
6.885110042630498972e-01
6.724737386278035745e-01
6.710391836080022987e-01
6.922640272560797170e-01
6.997165747066846908e-01
7.151026066463820330e-01
7.628196095416773792e-01
7.876065169125165966e-01
8.184391801574658620e-01
8.296887268809469695e-01
8.367359505292022437e-01
8.428041088491518007e-01
8.429113075497045582e-01
8.430510545095856179e-01
8.413432043936773796e-01
8.455569016031627694e-01
8.216878780765303203e-01
8.103826833653243744e-01
8.083637762140090111e-01
8.032543922204924414e-01
8.030750310746950227e-01
8.019071773653141388e-01
8.021949326659026935e-01
8.028654278203879446e-01
7.972044959004972453e-01
7.955905405634202676e-01
7.942642156342997195e-01
7.739847052130994776e-01
7.714939153780450143e-01
7.569801435055527605e-01
7.522698794901242492e-01
7.552055350266559941e-01
7.586042524526319664e-01
7.598364372383946685e-01
7.698939226535699287e-01
7.672177025386791582e-01
7.717158578760029419e-01
7.730697569010703818e-01
7.783795767458082659e-01
8.033330376926123284e-01
8.315637910775820485e-01
8.369712357590175511e-01
8.468580426052287891e-01
8.496488425213198914e-01
8.596405867335490392e-01
8.570722947748400378e-01
8.534167364587248450e-01
8.531380329524107520e-01
8.474238251566885705e-01
8.501779281260767318e-01
8.492560690708756965e-01
8.376431903742915797e-01
8.340890238033515924e-01
8.256818604821511975e-01
8.233389533958582751e-01
8.280691007356734135e-01
8.254212471362505354e-01
8.235522784047095701e-01
8.197457885402239519e-01
8.206654689821168969e-01
8.323003691933836823e-01
8.226339390277206398e-01
8.149094191408307042e-01
