2.250000000000000056e-01
0.000000000000000000e+00
1.838899163605129727e+00
1.768216282289158059e+00
1.772381460947186405e+00
1.740046949608570426e+00
1.730611635476518861e+00
1.692175969537852653e+00
1.680023566156345183e+00
1.648818781648830223e+00
1.610421443304401734e+00
1.567162043600467625e+00
1.514417749650278644e+00
1.402449867584049104e+00
1.428482319622541796e+00
1.438934949978084132e+00
1.416226326200756391e+00
1.271910515078660486e+00
1.212391301736143401e+00
1.338021211738557259e+00
1.430007310461435699e+00
1.454055015046168187e+00
1.514774071588398385e+00
1.562842426811259067e+00
1.586223799034707671e+00
1.600419313673754562e+00
1.556239593917335240e+00
1.520112387038722090e+00
1.498041885081474067e+00
1.506300894523680656e+00
1.518674295100855387e+00
1.532396450485515205e+00
1.517349173751065594e+00
1.489947080952168434e+00
1.456099784429481625e+00
1.496874671688123604e+00
1.511426691966467173e+00
1.509278455167410327e+00
1.502502567018130231e+00
1.502881745205810526e+00
1.506566726452632787e+00
1.515977748788279511e+00
1.515521819909352530e+00
1.521527528514891925e+00
1.549029258977721257e+00
1.585153550617403484e+00
1.618648586429921599e+00
1.637543058644700622e+00
1.646715745498797068e+00
1.648867881558838233e+00
1.657167093387389656e+00
1.672494498026011911e+00
1.654313185743796044e+00
1.629196490188571600e+00
1.538611487319058391e+00
1.522513151423497080e+00
1.507019282472507049e+00
1.501436747365708202e+00
1.489406530254932415e+00
1.478802867574448676e+00
1.492221003742950192e+00
1.520949654904421022e+00
1.535675467034159025e+00
1.532242153389664852e+00
1.530962293139246588e+00
1.561733237112290062e+00
1.566799599118387620e+00
1.571502045860738939e+00
1.575781354387129740e+00
1.579600018611727830e+00
1.582944136824009584e+00
1.585814856470695533e+00
1.588238466208470978e+00
1.590256316005558501e+00
1.591916875593397007e+00
1.635573926891605634e+00
1.597856259693365200e+00
1.407639051627965765e+00
1.367080907939701495e+00
1.310824003864678566e+00
1.283773310766450626e+00
1.307737678294007999e+00
1.458690408749895973e+00
1.448921816662065432e+00
1.540175352214660398e+00
1.525292173692069042e+00
1.525322274517417087e+00
1.514722090453152648e+00
1.519471372922053698e+00
1.473361278532130614e+00
1.498106590555324358e+00
1.504290342180719886e+00
1.517861224932669506e+00
1.554325994689721213e+00
1.572641910385818464e+00
1.545628339453902100e+00
1.475097717994526159e+00
1.518099602794059422e+00
1.537115377970487806e+00
1.551019953808630225e+00
