2.250000000000000056e-01
0.000000000000000000e+00
0.000000000000000000e+00
1.563056404876769223e+00
1.562406551631672302e+00
1.604227512800175948e+00
1.535978295910392699e+00
1.533432162550738775e+00
1.511675924021080197e+00
1.530479700568647905e+00
1.545980383787705525e+00
1.520421342555102528e+00
1.531877348281557083e+00
1.532541911077297314e+00
1.542902621649683059e+00
1.529179876386914216e+00
1.523157058520005602e+00
1.528950114190354981e+00
1.494007389735982239e+00
1.499527723162023207e+00
1.498197958077876590e+00
1.478433123415631156e+00
1.471574078333537816e+00
1.489298782719329584e+00
1.489380261382502457e+00
1.502842345369971078e+00
1.510519433579001980e+00
1.500456611058154976e+00
1.504957685370674314e+00
1.496207321744509988e+00
1.504744916699884971e+00
1.498999224207854475e+00
1.481297536796989389e+00
1.501806249739904731e+00
1.445772701631535595e+00
1.473507329357145235e+00
1.518044875911829683e+00
1.521974662496568209e+00
1.520574086500613653e+00
1.534067317305690681e+00
1.518944538268370836e+00
1.522151099037905908e+00
1.512063749070603924e+00
1.511913506990518963e+00
1.506459315491876394e+00
1.498725367251975804e+00
1.483585027564110925e+00
1.478484465833096895e+00
1.470221577339016372e+00
1.468528239159025972e+00
1.464001411359227900e+00
1.453009821012677616e+00
1.443287073029870582e+00
1.436767953944409149e+00
1.437730343623646823e+00
1.416413889234086509e+00
1.433081109447966295e+00
1.434645590933923520e+00
1.443529644028055836e+00
1.462320984263518975e+00
1.452843783914889331e+00
1.448689445003066734e+00
1.447171787450297842e+00
1.435411876079550009e+00
1.421758655777302094e+00
1.417589786968187271e+00
1.410640895325395494e+00
1.393576800143716543e+00
1.379639208847863285e+00
1.367632063055587155e+00
1.355701180615563661e+00
1.366821882138399058e+00
1.358752251770188657e+00
1.370508472768340980e+00
1.377586891875411057e+00
1.386672030796645139e+00
1.372496558305656311e+00
1.361218386141140435e+00
1.356557896165208277e+00
1.358365322452234514e+00
1.344196227483116735e+00
1.327666180765972870e+00
1.317049882003474837e+00
1.304504379588317775e+00
1.285193307920484029e+00
1.262001061130028745e+00
1.259667508730525132e+00
1.236121202698815091e+00
1.235187945412221433e+00
1.225566512489925097e+00
1.219827534501307653e+00
1.202294671788399327e+00
1.180428264225734436e+00
1.189169909938371017e+00
1.191598255490890601e+00
1.187773692609981113e+00
1.170276331276011161e+00
1.163847594070309022e+00
1.146982263839293470e+00
1.127020121644159545e+00
