2.250000000000000056e-01
0.000000000000000000e+00
0.000000000000000000e+00
0.000000000000000000e+00
7.268729643129447915e-01
9.777026650763404048e-01
1.090881384406384269e+00
1.069763827379188292e+00
1.081260826140481912e+00
9.495773037345925927e-01
1.109817778841081237e+00
1.149460398625530066e+00
1.161292958707078826e+00
1.125528412280454527e+00
1.150912689499726804e+00
1.152231187466378870e+00
1.167068301147631493e+00
1.152682637644677932e+00
1.132585516895465050e+00
1.146491446976974249e+00
1.149558931915561466e+00
1.137536485833609223e+00
1.139464950091312101e+00
1.169744569284156155e+00
1.186951028738415737e+00
1.179492963479737089e+00
1.184518676293917272e+00
1.183368873621077233e+00
1.188294982932158739e+00
1.191461266333923907e+00
1.205905454337308447e+00
1.206665656440776946e+00
1.203816936635248913e+00
1.230658561734137679e+00
1.230565119184924283e+00
1.226215134036150678e+00
1.233259323961685805e+00
1.228129277267174135e+00
1.215018099466433021e+00
1.217126563721461663e+00
1.235420245060325772e+00
1.240476067096707657e+00
1.231039532657513424e+00
1.234597869632672484e+00
1.230060964030213366e+00
1.233584017171212022e+00
1.231289739550599949e+00
1.235883074692990302e+00
1.233705202365741549e+00
1.225312828539426357e+00
1.227989370470214059e+00
1.238384259729037762e+00
1.227347223397032172e+00
1.224686225845313725e+00
1.232490464684204978e+00
1.216903723975879315e+00
1.211853943521426391e+00
1.229569609422154874e+00
1.232663135953903977e+00
1.226605975463144205e+00
1.210529281302997751e+00
1.194318362533041578e+00
1.200555349046708020e+00
1.198905691505853577e+00
1.213470481061794670e+00
1.226314897311160390e+00
1.226307009441686358e+00
1.243446407308971047e+00
1.242360355393181903e+00
1.237831813224039568e+00
1.250636238106358267e+00
1.254750795838460942e+00
1.250941159686737914e+00
1.239663102844713594e+00
1.232174543065083006e+00
1.212474707795882400e+00
1.200052525199726938e+00
1.197392155602201358e+00
1.195403798771823123e+00
1.197983575454339977e+00
1.207093751112939373e+00
1.206911474014032093e+00
1.212938758454506605e+00
1.205637526083821243e+00
1.208844753538546257e+00
1.208619261757777119e+00
1.205038729767003547e+00
1.201954827424462691e+00
1.200478374343844523e+00
1.207231189923704928e+00
1.203325548028262304e+00
1.202031264963928647e+00
1.201843534110000666e+00
1.202748715099328569e+00
1.202897529944362942e+00
1.207721377079947755e+00
1.212508559473569392e+00
1.205718642713359712e+00
1.198327332663833955e+00
1.198765227813096024e+00
