2.250000000000000056e-01
0.000000000000000000e+00
0.000000000000000000e+00
0.000000000000000000e+00
1.807012843780984312e-01
3.088156880687577543e-01
3.218647486164331606e-01
3.453448365297248079e-01
3.731422516195253558e-01
3.654354785274358530e-01
4.194209609557850160e-01
4.305973051375304728e-01
4.387071603893738514e-01
4.966941060847755995e-01
5.023379141284562976e-01
5.129920879149825197e-01
5.372964048108161972e-01
5.726732778652240397e-01
6.060456460614191965e-01
6.286986091428080625e-01
6.463561073492660736e-01
7.559696642493186625e-01
8.217945905557101360e-01
8.869449476442058389e-01
9.466675741745125272e-01
1.003539132246496379e+00
1.019501016671082061e+00
1.039113768961616779e+00
1.081756255492433150e+00
1.080428288358666666e+00
1.053961921167231530e+00
1.030969276022937198e+00
1.037278980652190707e+00
1.016330902000861958e+00
1.016578979233920821e+00
1.020720304345287044e+00
1.024413873076321702e+00
1.028266922168911135e+00
1.035348112837675805e+00
1.055102904330994296e+00
1.077533639569112411e+00
1.082975299705541739e+00
1.082622758369940374e+00
1.090463019988722859e+00
1.120578905064059105e+00
1.158140929956102072e+00
1.170116395244962693e+00
1.174987964666352802e+00
1.163403195721388617e+00
1.160393613610689156e+00
1.158603696360516189e+00
1.155051200113234477e+00
1.095746299843787019e+00
1.070274192202049335e+00
1.064991981291224521e+00
1.060762121563129101e+00
1.062813880731251270e+00
1.065297837457174657e+00
1.073416964013340413e+00
1.069733033211063278e+00
1.074101043682723855e+00
1.093994064495881657e+00
1.097570211268700024e+00
1.092567970959320123e+00
1.072358687704997093e+00
1.040333847669749900e+00
1.029224640064490659e+00
1.015967419469890887e+00
1.030708965934993948e+00
1.029512373610406151e+00
1.022364153041404711e+00
1.019192057889366065e+00
1.026552119837742083e+00
1.012258330299279807e+00
9.964876082035512006e-01
9.666013576212236780e-01
9.547566454073479481e-01
9.634660778831378725e-01
9.599108195111579755e-01
9.660832247515253046e-01
9.689668631605371507e-01
9.801357877778337224e-01
9.897080265699087498e-01
1.007515196920566014e+00
1.022046369050902292e+00
1.017260520223796316e+00
1.009862644145540500e+00
1.020707286337181552e+00
1.012437437144661834e+00
1.018737914252517474e+00
1.017834451062910484e+00
1.019637562139417142e+00
1.043882163813282693e+00
1.040791913645299660e+00
1.030751461121502288e+00
1.031357240438164347e+00
1.029186575801152692e+00
1.026525919686290589e+00
1.043338754171910354e+00
1.047401554094791853e+00
