2.250000000000000056e-01
0.000000000000000000e+00
0.000000000000000000e+00
0.000000000000000000e+00
1.990497804090809730e-01
2.462821876785333819e-01
2.460809626178975251e-01
2.487970460895140290e-01
2.772994774016633301e-01
3.065834520098635330e-01
3.046629363530863888e-01
3.307043511959910642e-01
3.668887815907856398e-01
3.706275964257728650e-01
3.687581896659329894e-01
6.419292696381077024e-01
6.681984671219705074e-01
7.864288622296008446e-01
8.110652357979479810e-01
8.217581531428974628e-01
8.326454542353926014e-01
8.550482352763001392e-01
8.433954525401868851e-01
8.552846676371823609e-01
8.572091420885756818e-01
8.628330825407735105e-01
8.374889316890374857e-01
8.081708493598009913e-01
8.301487118464219161e-01
8.464453360113144420e-01
7.718064017390049436e-01
8.967815552154961845e-01
9.140537339381409332e-01
9.402647871231271104e-01
9.624709298832904159e-01
1.001692688759463934e+00
1.076684762614629420e+00
1.092577144789796062e+00
1.108812942784554334e+00
1.116234819040559989e+00
1.127642371018845013e+00
1.131176877305805739e+00
1.141958547394791745e+00
1.151350837762334489e+00
1.184548078661975312e+00
1.207826792782655811e+00
1.220013772194098678e+00
1.227294922167773805e+00
1.231177685803672706e+00
1.238559677079279497e+00
1.248185673450886268e+00
1.252685194652563228e+00
1.253672152775938464e+00
1.266896643445077908e+00
1.267627531336966040e+00
1.259941414923034797e+00
1.255628091721579853e+00
1.241517848988831219e+00
1.231669499858871308e+00
1.225377240893365416e+00
1.223536487735426226e+00
1.210620406216230682e+00
1.196699953570524277e+00
1.186839727186710380e+00
1.175224926808431825e+00
1.165306670942323208e+00
1.162056341960937544e+00
1.160341970721182836e+00
1.158223743489071866e+00
1.153805792743277880e+00
1.154447812610838620e+00
1.164943740769732283e+00
1.164432915021147208e+00
1.166051860271327900e+00
1.166682133467826565e+00
1.161835108152081020e+00
1.160448842709061568e+00
1.159578915880643324e+00
1.156935643104378464e+00
1.160306804154268123e+00
1.155756275249532283e+00
1.154121336219767091e+00
1.148721921092950460e+00
1.145317301361830076e+00
1.145854893815861031e+00
1.130599100295524906e+00
1.139514829089093961e+00
1.142830175444506269e+00
1.149458538494956716e+00
1.156878315841596727e+00
1.152091663584564385e+00
1.157078493942244268e+00
1.151469289178807864e+00
1.142730948520381373e+00
1.137052401391515977e+00
1.150119199736555409e+00
1.158250848274709588e+00
1.157545167041650780e+00
1.155792210442078138e+00
1.143966028206217400e+00
