2.250000000000000056e-01
0.000000000000000000e+00
0.000000000000000000e+00
0.000000000000000000e+00
1.578851506463674337e-01
1.539747397671843987e-01
1.006198336608794403e-01
1.218655978644624521e-01
1.511855408232355147e-01
1.557200243083729507e-01
1.871486042295529562e-01
2.000481454739678477e-01
2.082276994195899344e-01
2.144393419635298170e-01
2.294316594648589946e-01
2.285533536131745536e-01
2.374743287518546186e-01
2.433331452854465282e-01
2.613915727847452297e-01
2.709280730378821889e-01
2.876991609907808556e-01
2.979330488817146239e-01
3.133825137811472872e-01
3.344217409160023524e-01
3.415343795269930038e-01
3.475964665229556716e-01
3.721862857410362380e-01
3.845244811482796954e-01
3.887236172727527861e-01
4.159595768085911915e-01
4.319928287284379720e-01
4.694088416340090331e-01
4.740133448002274430e-01
4.769960124871570617e-01
5.084605332020227797e-01
5.836051604715537522e-01
6.560668757575830456e-01
6.914448234076138178e-01
7.089468055573048266e-01
7.393572446928693420e-01
7.427385545511228093e-01
7.388361190903053322e-01
7.396429641155543022e-01
7.486947003737973727e-01
7.598058621223536813e-01
7.804126583566720621e-01
7.756395971228866593e-01
8.238216078932073527e-01
8.430363651822436744e-01
8.732458770165282269e-01
8.852636469651088413e-01
8.821711924554317408e-01
8.875671976472638836e-01
8.927613448860612921e-01
8.857094838096688516e-01
8.611818363213930017e-01
8.569799946987242123e-01
8.283347192476551157e-01
8.357628457378818432e-01
9.112120307333259062e-01
9.323471628405241018e-01
9.416026376349617699e-01
9.460855709366555732e-01
9.462115607451510035e-01
9.370171310677082310e-01
9.309422213344655805e-01
9.502831446491596390e-01
9.521432876471974671e-01
1.003269131117364932e+00
1.019914279825692383e+00
1.061102782403941402e+00
1.087954873048984528e+00
1.083275408816104957e+00
1.094693121759370946e+00
1.088205210202581208e+00
1.093401035733722049e+00
1.084371945142868388e+00
1.089320237394531210e+00
1.089462081186833187e+00
1.095637897409571737e+00
1.107058725020745094e+00
1.114732986694852768e+00
1.109417918664342251e+00
1.123481189964442351e+00
1.128833778593698600e+00
1.123053785287970285e+00
1.101770198386087918e+00
1.090141202031673862e+00
1.080212984135065168e+00
1.067150082542124068e+00
1.050368725969146100e+00
1.047984742376834477e+00
1.053335054575839536e+00
1.046896725962213504e+00
1.039690369538250891e+00
1.025767153550596333e+00
1.019943057111434070e+00
1.008404194354096228e+00
1.016892640517456980e+00
1.029837445288831033e+00
