2.250000000000000056e-01
0.000000000000000000e+00
0.000000000000000000e+00
0.000000000000000000e+00
1.623400076827304916e+00
1.555917247231729528e+00
1.559696886405492533e+00
1.562640346571260386e+00
1.472003533533364994e+00
1.377453881963262683e+00
1.348075962179746901e+00
1.268145150529427445e+00
1.295169637135631380e+00
1.360416505763497375e+00
1.334437903141889592e+00
1.283722336925781971e+00
1.247835545219039055e+00
1.242088593574751210e+00
1.182134842195451396e+00
1.226818657492788622e+00
1.203720046075856143e+00
1.212381089785821597e+00
1.196605283647878437e+00
1.129487659490341134e+00
1.051715578263939577e+00
1.031229304605856489e+00
1.096696111019851871e+00
1.130512846156747742e+00
1.157239242549992886e+00
1.183523922827194763e+00
1.174427128485281413e+00
1.149106488031737872e+00
1.111795217953713388e+00
1.070684538311432510e+00
1.048161647198007529e+00
1.040507197939813278e+00
1.045480803995699759e+00
1.048391090180023744e+00
1.072667987695913983e+00
1.114353255226083528e+00
1.119802212368526062e+00
1.094804815958994926e+00
1.094233133454712403e+00
1.092304724251975001e+00
1.085751738929393806e+00
1.112879665698302656e+00
1.129289279458731254e+00
1.131455993330072518e+00
1.144410492933269685e+00
1.151823177807865806e+00
1.138503947724128995e+00
1.151069589254410941e+00
1.143556794002755561e+00
1.144002402125333884e+00
1.134285590056770321e+00
1.131392090166566833e+00
1.127115515758610798e+00
1.119581908020752969e+00
1.112849532251951379e+00
1.109945398232878411e+00
1.116098287140422807e+00
1.106993132987013517e+00
1.107115590381815062e+00
1.111176523440793096e+00
1.108876119338058741e+00
1.116321003880932583e+00
1.123985221813229352e+00
1.132696389983296914e+00
1.135506159295846640e+00
1.145961044160038744e+00
1.140768706613970229e+00
1.134716120976405174e+00
1.128986596930506625e+00
1.132382819217125913e+00
1.141131834706597958e+00
1.153339315368890228e+00
1.155281771657558965e+00
1.147449933556331736e+00
1.142316956436932207e+00
1.139823456244839273e+00
1.135217787234161335e+00
1.135651652489562347e+00
1.141058576317925510e+00
1.148101061369687814e+00
1.147883722719829969e+00
1.148994649655682210e+00
1.143210226670312579e+00
1.146420957639262328e+00
1.140753945089094668e+00
1.144716152981817725e+00
1.144446857114655325e+00
1.154422124616636847e+00
1.155571245161568505e+00
1.155137885332225611e+00
1.154097452688664260e+00
1.154731151246246590e+00
1.148838255366300798e+00
1.145734824344609715e+00
1.141165418493922168e+00
1.144862553425217921e+00
