2.250000000000000056e-01
0.000000000000000000e+00
0.000000000000000000e+00
1.444575126668951881e-01
1.630573894173216187e-01
1.839522429089695543e-01
2.069298826851952988e-01
2.310019492514478190e-01
2.420425993396501663e-01
2.694969874601964022e-01
2.854631613862997908e-01
2.816685790171885029e-01
2.745495700448460918e-01
4.762086276076795133e-01
5.626155677336948102e-01
6.848213030592469330e-01
7.117012557462594202e-01
6.821265713054668334e-01
6.889187576836256488e-01
6.759313116203652383e-01
6.939659852978606880e-01
7.318770366256135418e-01
7.498602988572887762e-01
7.868262321343018062e-01
7.842872467421699856e-01
7.850313365529534293e-01
7.716838316229064354e-01
7.724121858688595132e-01
7.870274576381083298e-01
8.011836535209901911e-01
8.191402074389979582e-01
8.322720558223266618e-01
8.343448486533838748e-01
8.264848467838032953e-01
8.344789789063957741e-01
8.532050904890174925e-01
8.719815022863033338e-01
8.812002513055375852e-01
9.031048709329514423e-01
9.295041834189333718e-01
9.347749707096872918e-01
9.529194665573530454e-01
9.685166257342980867e-01
9.783556493745235727e-01
9.754393171391333439e-01
9.682781300748105613e-01
9.618052713849252200e-01
9.556008717932755747e-01
9.421954768696911842e-01
9.357852531780622707e-01
9.378520204130730287e-01
9.833873613963172167e-01
9.836609647450932359e-01
9.834801582078139814e-01
9.844729894915610346e-01
9.833243049974841332e-01
9.920759234051483855e-01
9.707114090594882727e-01
9.524264025379408638e-01
9.428957832776906356e-01
9.370437517950357398e-01
9.017370783067841788e-01
9.119198392890649485e-01
9.019344240467443985e-01
8.948007365776886601e-01
8.849722725390428701e-01
8.605074765460137831e-01
8.443782182652163071e-01
8.336019948414901126e-01
8.292981293862998760e-01
8.101900886257971113e-01
8.249372600082280904e-01
8.485916687382307755e-01
8.683745703360801205e-01
8.584370110854304681e-01
8.509557299853448553e-01
8.418829309289724838e-01
8.525717138404109718e-01
8.416719606041308532e-01
8.475298975781178079e-01
8.528228464653572205e-01
8.673696070571832450e-01
8.874778746726740275e-01
8.869442008245665976e-01
8.882833776377661028e-01
8.826783845676542395e-01
8.885901831505997883e-01
9.011370590557669091e-01
9.087942103433150898e-01
9.111717683293968362e-01
9.099756569253875105e-01
9.095021503179294697e-01
9.140069063344347100e-01
9.206031640558137719e-01
9.300516072131576051e-01
9.277015566717208284e-01
9.339456204556899621e-01
9.291533674585963354e-01
9.291883318571457773e-01
9.265867299759060760e-01
